	0
CAGTCTAAGTTTTCGGATTACCATTAGAAATTGATG	0.0419326128457929
CTCCGGAGTTCATTTGCGTTTACGTGTTCCTAGGGA	0.0481317657070083
GTCATATGGACCGAATATGCACTAAGTCGTTTGCTA	0.170847431422217
CGTGATTGTGTAGCCAGTTGCCGGAGTCATGACGTT	0.0343582446507978
GTATGCGAAAAATGCATGCATGAACGCCCGATTGGT	0.0733849198309557
ACCATAGAATATGGTAAATGGAAGGGACCGGTTCGA	0.0282491141081345
AGCATACTTTCGTCAATAACGGGTAAAGTCATAATC	0.19575300687183
TGCCGTGGTACCCTTTGGTAGATCATGTTCGATTGG	0.0123665614348726
GGTTTTCGCACGGTTTAACGAGAAACCAGCACTTCA	0.0344557422412313
GCGCATCATTAGAGGTATTCGTGTTAAGGACTAAGG	0.504289521874302
TAGTTATGTCCGTGATAACTACTACCGATGTAGGGT	0.1128585260613
AACATCACACAAGGTCTCTGTATTTGTTTCTGGATT	0.0742270601956599
GATGGTGTTCGTTTCCGTGCGACTAATGGCTTTGGC	0.319302616342297
GGGGTTCAATTCTTATGTTCATCTTAACCAATATGC	0.235338165277018
ATTTTGTAGAGGGTGGTTAGTAACCTACCGCGACCG	0.00530659313621156
ATTATTTGACGATATCGAGCGTAAATATCACAACGG	0.0302814861489017
GCTTGTCTTTCAGCCGCTCAAGCCTATAATACACTA	0.0239827848345666
CCAAGCCCTGCAATCCATCTGTGTACATCTTTAATA	0.0569081827226989
ACAATCTCATATAAGTACATGGCCACGAGGCATTCG	0.137131738156535
TTTAACTAAGGGGATAGATAAGGATTATGGCCCAGT	0.0184626298564771
CGCAACAGTTCGTGTAGCATTCAGTTCCGTACGGTC	0.000761094050454282
CGTAGGTGTCCTAACTACTCAGCGACAGGAATAAAA	0.00435534830184454
CCCATTAAGTCGATCTTCGTAATCGCACAGCTATAC	0.175196163892769
AATGTTTCTCTTCGCTTTCCATGATAATTTATATGC	0.26608409771736
ATTTTCTGCTAATTTGGTCAGGTAGTATCCGTAGAT	1.50225370089415
AGGTCATAGTGACAACACTCTAGTATAGTTACCAGA	0.167368318659347
AGCCTCCGGACCTCTGACACTAACACGTAGCCGGCA	0.00463783992571201
ATCAGAACATCCTGCAGCACCAGCATGAATAGTCAA	0.274912421588391
TACCTTGGGATCGGGAGCAGGGGCAGCCTCATAGAC	1.96248684752304
CGTGGGCAAAGAGACGTCTGGGAGTAAATAATTAGA	21.0062680374812
CATCGCCTTGTCGAGCACAGTGAATTCTGAAGTTCA	13.9855998302113
CCGGATAGTTTCCCGAGATGATGAAGCTGACTCGAA	21.0843136289836
AAATAGCGCATTAATGAAGAATTACCTGTGATCAGA	56.0163720959142
AGTCGCTGTCGCAGTAAGCGGATTGAACGTAAGTCC	17.0540845590152
GTACGAGATGACGGGGCATGCACTTCGACTAATCAC	28.6394258992156
CGCTTTCCCCCATGAGCAAGAACAACTCAGGCCCGA	11.2365078264889
GATGCGTTGGGACGTATGATGTATGCACTTACACGG	12.826658250664
GTCGCCTACAATGCCAGGTCTAGGGGATCTCTCAAT	0.106850838980509
CCATTATTCGATAGACGATAAGGCAACTCCCGTGTT	0.207288870521454
TACAACGACTTTGGGCAGGCCTTATTAGCCGGGCGT	0.292400059116669
GCTAATTCTAAAACCGCCCCTGTACTTGTACTTGGT	0.00728721031621139
GTGCGTATGATACCGCACAATTGACCCGTAGGACTG	0.143165611187593
AGAAACCGCGTACTAAGCATACACGTTACTGACTAT	0.0417076732962497
CACTTGTAACAGTAGCGTCTGCTCGTCGCGAGCGCG	0.0108877638300581
GTTCTCTATCTAGTGAGACGGTGTTCCTCGTTAACG	0.319655889675798
CGGCCGTCGCAGAAGTTAATAATAATGATTTACAGA	0.346488701638426
AGATCCACTGCGGTGTCCCTATTTTCCGCAAAGCTT	0.0828039445976781
CTGGTGCGCACGTAACCGTAAAACACGGGCTTGGGG	0.0180541815081223
GAGACTAAGTGACATATTGCGAGGCCGATGCAGGTG	0.252577060921974
GTCGTACTCGCGACGCTGGATTAGCTCCGCCGACTA	0.0397813540080251
ATCACTATATAACTTTGCCTTCGCATTGGTGAGCGA	0.0474119341340927
ATAATGAGGGAAAACCTATTATTTCGTCACGTTTCC	0.166624693786417
ACTGCAAACGAGATGTGAATATGGGACCTGATCGAG	0.0700764980221199
ATTGAAGTACATTTGGGGCTAGTGTTTAGTTAAGGT	0.0996653016038143
AGTGTTGGTGGTCTACGCTTATAATCAGCCTCGGTT	0.252595103587674
TAAGTCTATAGGTCATTTAACCCACCACTCATGCAG	0.114650031128143
GTCTGCTTGTACGATAACCATAGTAATTGTCTACTA	0.52965149422666
GTATGTCATTTGAAGACATGTACAGGTGAATTGACA	0.090685078494737
CCTGGCTATATACACGTTCTCATATTTACCTGCTGA	0.105666904905546
GTTCGCGGGTCACCCATTACAGGAACCTCTCATACT	0.0503206327325273
CACACCCTCTAAGGTTGATATAATCAGTGAGTATGT	0.176217316893014
GTATTAACGGTCATTTCCGGTTGGGCCTATATGAGA	0.070423807870627
ATTGGTCTTACATGACTCATGCTCCTGTCATAGCCA	0.0384531552999432
ATCGAGAATTTCCACATGCTGGTCGTAGTTCATCTT	0.0284986449198401
AGAGACGATGATCACCTCTGCGGGCCAATAAGGAGT	0.0215781786387225
ACGCCGAGATAATTTTAGCTTCCTATTATTCGCAAG	0.313573584651963
AAGTATACGTCGTAAGTTCTATAGCAATTATCCTAA	0.262204130626488
TGAGTCCGTATTATCGTTCGATCGCCAGTAAGTCTA	0.149895773120193
ACTATGTTCCTCACGCTATGTCGTTAGACAAAGTAG	0.103164399323729
GCTTGTATTATGTTACTTACCATTGGGGATATGTCA	0.508507968968093
GTACCTCATACGAAACCTCCGGTCTGTCATGTATAG	0.0768363823522013
GGGTACATATCAAAGGGGCGCAGACAGTTCAGTCAT	0.172982974571185
TTCACTACTCTAGTGCCTAGCAGACTATATAATAAA	0.035452285318945
GCATGCGCCGATGGGACTAGGTGAGGCATTCTGTAG	0.147171122039495
CACGACAAAGGTCGCGAGCAGCGTTAGGAGAATCCA	1.8210078536001
CCTCGTGTCGTCAATTGCGCTAGGATAGGTAATTAT	41.6398656836147
GTGGCCACCCGCCCAACCCTCCGCAATTCATCAACG	10.7251630915993
TCTAAGTTTGTAATGTTCCGACCTCCCCTCTCGGAG	14.536682009111
GCCATACTAAATACTAAGAATTTGAAGAGCGTCTCG	20.9851495799639
GCACCATTCAAAGTAACGTTAGCTCCCCGCACGGAG	13.848919341345
AACGCAACCCGTCCGCGTCATAATTCTGGGATCCTG	0.00987585065795085
CAGCCCGATATATGAAGGACTTGCTGTAAGCAATTA	0.228346432843005
CCCGTCATATATACTCGCGAAATCCTAATAAGCAAT	0.394874948955646
CACCAATAGGTGCATCTGATAATTCACGTGGGCGTG	0.371496007288343
GCGGTCATAAGCCGGATCTATATTATAGGTTAATCG	0.299454307497063
GTGAGTGGACATTACATCTCCGACATGGAAGTTATG	0.235439765595241
GGTACAGTAAATTGCAAAGACCTGATCTGACATCGA	0.350610984404819
GAGATTGGCATTGGGGTAGCTCTGCTAGGGCGTGCC	0.0565527148233601
GCGGCTAGCAATACCCGCGCCCAATATAACCGCCAC	0.0312104175113743
GACCTCTACCATAGCAAGACCGCCGTGCACTTACCT	0.220936085743515
GTAATGGATTGTTTCAAATTCTGCGCTGGTGATCTA	0.0967200039374549
GGGGATTCTGCGCGAACCCTGTAATCGGCCTGAATT	0.0419326128457929
AATTTGCCGAGAAGCCGATTAGGAAACCGGTTTCGT	0.021874603184524
GCCTGACGGGTGTGGGTCACTTAAGTTACCTTTGGT	0.0379527025294176
GATATTCCGGCACTAAGTGTGGCCCCAAGCTGCATC	0.159294701013203
ACGCTTATTGTCTTGTCCTCACTTGTCGCCGCCTCT	0.179519293133314
CCTACACACACTCGATCCGTTCTACGTTGATAATAG	0.182496791322831
ATGTACTAATTTTCGTTGACTCCCACTTGCATGTCG	0.498021569294277
TTGAGTATAATTGTTTTCCGTGATTGCTTAAGTCTT	0.599736596689726
AAAGTTTTGCGCCGTCACGGTTGTTAGTCATGTAAT	0.0255505973397638
CAGCCTGCCGGCAGTACGTAAGAGCGTCAATTACAT	0.113607052782071
GTTGAAATTAAGTCCCCCCAAACACAGTTCCTCTCT	0.0444852716506622
GGAACTACAAAGAGGATCCGTGTTCCAGGGCCTCTG	0.00551116483029867
GTGGTTCTGCTTCCTAAAGCGTATCATATTGCCTAA	0.0057586479026044
CCAAGCTCAGTGATTGTTGTCTGTCCTATCGAGACA	0.00324199961744762
GGTACCTTTCAAACTCGCGAGCTCTAGCGATATCAT	0.00542369799500861
AACTGCATTGGTGCATATCGATTGGAGCGAGTTAAG	0.101603952262185
CCGGGACCGGTAATCATGTCCCACCGGTCTTTGGAC	0.165027578601928
CAAAAGTCAACTCACAAGTGACTATTAGACCCTATC	0.00318542052192058
CAAGAAGTCATATTGGCATAAGGCGTATTAACTTAG	0.115777971671139
CAGGGTCATTCATCTTACTTGTGAAGCATTGATCTC	0.00208866885588251
GTTGGGTCGTGCGAGATAAGTGGAGTAGCTTTCATA	0.0850818366471354
TACCACGAGTCAACTTGACTTGTTCATTTTCTGTTG	0.0430630820726953
GAATGCCGCGTGTCCAAACCGCTAGGCCATGCCCTG	0.705980399027675
ACGCTAGCGGTCTCATACTGTAAGATCCAACCCTCA	2.17251751891382
GGGGTTGTCTGTGAGCCGGGGAAGATATTTGGGGAA	10.5764538165277
TCGACTGGGGATCATCGAGCGAATTTAGTTCCATTA	20.673737012194
GAGTAAATGGGGTTCCAACGAACGTCTCTTAGGGCC	25.3296955253722
TAATGCATCTGAGGGCAAAGGTACAATGTGCGAGAA	15.0744416991453
GGTGAAACTTGCCGCTGAAGTTTAGGATTCGTATGA	17.9777017111688
TAGAGCTGCTTATATAGACCAAACTGCAAGTTCCCG	13.6414774713132
TCCATATGACTTCGCTAGGTCTTATCCCCCAGCGCT	13.0582808097489
GTGCACGGCCATGCAAACATGGTCCAAGACCGCTCA	6.49354204923181
CGGCCTGAATTTAATACTGTTGCCCCACGTAGCCCT	0.00965093587674635
GAATTCGGTTTGGTACCATCTTTTATGCCGTATTCC	0.0709460700486271
TACCTAACTGTATAACCTATCCCAGCCAACGAGTAT	0.0156259844202125
ACTTGTGAATTGCATAACTTCCTAATGGCTAGTTTC	0.23728833056146
CAGCGTAATGTCAAAAAATAGGTTTCATTAATGGAA	0.12034721686561
CTCACAATTCGGATGGCAACGCGCGTGTATACATAT	0.0549295665430295
ACACGATCGTTGAGTACGTCTATAAGGGCGGCGGGC	0.0846899481195121
CGCTGGCACACCGGCTCAATAACGACATCGGGCAAC	0.0388749844981776
CAGGTCGCCCACTATTTCCAGCAAATTGTATCGATG	0.0706694574317023
CTTTTCTCCTCATCAGAACTATTGATGTCCACATAC	0.0805855587121321
AGCACACTCACGTCTGTAATTGCCTCGAGAATTAAA	0.567599037086237
GTCCCTCTTACTAAATGATAGCGCGTAAGCGAGCTA	0.00631029738510806
CGTACAAGGGCGCCATATTGGATTACATGCTGGGTA	0.102543885528458
GAGCAAATTGCTAGTGTTACTGCTAAGTAACAGCTT	0.232344627552154
CGAGAGCTATTTACTCACCGTGTTAGGCATCAAACT	0.0428329758079152
CGTTGACCAGATTTCTTTCCAACCAATTGGGGCGAC	0.015359271442514
TAGTCCCTAATGTGGGCTCCGATGATTTCTTGCACA	0.177966496216033
GACCCTAACTCTACCCGAAGGCGGTTAATCGTAGTC	0.0543939624688112
ATAGGGTAGGTTTGCTAACACGTCATTCTCTATGTT	0.0412331315522793
GTTTAATTTCACTGGGATTCTTACGATTGTCCATAG	0.166436291649812
GAGGGCGTACAGAACGTTCACCAGCGCAAGTTAATT	0.165292903921416
GGAAGAGAGGTGACTAGACATCTTATCAATAATCAT	0.0310810781651504
GGATCCTTATGACATAACTTTTGCTGTTGTTCTTAG	0.154354730985368
CGTCTCCCCCCATGCAAGCGTAAATACCTAATTATT	0.283181346419581
GTCTAGTACAGGATTGGTTACCGAAGAGAACGGGAG	0.0251955900419463
CGGAAATCTTGAATAGCAGTCAAGCTAATTAGTTGT	2.06524539994051
TCGAAGCAGAAGTGCTAGTATGTAGTTCGTGTCATG	0.0277914818509866
AAAGGTCTCCGCGTTATCTACGCTCGGCTGACCCGA	0.100445005189034
TGTGCGTGCGATGGTGGCGGGAATCCCCCATCTATG	1.63625865191377
GTATTAATGCTTGTTCGGGCTAGGGACATCGGCGGG	15.1462701448318
TCCAGACTCAACGCCGCAAGAGGGTGGCATCGGAAC	9.80732234773985
CCCCGTTCCTATTACAGCAGATCTAGTGACCATAAG	21.7966641544104
AGAACTCGTTGAGCATATCACCATGTCATTAGTTGA	39.2671094514175
CAGACACGGGCGAGGTAGTAAGTAGGAGGTGGGAGC	15.826825235402
CGTAGGTTGCTAGCCCGTCAGCATCTGATGTAAAGC	15.6574378808407
GAACCGTACCATTTTGATCCTACTGCCGGTTGCAGA	22.7204543253695
TGCCCCATTCTTCGGGCGACACTGCGAAGCCGTCAC	8.08111931411022
TTCTACCTATTAGTGAGTTTAGCTATGGGTGCCCAC	0.563727543847054
TGTGGGGTATGAATCGTTAATCTGCGGCATATCGCG	0.372507532549562
ATACGACGCATTATGGTATTTTACTGTTCAGTAAAG	0.23217255339036
GGAATTACGTAGAGCGTCCAGGACGAGATTCCACAT	0.104358154944497
AGTATATCCTAGGGCAGAGACGGCCGTTAGGGGACA	0.00313676817362628
GACTTCTAATACAGCTGCCCTTTGTACATTTGACCG	0.33201620546302
ATGCTATGAAGCCTTAATGGCCGGAGATTGAAATCC	0.282924751522513
AAGCAGATTAAATCGTCGACGGGGACCTCCCCCGAG	0.147784698143459
ATACGATGGACCATACAAATATACGGAATGTAGAGG	0.0813996566206299
GAATATGTCCTGTAGAGACCTCTAAGATCAATTGGA	0.132298581990334
AGTAGCACTACACCGCACACATGCTAGCTGTTTCTG	0.0765427906479197
ATGGAGAAAGTAACGCATCACCACCCATTAAGAATC	0.0337818908241108
ATGCAAATTACTCCAAACCGTATCTTCCTGGAGCAA	0.270859169044088
GCTACATTATAAGAGAACGCTCTCCCACTTAGTATC	0.14091332799576
GGGTAAAAAAACCCACAGCGCGGTCCAAATTACCAC	0.0847986957606676
ATTAGAACAGATTAGGTGTATGTGCCACCTTCGGGT	0.207022504112655
ATTCAATTAAGGAGCCGTCAATGCAAGTGACTCCCG	0.673215277237123
TTAATCATTAGACTGCCACATGGCCTCCTGGAGATA	0.0190953467503156
TTGACAAGGTTAATAGCATGCGTAATGGCCCAAGTG	0.69998060398176
GGGAGGTTTCGGACTCGACGCGATAAGTAGCCGCTT	0.781177826500862
TCACACTCTGTACAGGCGGGTTCCTAAGTTCGAAGC	8.45832109081129
TCAGGGCCTTCTATTAAAGTAGTGCACGGCGCGTTT	14.4268143595202
TCCAGTGCCAGTGTTGCATCTGTCAAAGGGTGGCCA	14.5989000809925
CCGGTTTGGCGAATGAGATATTGGGCAGCGTCGGCC	17.8479780398679
GAAATACCCACTGAACGCGAAAACATTTTATTAACT	23.0209938225203
ACTTTAGGCCTGCGGTACTCTTTCACAGAATAAATA	13.3703703327797
TCGGGTAAATTACTAGAACTACAACAGACCTGCGCC	32.6924173350509
TTAAGCCGGGGCTGAGGGAAGATTTAAGGTATACGA	7.07585636373872
AAATCTCTCGTCTCCCATAGAAGCACAATTGTAAAA	6.16142564807171
GCTATGGATTGAACTCGGCGCGTCGAGTTACGACAC	0.143170169816839
TGCCTATATGTTCCGATGAGATCGCTGTCGAGACTC	0.049391831451708
TACTGCGGTTACCACCAATCAACCAAACTATCCCGG	0.0266825688913298
GTATGTTATTGTAACCCACGGCTGCAATATAGCCTG	0.13068495262183
AACGGCGACCTAATGATAGGCTAGGGAAGCTCTCCG	0.0995758183946069
GGCAAACCAAGACATATAATCAAACTTCAGGTAACG	0.0182530022844972
CCACTTAAGCCCAGGGGCGAGTTTAATTTGCAGACG	0.284330607897345
CGGGGCGATAAGATATAATCGCACCATCTGAGGAGT	0.0203507100221832
GGTGTGTGATTGAGCCATTTCAGGCTGCTCGGAGTC	0.18595395051313
ATAGCATGGGATATTAGCAAGTCAGGGGTCACCGTC	0.230866546373257
GAAGCCACCCTATAACCTTATTAGATAACAGATGCG	0.62878991830425
GAGCTACCACAAACCATACTCAAAGTGGCCGAGGGA	0.0129146082722285
TTTTTATTTAATGTAATCGGGAGTGTTCTACCCGAC	0.0668211333219239
GAACAGGAATTATTTAATAATTGTGTGACGCCCTCG	0.6702791870232
CCTATCTTATTCCCACGCCATGTGACTAGTTATGGA	0.0240531876136329
ATGGTTCTGAATCACCTTGTTGTTCATTCAGATCTT	0.00101366952975914
GGATGGAACGCGTTCTCTTGGCCGGGATCTAATTGG	0.750167903951675
AAAGTAGGGTAATGCTTATCTGGCACACGTTACGAG	0.0104834832374409
CTGCCTGATTTGAACTCCCTAAACTTATGTAATCAT	0.0570375544946399
ACAATATCACCCGCATTAAGGCCGAGAGATCAAACT	0.205653609079113
TCCCCGTAATAGAATGGCTAGAGGACGTCTCTGTGG	0.0451712052223187
GATGCCTGGTGTGAACGTACTAGTAGTCAAACACAT	0.0172766854525845
ATCTTCTAAGCAATCCTTATCAGTTACTATGTAACA	0.00097963499707907
GATTCAGCTAAACGGGACCTTTGTCAACACTATTAA	0.011723116091299
CCCAGCACGTTATTCATCATGACCAACTCGCGTACT	0.100094261856767
AATATATCGGAAACAATTAGGAACGCGTCGAGGCGT	0.406640881412133
GTGCTTTCCACACGTCGGAAATTGGAACGATGTATT	0.042854784978495
CCCCCGTTATTAGGTCTTAAGTATGTCTTGCAGCAA	0.354750895539632
CTGTGCAGTGCCGTCCGTCGCGGCTTGGGGCTATCA	0.022219441407044
ATGACAGCCCGTCGAACAAGTTTCAAATCGACAACG	0.518488146527861
CGATGGTTATACTATTCTGTACGAGGTCATAGGAGT	3.32865857578246
TTTCGAACATCGATGACCCATCTAGTAGGTACATCA	17.7273895033147
TATAAATCCCCAATGCGGAGGGAGTTCCACAAAGGA	11.7934886041521
ACCACTGCACGGCAAGTCAGTAACGCCGGTTGTGTC	18.6360985308604
TAGGTGGGCAATCGACTACATTTGATGCCTAGTTAC	16.7301711932647
GGCAATTACCGTGGCTTCACGATCTCTTAAGCCTCG	23.9067485307466
GTCGGTTGATTTAGGATTAACGATATGGGTTACTTT	0.436117559407052
TGTCCGTGTGCCTAATTAATTTACATTGACCGTCAC	2.16755520316999
ACTCCGTGGGAGATCCAATTAGGCCGCTCAGAAAAC	1.21051858209669
CAACTAAGACACAACATTTTTCTATAATGACTTCGT	0.113583099416439
TCAAAGCGTGATCAAATGGGGCCAATCATTAGCTCA	0.230696224460434
CCTCTGCGTTGGGTATGGAGGTGGGGCGTGAGATGA	0.0319175699573851
GTACTATCAAGGATTAAGCGCCCAATTGCCTGGTCA	0.291205655436535
GTGTCCTCCATCCCAGTTATACGGATAACCAGATGA	0.107522827188204
ACCTCCCTTGTTAGAATCTTCATCGAGCATTAGCAT	0.103839109485712
TCCATCGGGTTATTGCCTAGTATTAGCCGCTATCAG	0.0324622076098475
GAGGCCGTAATCAACTATATCATTGGGCACCCACGT	0.451562220919564
GCGTGTTGATGACTACATATCTTGATAATTCCTACC	0.195763445361889
GACATCTTAGTGGACAACACTGGCTCTTGGTGGAGT	0.0330177444815562
CCTAGGAATTTAATTAGTCAGTCCAGACATCGACCG	1.19383224115926
AGTATAACTGGAACGTTAGGCCCGACTGCTCTATTA	0.0783477456458705
CGGCTGTGATACTACGGCAACCAGTAATTCAGTTCG	0.0570042832781733
GCCAATCAAGCTTACGGACACATGATTAGACGGGTT	0.249987747476308
CCAGTAAGTTATGTCTCACCCACCTTAAGTTAGAGG	0.0209533197262168
AATCACAAACATGGGTTGTTAGCGTATCACTAATTC	0.686341430891761
AGGATATCAAGGGTCGAGGTTCGACAGTAATTTAAC	0.0117304959764373
TGTTCAAATTCATATTAGATGCCAATCTAGTGGTAC	0.113908432722164
CGGTAAGTCGTAAATGGGCGGATTATGACTTAGAGA	0.122219715244378
CCGCATATTAGGTATCATGTTTGGCTGCAAAAATGC	0.281312433320155
ATGGTTCATATTATGCAGAATTCCTAGTTGCTAGGC	0.166523067443081
GATATAGTTCTGATTTCTTCACAGGTCCTAAATGCG	0.0861046128251054
CTGCTCTATTAATGATGTTTTCTGTTTACCTGAAGA	0.755926598052647
ATCGGTAATGACTCTTGTGAGGCCAAATCAACACAG	0.439305436363232
GCTCATTCAAGTGGAATTGTCTTTTAATCGGGTATG	0.133133459517262
ACCTGTTATCTCAAATAGATAAGTGCCTGGCCCTTA	0.185140832732104
GGGTCGTTACTATATGGCAGAACGAAGAGCCCACAC	0.0311635029065474
TCAATCTTATTTACATCTACTCCACCTAGGACTACT	0.159731027432014
AACTCTGCAAAGGCGTAGTCCCTCTTGGATCGTTAT	13.8626384040105
CCCCCTGAGGGCCGTTTGGAATATCGACGATCGAAA	10.9942918994359
AGGCACTGGGTGCCACGAGGGCGGTCATGCGCTCAC	10.03249931428
GCGAGTAGTTACACACAGTGCATATCTGCCCTACCG	24.9172877063127
TCTGTTTCAATTAGTGAAGTTGCTGCTCAAGGCCCC	65.8979396155232
TGTTAATTATAGCGAGCTAGAAGACTGCTGGGTAGG	45.517791800028
GTTGCCTCCCGTAGATATACATCTCCATGTGAGCAG	11.8737022632391
TAAAAACCCTGGAAATATTAAAACGGCGGGGACGTT	5.03051204067311
AAGGAGTATATTTAGGAGGTTTCTAGTAAGTCGTCG	0.0445214329290708
GATTGTATACCCCATGACTTCATGCCTGAATTACCG	0.327250663400235
GACGTGCGATAAGTCATTCATACCGGGTCTGGTAAC	0.033170646151199
TTTCATGAATCCAAATTAATGTTTTAATCATGTGAA	0.61887711341962
TATGGACCATTACCGAACACTACTACATTAAATCAG	0.28475889888441
CGATAATGGCGTCGTAGTGCCGCTCCGGACCCGACC	0.0328987474309224
CGCAAGGATTATTATTGCGATGAAGACCAAAGAATC	0.0236407243282219
ATTATTGGCAGACTGCAACTCATTAATCGTTGAGGG	0.647628423439314
GTTGCAGCAGTCAATTCGTGTTGTCCCTTCAGCCAT	0.124095001990676
GAGCGTAATTTACAAGTCTGGCCAAGTTATGACAGA	0.510669970313055
CCGCTCATTAACTTGATCTCGATAAAAATATCCACA	0.556013218146929
AAAGCCGTATAGCCTAATTCAGGTATTGTAAGTCAG	0.233647738682161
GATTTTGCCGTCACAAGGCGGCCTGTTGATTAGCTG	0.185497504107416
CTACATATTAACCCACTTGAAGTTCACGGCTCAATT	0.224852886374816
CAATCCGCAGCGTGTCTACTAATTCGCGCAACATGT	0.591199611982925
GCTCAATTGGTGCCGTATCTACGAGGCAGACGCTTG	0.0400604386260516
AGTATTGAGTGTTTAATCGAGCGTGTTACCCCCATA	0.24918109293722
ATCTGGACCACTCGATCGTGGTAATGTGACATTATT	0.210010289649489
ACATTCGGTAATCTTCACCAGGCTGCACCCAGGTCT	0.0219825345374172
AGTGTGTAGGTTTCTTATATTATATACCTCTGGATA	0.0319718370049528
ATGTAAAACATATTGGGTCGCAATTTCGTACAGGTC	0.0464715666945904
CACGGAGGGAGGCTTTAATAGATATCCAATCATCAA	0.125768964764081
GAGATTACCGTAAAGAACACAAGTCAATTATACCAC	0.598918382806658
GTCAATGAATAACTAGATCGGCATACTACAAGGATC	0.115113503022053
GGTCATTGAGCAAACAGTTTACGCACTTCAGCACTC	0.00852312732106741
TTTTCCATTATTGCGCCAGTTAGCAGTACCGATGCC	0.162176434624352
TGACGTTAACAACCTCGTCGCGGCGCAACTCAATTT	0.170058051946768
CCGCAATCATGGGATTCTACATGATATCAGGTCGAT	0.0727367253295781
GGGTACGAACCTGGGACTTGGCTCCTGGGTGACGCT	0.0666208758271335
GGATTCAGTTTAGTGGATGCATAGTCCAGTTCCACA	1.40541673776495
ATTGGTCTGCGTCCTGCCGCGCCTTCTGGCTCACAC	1.92116136819847
GCCCACTTGTACATCCTCGATTCGCCTACATGTATT	31.3721100011699
AGGGGCGATTGGAACAGGTACGGCCATTGAACTCAC	15.8555891257991
CCGCTGGTCGCGTGAACGGTACTGCGCATCTATCAC	14.7245826908954
GGCTCGTAGTCAGAATACGTCTTTGCAAAGCCAGGA	13.270826167042
CTCTCCAGTCACGAATTGCTGATCGAGCACGAGTTC	14.3672775219075
GCGACCCCTTTACCGACCTTATGGCAGTTTACGAGT	7.09478725822854
GTGTGCCAATATACCATCCGGCAGTCACAGTCTACA	0.0228449595716525
CCATGCCACGTATAACGATTGCATTGACGGCAGTGC	0.0618792190066858
TCCTTCCCGACGGACAGTGCAATCTGATTATCACGT	0.000329739629753328
GTGGCAGGTTGCGTTTGCACGTAATTTGTCCCGAGC	0.196466115070964
TGTGATACATTATTGGACCTTACGGATCCACCGGGA	0.259463647079025
CGTTGCGCAGAAGTACCGGTTGATTGGAATGTTACA	0.049239537907593
CACGTGTATCGCCTTTACGCAATGAAGTTATTCAAT	0.0166371993261716
ATATTTATACCATCTCCGCATAACTTATCGTGGCCT	0.0150553981004602
TATGCCATCTTCCAATGTGATAATGCTTCACTTAAT	0.0333422450336548
GACGCTCCATTTTGTATTGGTCTCATGTGTACCTTT	0.150989543762005
CACCGTACGGAGCTTCCTAAGCGCGGTAATTGAATT	0.611226853307322
ATGGGACAGCTCGCTATCACCGCATTAACTAAATGG	0.168409581476833
CTTGCCGCATCCAATCAGTGGAGCATGGGGTGCTAC	0.165371154713433
CGAACATGGCTCTCCGCGCGATTAGATCATATCTGA	0.0106173489220483
GGAGTGGGATCCTAACTGTGATTATTCTCGATATTG	0.187907658789259
CACGACTTGTGAGGTGTTCCCCACTATAATTCATGC	0.0332484450045242
ACAGTACTTAGGACAGAAACACAGTTAACTCATATT	0.00481991640307448
TTTGTATCAATTTGGAAACGGTCTTGTGGGGAGTGT	0.0929101881244339
TCTCCTGCACGCGCTGACCTCCCAACTAATTCAAGC	0.0534961816579589
ACTTATATTCTCGACTAATAGTCTTCTTGATGATGG	0.398056724573893
GACTCCAACTACCACCTCTGACGGATCTAAGTTTGT	0.0778372201901668
CCCTCATCTGGCTCGAACCTGCCGTGCAAATAATGT	0.10168349979418
GGGTAGGTACGCACTTGCTAGGTTCTTGGTCGGTCT	1.79240716579128
TCCGCGCGAAGCTGACGTAGTGCTTCTTGATCCGTA	6.79241769428515
CCAATCGTATCGGTCCCACCGCGAGCAGAACCTTGT	14.7843773814904
GACGTTTTTTTCCGCGCAGTACCGTGTATCGGAGGC	13.4746416949233
CGTAGGGATTAAATGGAGGAAACGTATACTTTCTAC	16.1656614058286
AACCCCCTCATAAGGACACTATAGCCCGTCTTACCG	12.4236291999102
GTATCACATAGCACACGTGTCGCAGTGTCGTAAGTG	20.5921820338613
TAATAGGTGATTCGACATACGATCGTGCAGGGACAC	10.5146254436989
TGCTAATTACACAGAAGATGATAATGTCGATAGGTA	1.68980436061622
CCATCGCGCCTAATCGAAGAGCTAACGGAACTTGTA	0.546920673287582
TGTAGACGGTAATTCATATCTCTGACAAAAAAGACA	0.105589300542263
ACTGGATAAGGAGAATTAAGGAAGGCGTACTGGCTA	0.144111102334734
ATAGCCACAATATCGACCAGGGGATAAACGAGCCCT	0.040216746786031
CCCATCCAGTCTGTTAATTACTCGTGGATACCTAGT	1.71553058120493
TCTATGGGATTCGGTGATAAATTTATGATCCGTTGT	0.236331865199284
GTAAACACTACTCTGCACATTCGCTTTTCGCGAACG	0.0408191582798467
ACATATTATTCCTAACAACCACCACGAACCTCGCTC	0.373617400334678
AGGACCACCAATGCCATTAGCTCCAGGCCTTCTGCG	0.0151585308642657
ACCTTTATGTTGCTGTGTTCGCGAAGATAAATTATC	0.155277163257524
TCAAATTAGCGAGACATAGTCCGAGGGACATGAGCC	0.121378413253822
AGCTGCGTATTAAGGGCACAGATAGCAATTTGAACT	0.122625706855359
GCTCGCTAATCCCCCGCGTTGGAGTAGTGCGTAGTT	0.0303450953621585
AGTTTTAATAAGTTGGTATAGTCGCGCCGAAATACG	0.344080983067893
CATATATCCCCTAGACGCCTTGATATGTGCGTGCAT	0.0177567465585524
GGACAATGGTCTGCAGCCCCTATCCTTGTCTGTGGC	0.0360208937761254
CCGGTAGGTATTCATACTATTAAGTCTTTCGCACAA	0.0130250114658289
ACCAAACAACATTACTCACAGGTTTGCTCGTGGTTG	0.114378058648473
AATGCGTGGTGGTGTATTAAGTCCAAGTTAAAACTT	0.0308446364415576
CAACGTTATCTGTTAAATTGTCTCCGCTGATCGATT	0.345162140341839
TTCTTGCAACGACGAGACGTGCCTAATGGGCAGAGA	0.123815468674007
ATCCCCGCCAGATAGTGGTCTCGTTATGCTTCATGT	0.0175566171944341
TTCGTTCGCATCTAATACGTCTAGTAGTAACCCATT	0.106530517213523
AGAGGAAATTGGTCATGAGCATGAAATACAGGGCTA	0.166896801463886
CCGGTTGTCGATTAAAAGTACCAATATTCTCCTTCC	0.470898049942509
CATCTCGCATTTAAGCCGAATAATCTCGTTGAAAAT	0.424344802537203
GGGAGGAAGTATGTTTACAGGGTACCAGGAGTATTC	1.34563405250573
TGATTAGTTCTATGTCAGACCGCGCGCCTCGGGAAG	2.13736239876762
CCGGGTTACCGGAAGGATAAGCATATATATTTACGT	10.1333068407744
AGCTCAATCTAATCGCGCATGAGAGACAGGTTGACG	20.6221682223385
CGTAATTGATACTTCGAACTAGGTTTTAGACCGAAG	36.1196151400456
AGCAACGCTGTCCTGCTGGGTTTTTACGGTGACAAT	7.73147811033111
GCGCGATGAAAGAATCCTTAAGGAGCGTGAGTTACA	5.65609336527208
GAGTCTATTTGACCAATTCTGCCTTGCGCGCCGTCG	0.901075938441862
TGTGCCCCCGGAACCACTAATGGTGTTACTTGTACA	0.00460354632793378
AGGTGAGTTAGTTGTTCACGCAATCAGTCCGAAGCA	0.0524997834736326
ATAATGGCCATAGGACTCATCTAATTTGTGGTACAT	0.705096873565469
TGATCAGACAGGCATATTATGGCTCGATTCTCAGAC	0.0672503410558525
GTGTTGCGATGCTGAATCTTGGCGGGACGGGTGGTC	0.010030337537961
TGCATTTCCACTCGCATCCTGGTCCTCATTGCGATT	0.0359633104424273
GAGCCTGATGCGCATGACACTCATAATTATTTGACG	0.500885875368549
GGCTTCGGGCGTACACCCAAATTACAGTGCGTTTTC	0.0466972225525151
CCAGCGCTTTATTAGGCATATAAACGCGTCAGTTGT	0.476734394893364
GGGCGATTTCAAAGTCAATTTGCATTCGTCGTGGCT	0.218725390922049
ACGGCTCTTATGAGCTTAAAATATTAGGCACTATCG	0.00925766159725438
AACTGATGCGTACAACTACCTTCTGGCGTGTTATTA	0.143639614958733
CGCCATACAATTTAACTATAGGCCAGAAGTTAGATT	0.02668766117393
GAAGGTAAGTGCGTATTTTAATTGTCGCGAGACCGA	0.414638389730878
TATAAAAGTACTTTACCTATCGGATTATAATCTACC	0.116976998095159
AAGCATCATATTTGCTCGCATGATCGGGGTGCCAGA	0.0580830047624816
ATGATGTAGGACCTCTAATGCTTCTAGGGTTAATGA	0.606113454239867
GTTGTCATGTGCCTGGTACTCTATGTCATGTTCAGG	0.10170661418662
CTGGATAGCTAACCATCTTGTCGGCTCGACTGTTGG	0.0375906384518114
CGGCTCGTCACTTTATTATCCAGGGTTATTACTCAG	0.322581830701659
GACAAGCATGTTGATCATGGTGATAATTAAATTGAC	1.34934113339436
GCATACTATAGAGAAACCCTGTTAAGGGATAGCACG	0.041029216671815
GTCATTTGATTCAGAGCACCATACTTAGGGTCTTCC	0.26982812811721
GCGTGTTTTATAGAAGGCCTAGACTTCGTACGAGAA	1.8729879383299
GGGTTGACTTTGGCCTCGCACAAGTGTTTAAGTAGC	11.0863832463543
GTACGGGCCGGTGTTGTAAATGCGTTAGCATATACC	12.7326173333594
TTCCATTGCAACACGTTAATTCCTGACTACAGCAGC	18.5621392039817
TTGGCAATGGAATATTTCAGTCTCTCAATTATATGT	19.5719750790533
GTTTCTTGTTTCGTACTGCACAGGAGATCGCAATCC	0.00519443441362149
GTGTGCAATTATACGCACCGTTTCTGGAGCTAAGAT	0.582612314420619
ATAGTACTAGTCTAGGTTGGCGCCTTGCACCCTATC	0.00329971430315738
GTCAAATAGCTCCGTAGATAGGTGAATGCACCCTCT	0.0477008580459144
CTGTCCCTACGTTTGAACATATGTATTAGTGTCCCG	0.133968439868664
GCTACTAACACACCTGATTGATAAAGTCAGTATATA	0.211318420883782
AATTTGGGGTTGATGAGCACTGTCTTGCTCAATTTA	0.215496006208113
TTGTGCTAATGTCAAGTTTGGGTTTAATCCGGCCGC	0.0462409103331768
ATCGGTGTTGTCGGCCAGATAAGGGCGCATTAGCTC	0.0165170995070263
GCATTCCTAATGCAGCAATCCTACGAGCTCACGGGC	0.29820034851585
CTTATTCGCGAATTTACGGATTTCAGTTTTCCATGC	0.00115121190401229
TCACCGTTCGTAGTATTGTTGTCATGATAACCGCAC	0.0398628871842353
ACTTATTGTGTACTCACGAATCTCTATCATACTGAG	0.0868590571166934
AGCTAAAGGATGTTAAATTCGAGTGGTTGCCACTAA	0.0111811952186236
ACTTTGATATACGGTAACTATGCGTCTAGAAAGGGT	0.0677378004219382
TCGATAGATCTACGGTCATAATTTACCTGTACTCGC	0.287497335973933
GGAAGCTCCCTAGGCAGTCGATTATTGAGGTTCAGC	0.164881278891345
ACTTGTGAGTCACAACGCATAGGCCGGTAACTAATA	0.0288706275412642
TGGACTGCGCCGCCTCAATTAAAACTGATGGATAGC	0.789690919587911
GTCTCCTGTCAACTATTTGTTTTACCCCTAGTACTA	0.03260589264781
GTCGAGATTACTTTAGTACCCTTGCGTCACAGACTG	0.0839304455918703
CATCTTTAATAAACGTCGCGTGAGGCCGGCGGCCAT	0.0191176057484335
CCCTGGTAATGCTACGACCGTACCTTAATGCCGCGA	0.0998396421092316
GTTCTAAGATGATATGTGTCACAGTCCTGTATATCC	0.0495089425591813
ACCGCCGACATCATCATGCCACACCGTCATTTACCA	0.165536470386594
TAACTGATACCTGTAATATCGTACTGTCCAACGTCT	0.183012730781472
TCTTATATCCTACTTAGCAAACTAAGCAATTGAACC	0.7979970045144
GCCGCTTAAATTACGCCTGGATTAGTAGGTTCTACA	4.8517066935228
CCTGTAATCACGGGAACTTACTCGTCAATTAGCGGG	17.205951739372
GGAAATTGTACAGACCGACTCTATACTACGACGGCC	10.4617604286102
ACGCTTTGTTATTCAACTAGAATTAATTTTACGCCA	17.8603628084869
CCGCCAGACCGTACCAGCCCCCTGCTGGCTAATTCT	7.39861262170945
AGGCCGTGCTCGTTGCTTCTCTTGGTGCCTGTATAT	8.69187642263077
TCCCCGGTTCCAGGTAGATACGGGTTTGGCACATAT	5.97586614286922
ACCTCAGCTACACCAACTAACTTGAGGTCTGGTTAG	11.7003665414923
TATCTATACAACACACTGTGTGTAGTTGGCTCTGAC	6.99886230231538
GTCTAAAGATGCATACTGGAGGCGCCCGTCTTTAAT	0.0608695045719281
ACAGTCAGTCGACTCAGTCAACACATCCCGCGATTA	0.0815908823979484
TGCCTTGTTGTGTGCAAACATTACTGCACACTCTGA	0.026458954647997
TCGCCAATCAGTCTCTTTTAGGTCTGATGTTATCCT	0.109407880243586
TGCTAGAGGCACATAGAATAATTGGTACGGCGTCCT	0.655394272080558
TCGTCGTAGTCAATTACTGGCTAGCTGGGAGCCTCA	1.27927342857784
CACCGTGGTTACGTGACGACATTAGCATGCAGAACC	0.0629914031144371
ACCTCTCTTCCCCCTGGGATACATTCCTAATGAGCG	0.521376573788516
AGCTCTGATTACCGTGTTCCGCCCATTATGGCCTTC	0.642940609201678
GCACAACATGATTACCATACTCGTTCGAGACGTTCA	0.417236435681388
CACTATCTAGCTAGGGATGGACTATCGTGTCCAATA	0.0137234517220835
GCCACTGTAGTGCGTCACACCAGATCAATCGAGACG	0.0139405662280486
GGATAAACCCTATGTCTTAGCTGCCCATACTAAGAT	0.0374002937680516
TCTCTTAATCAGCGATATCCCGGGGTTAACCGAAGG	0.33838137036417
CCTAAGTGAGGTAAGCTAATCGTGATGTCAGATCAT	0.0944390703227243
CACCTTCGAAGTAATGAGAGTAGGCCCTATTTATCG	0.223347919038448
CCGTAATAAGCGCTAGTGTCGAGCAGCTGATACTCG	0.145280539275368
GCAACGGAATTAGCGTGTGATCAACAGGTAAGTACA	0.238690356009459
ATTCGCCTCATAAATACGGCCGACTTAGTCTGTACA	0.0312091015427921
ACATCGCCTCAGACCTATCTCTGTTAATCTGAAATT	0.0107943253158514
CCAAATATTAAGTGCTTGTGGTACCCGCCACGACAT	0.208665455088321
ATTTCCCCAAATGATATGGCTCCTCCACTGTAATAT	0.016494212172564
AAAGCTTTACTAAATTGCGCAGGGTGTAATCTACAT	0.192974460617476
GTTGCGATAATGGTCAGTCATTGGACTCTTACAAAG	0.150199998354581
CATTTGTGTGATTCCTATTTCTCCATGACGAAGAGT	0.0290574317032017
GTCCGTTGCGTATTCTGGTTCGTGGGCCCAATACCA	0.634932536989175
GCTTTAAAATAATTCGCCTAAGCAACTAGACGATGA	3.31030906942437
AACGTGCTCAGATGCTTGTACCCGCGGCGTATCCTA	7.04926440669022
CGGAGGACTTATTCGTGGGTTACTGCAGAGACTTGG	9.78148723308726
TTAGTTGGTGGGCGCCGTAGACATCGTCGCAGACAC	5.66378124492857
GGGTGTGGGGTGTAGATGTCTTAGGGTATGACACGG	9.34300632401545
CACTTGAAAAAGCTGTCTGCTCCTGCCGCAGGAGTT	5.01333360613034
ACCCGCCTATCTTTCTCGATTACATAATGACCCATA	0.62613346339724
ATTGCTCATTTCCATTTACAAATTCGGGAGACTGTG	0.190588736593716
AAACTATTACGATAAAATAGCATGTCATCCGTCCGC	0.0364216604844227
CATGCTAGTTACTTGGAACGTCGTTGAATTCACCTG	0.0715809565587062
ACGCCCGTGAATTAGGGTAGTTGGGCCTCCGCCCGT	0.521131893555881
GGGTGAGTTATCCAAGCTCGTTGGACTGTCCTGGTC	0.204097079137216
CACATAATGCGCCCCCGCAGATGTATTGGGCGAATA	0.177789320886383
GGTAATGAGCCTATAAGGTGGGAATCGCTAGCTATA	0.354036987848361
AACTTCAATTAGGAGGCGTCCTAGCACCTTTCGGAG	0.832590610583295
GACACTGCACAGTGAGAAGGAACGTAATGGGCGTAG	0.112027944348091
CCGCCGAATCGGGCCATTAGTTTTAGCATTACGCAT	0.0557660189168592
AGTATTCCCACCAACCCTAACGGTAATACTAATACG	0.0911495014274064
GCATCCTTCTCACATATAATTTTTACTAAGCGTGTA	0.0372329587824714
AATTTATGTTGGGTGAATTGCTGCCTATTCTCGGCC	0.00529973928988435
ATAACTCATCTGGGGATGTCTTGATTACGTTCTGGG	0.248380403191582
GCTCTACGATAATAATGCCCCTAACATACTCATGGT	0.278178477676299
CGAGGCGTGGTCAATCAGGGGTATCCTCAGGTACGT	0.0909856584165454
GAAATAGTGTAAAAATGGATAACATTGAGGGGTCGA	0.00337511842665302
TCTGTTTAAGTGCGTTGGGCTACTGGTTGCTCTACA	0.0524459991508484
TTATATAACTGCATGGTGGCGACTTGTCACCTGGCG	0.292096216001874
TGAGCGGGTTGATTATAACCCGCCTCTAGTTTAAGG	1.86282079783677
TACAATAGAGTACTCCATGGAATCGTCGGTTTCTCA	2.14626144709763
CTAAAGTCTAACCAGCCTTGCGTTCCAATTGTAGAG	7.04085316419112
TTCTGCTTGTTATCCTATCAGGTATTAATTTCCCGT	28.7157004053925
CGTCTTACAACGTGTGCTCGACTTGACATAGCTGAA	8.78728721956836
GGGAGCCGTTGCGCACCCTCTCTGGGCTTAACCCAC	4.77594807429528
CTGACGAATCGCAGAGTGCACGACATGTAGGGGATT	6.52500312506584
ACCGGTCTCACCCTAAGCTAATTCACCCGGCACCAT	17.3723524606469
GGAGGGTCAGATTCATGTACGACCGGAAATTGTGGT	0.0462436041799558
CGAGTGCGGAGTCCAATTTTGGCTGACTTGTACTAT	0.0188595807976275
GGTCCCTATGGAGTCGTGAATTTGCCTATCAGTGTA	0.154772054962729
TCGAACGTTAATCCTCGAGGGCTGATTACATACCAG	0.147851786181982
AGCAATCCACATGCCCCAAATCGTAATCTCCAAGTA	0.00280530207005362
GATCGCATACATACTGCAATTATGGCGCTCTTTAAA	0.298146367347772
ATATGACCAAGTGCCGGGGTTGCCCATGTTTCCGTC	0.000158118093223213
TTGGCCTTCTCGATGTCAGGCACATAATTACGTGGG	0.428412480891488
GAGGTAGCTGTAACGACCGTTGTCGGGCTCATCGCG	0.0230320546624839
TTCGATGTTTATGAGATTTGGCCCACATTAGTCCCA	0.124014303209946
AACTCACTCCCTAATAGGGAGCAAGTCACTTTCGAT	0.597712190601644
GGGCGCCCAATGATTATGACAGCTGCAAAACCATTA	0.0813503623803673
AGGTGCGAAACATCTGGAATCGCCAATTAACCTGGC	0.623980518824043
GTCTGTGTAATTCGCGTTTGCCGGTCGGAAGCAAGG	0.324710172263352
GAATATTATTTCCGACTCTCTCATATCCCAGGTAAG	0.0413043499647537
GACATGTCTCCATAAACCCTGACAACTCGCATGTTG	0.0638059355397013
GGTTCCTCTCGTGCATATTTATCCACTCCGAGTAAG	0.0125624049895182
GCAATGGATTTATTAGCTATTGTGGCTGCCCAGTCT	0.494144212004594
GACATGATTAATGCTATGGTCGACTCATCTGTAAGA	0.718118529340613
CAATCCAATTGATAGTAGGACTAATGCGCCGAATTT	0.816704058101358
GTTTCGATACAAGTAAACTAACCGCCCATTGACCAT	0.00498102869638998
ATGGTCCATCGTAATCAAACGCTGCTTTACAACAAA	0.125242202222447
GCCGAGATCAGGTTGCATCCGCTAATTAGAGTGACA	2.0233177669904
AGCCCGACATCACGTATTCCCAGACCTGCCAAAATA	0.0240580969066672
CGAGGAAGCGAATCTTGCCCCGAAACGGGAGTTTAT	0.0583552878234421
TGTCCGTTTTACTGTGTGAACATGTTACGGGACCTC	0.779098160185144
TGTTAGAGATGACTTCCTTACTATCTCAGTCCCAAA	1.5083108283699
CCTGATAACATCGGAGGCGTGTTACATTTTGAGAGA	5.92660462807906
ACCAACTACAAAATCCCCCAGTCGATTGAACCAGGT	9.51896947182213
AGACTGCGCGGGGTCCGATCAGCTCAGTAACCGTAT	8.61547136519553
GAACGACAACGATATCGCATAACATTACGGACCATA	11.7252588298513
ATTCTAATGATTGCGTATACACGTGTCTTGAATTGG	23.0863904253166
GCCAGTCGGAGGGCAGATCGCAGGCCTGAGGAGTGT	4.48708797852082
ATATGGTCTATTACTCGACAGGGTTGATGCATGGGG	12.8008424799856
TCTGGGCGCGGGACTCAAATTAGAAGATAAAAGCGT	0.176984351588022
TAGGTTAATCGACTGTCGAGTCAGGGTACAATTAGC	1.30925551639542
GGCTATTCTAGCTGCTGGGTCAAACTGTTGTATGCC	0.030613754571127
CTTAAACTGATATATGCTGGCTGACCCTGTAGCATC	0.0205556522443754
GAGTCCCGAGAGTTAATTCTTAGCTTAGGGATGCAG	0.124094802421861
ACAACAGCTAAACACCTATTGTGAATGTGTCTTGCT	0.107953141526971
AGTGCCTATTGATATTTACTGGCCCGCCCATCGGTC	0.0298035684721037
ATGACAATTAGCATGGCTCGGCGAAACTTCCTTTCA	0.725918968036869
TCGGGCTCGTTACGAAGACCACTGACCACTCAACTG	0.051200418129746
AAACGGTAATGGATCCAAGTACATAAAATATCCGGT	0.283960533139842
GAAGTGCGTGTCCTATGCGACTGTCTCCATTCCATG	0.0497331914830773
TTAATACGGTAATATATTGGCTTTTGGAAAAGTGCT	0.147493495241284
GATCGTTATAGTCCTCATGCCGCCGATGTGCATAAC	0.103409805531482
GGGGTAGATCAATGGTCACTGTTTTATCGCCGGTGG	0.0990886695458273
TTTAGAGTGATTAAGGCAGCTAGGAAAGAGCTGAGG	0.110386085819078
TTGTGTGGGCGATTAGGGCACTCAGGTGACGGGCCG	0.104848000051342
CCAAAAGGACGTAAACCTAAAAGCGGGGACACGCAG	0.247123508855496
ATTGAAACGGTGCTGATCAAATACCCATACTCTGAG	2.0042306037936
TCCTGCGTTACAGTTCGACCGTTGCGCCTTTAATGT	4.07286367823168
CGCAGAGCGTGCGTAGTCTCCTTTCTGTGGGACGGG	4.94826377831684
TATTGGAGAACCCTGAGATGTCTTTTTTCTTAACCT	4.436926479979
TTTTGCTTTGTTTTAGAAACTGCACGGGCCTCGAAT	3.77432971904383
TCACAACATAACCACGCCAGTACGGATATCGTGAGA	6.6135546905558
ACTTTTGGCTCGCTATAGTTCAAATAGGCCCCGTAG	3.47767381813441
TAGATTACATTGTGTAGTGTCGCGACGCCCCTGCAT	0.0167194644149807
CCCTGCGCCATTTTATCAGTTCTCGATTTACGGTTA	0.0496031617132761
GAGTTGGAACAGTCGTCTCGATCCGCAGACTGGTGT	0.0262305890594942
GAAGCTTGAATGGATTGAGGAGTACTCGAACGACCG	0.062321794747566
CCCTTGTCAAGATGGCCTTACCTACTGCCACAATTA	0.170610095908878
GATCCCTCGGCAAGAGATCCTCTAATCGCCACGATG	0.0155497466011014
CAGTTGCCCCGAGTGCTAATTTACAGCAGGAGACAT	0.629730674607263
GCCACCATAGCCTGAATTGGGCTATCTTAGTAACAT	0.0404900480703215
ATATCATGGTTCATGAATGACCGATGATTCGAATTA	0.371606587981802
CTCGGAAAGTCATTGTCGATAATTAGGGGCCACCCC	1.47309277402693
TTGTAAGTTGTGGGATTTAGATTCATTAACTGAGCG	0.195226291486004
ACAGTCAACGAATTGTTAGTCCCACTCTTTGGAGTT	0.00284595569108753
TCGACTGATATGCTAATTAAGTGCCACATATCCCGT	1.81457354364617
TGCCTAGTTACGTTTAATCGCATAATTAACTGTACG	1.50170071147889
GTCTATCATTGCACAGAGGTGGACTTAGTGAACCTG	0.0434893142115118
TTGGGGTGTTAATCGGCCATCCCATGATCTGCAACG	0.311802479322759
GGATCCGGAGATCGGGATGAGTATGTGTAGGATAGT	0.013834392013524
TGGATAACGAACCAGTGTGTTCTATACGGGGCGCAC	0.0401882284921521
GATTCTGATCATGACTCACCGAATTTTCTGTATTGC	0.0683840646756079
ATGTTATTGGGGTGAAGGGTAAACCGCCACGTTATA	0.0581761842657275
CCTAAATCTGATTTGACTCTGATTAATACCGTGCGT	0.513688801423165
TCAAAAGGCGTCTAGTGAGCTAAATTACCCGAGGCC	0.095765902655151
AAATCTCTAACTAACGATGCGCTACAGAAAATGCGA	0.0829855747349267
GCGGTATCGACTTATCGTTATTATCGGGGCGAGCTC	0.170093780369902
GCCTAAATCAAATAGCGTTAACGTTAACCTCCGTTA	0.167672875779391
CCAAAATTACGGGCATGCCCGGCGGGGAGTGGGATC	0.349635779511732
CATGTTAATGATTATTGTGCATCCAGTGAACGGGCG	19.9990600630535
ACTAAGCTATCTCTAGTAGATGTATGCGGAACTAAG	6.81088702363906
TTTACTCTCCAGTAGTATCTAGCCCGGATCTTAGCG	4.36346524717067
TGTTTAGATGCAACGCTGCGGATTTTGGAGACCGTA	2.99370065189208
AACACCTCCTTTACCTTCCGCCACGTCTATTACCGC	0.0591651527230179
AGAGTACGTCCTATCAGTCGCACAATTTGTTGTTTG	0.0821899929754409
GACTTGGGCTGTAAGCTCGGGATAATACGTCACTGG	0.0246157270906639
GGGCAATACCTAATGAACTTTAAAGGCGTGAGAGAG	0.620282811396299
AACATGTCTCAGCGTCCGCTATTCCAGAACTAATCT	0.0525740007436867
CGCAAAGCATTATCAACCTGGGTGCCTATCACGTGG	0.0302665304034871
CCCAATCCTCGATAATATAATATTCCAACTAAGACA	0.167158940322987
CCAGCATCCAAATAGATCGACCACAGGTGTGGCTTC	0.0681400878769856
GCGGAACAAGTAATGCGCTTAACACTTTCAATACCC	0.146444296815251
CGTGTTACAAGGGATGGGATACGAGTTGTGCTAATG	0.156783882728384
GGTGCGCAATATGGGCCAGGACGTAATAAGGTAGGC	0.137885036953385
GCCTTAACTGCTCACTAACACAATCATGTCATGTGT	0.3378914300219
CCTGAAATATATCTAGGTAATTTGCACCATAATGCG	0.75275017011211
TCGTCGACGACCTATTACCGACGACGGAATCGGGTA	0.0771081260955053
ACTAATGGGTCGCCAAGTACATCGGTCTCTCCCCCA	0.172886016713804
CTCTAATTCACGATTTTCTATTTCACTCCAGGCTCG	0.276164500721391
ACATCCAACTACGCAACGTAACTACAGATTTTCCTT	0.0307474300393826
CCATAGGTAATCTATACGCCATTTGTTCCAGAGTTT	0.182690721634779
GAATGGGGTACGTACTGTCTTTGTCCGGAAATCTTG	0.0388657499708278
GTGTTCCTGTGGGTCATAATCATGACGGACAACTAT	0.164715503022801
GAATCATAACAAGGCCAGACGGGAGGAGGAACATTC	0.136903045609672
AGATTCTGATTTACCTTAACGTTGCCCCGTTGTTAA	0.0714590325586297
CAACATCCACCCAATCACTATGATTACTGGCGGATA	0.246972971721483
AATTAATGAGGGGTTTATTCTTTGACTACTTCTGAT	0.854520594125501
TTCACAATCATAAGTGATTTGTAATGGCTTCCCGTC	0.173222395886093
ACGTCCTATTTCAAACCCATGACACCAATGTCGCTA	0.0357634236177323
ACAGGTAGGTCGTTTCCCCGCCCGCGAGCCTTTTGA	0.204904282777702
GCTCTCAGTATATGAGCACGTAGCACGCCGGTTCGT	1.70035744650769
GTGCAAGAGAGAGATATTCCATCATAGCTTCCATCC	2.59552436528766
CTACACCGCTACAGAGTTATTGCAAAGGGGATGTAT	7.47119707394498
GTCTCAGTCAGAACGATAAGGAGGTAACGGTAACTG	6.8866337128118
CCGCACCGACAACGTCATGTGGCACGTCTACGACTC	4.43056252868569
TTTGATGCGGCTCAATGTGCCTAGCGCTGGGTCTAT	4.20873807674784
TTTCAGTCCATCGTCGCTTCAGGCCCTGGGCAGAGT	2.0810087089081
GAATACGTAGAAAGTTGGTTAGAGTATTCATAACGC	0.0559763773724494
TGCTCGATTCAACTGGGGTTTCCTATCGTAACTATC	0.0730139797523384
GACCCTCAATTCACCCTATGGAAAGCGAACTTATGT	0.0529518174005768
GGATGATTTATGTCATTATCCATCGTGGGATCCACC	1.15489373789888
GCGCTACATTAACCTGCAGCGACAAGGGTATCGTTC	0.208782655770975
GTATCAACGCCTATTATCCATAACACTAACCGGTCA	0.582781452762044
CTACCTGTACGTATCATTTACCCGGTAGAATAGTAG	0.124639892364497
ACGACAACGGATAAACCTATATCCGTACAAATTTGA	0.0161446308254988
TCCGAAGACTAAATCATGTACACCCACGCCTAACTG	0.113791735947642
CTTAAGTAACTGGATCCATATAGCAGGACATCCCGG	0.0290574317032016
TAAACAAGCAATTAGCAGAATAAGCCGGTGAGGAAC	0.895031175448424
CATTGGGACACAATTCGATACTTACCGGTGACACGA	0.0327968952381073
GAGTACGCTTTGTGGCCGCAGTAATGGGCCGCTATT	0.298366561062695
GTGGAGCCGATGTTATAGTGCAGATTTGGACACCAC	0.0122933600132924
AACATAGATTAGGGCTAGAGCGCGAAATCGGCCCTA	0.187532389431978
ATAGATAACGTATAGACCACGTCCAATGTCGTATGC	0.0119682683785213
ACGCTATGATGTACCGTACTCCAGTCTGAGCCCAAT	0.0229566712907573
TAGGATTAATCTACCGTGTACGCCCAGATCTATTTC	0.309151464208907
CGAAACCTTCAATCATCCTTTACGCTCGTGTGCTAG	0.0139243678713673
CATAATACCTAAGAGGGGTAAAGCAATGTCAACTAA	0.00277987165140983
TCTCGCCATTCGTGGGGCGTATCTGAATTGGTTCGA	0.13471775693911
AAATGAGTAGAAGGTCAAAGCTCGCTTCCAGACTGT	0.756627394610004
GTACAATTACAGTCATGCATTGCGACTCGGCACCTT	7.28210529446612
CGGTAATAGCAAACGACTCAGAGGGAGTGGCAAGCT	5.69650030345753
AGATTCGATGAGCAAAGTACGCGTTCCATTACTATG	6.20397638812511
CCGCCAACTCGGGATCTTAAAGGTCCTTGTGACTCG	3.61315985729768
TACTCAGATATTATAGCGGCGACAACGAGGCTCAAA	4.21204213001754
GGAAGTTGTTTGGACGAAGCCAGAGCCTCACAGCGC	4.36649531929056
TCACGCTCCACGTTAAGGGGCCTGCATGGCGATGAG	0.261720957054249
GACAGCTGCGTTTATAGTAGAAAACCGATAGCGCAC	0.0246287649951833
CATGACTAACGAGCCGACCGTGGCCTTGCGTGTTGT	0.750373309471976
AGCTGCGCCAGTGGATTTTTCCATCTAATTGACACG	0.982873048734072
TCGCTACGTTGGTGGTACGTCATAATGTCACTAACC	0.00824626947727177
GGCAGCTCTGGTGTAATCACACCTCTTGACAACCTG	0.142268307452273
CATTATTTCTACAAAGAACTAATGGGTAAGGAAATG	0.102827567273871
AGATAAAGGCTAATACGCCCGGTTTCATCAGCGGTC	0.298215441582033
ATGCTGTCGTACTGGGCACTTAGTACGGATCCTAAT	0.221055045872288
CCAATATCTCCTTATGAGCGCGGTCTTTTGCAACAG	0.0329478439603382
ATATTCTTGGTTATGGGACGAAGGTAGTTGTCCCGT	0.000220104085843469
TACATGACATATCAATTTTAGGTAGCTCCAAGTTTT	0.0233145655375844
TGCATCTGGATTGCCCCGATCATACAATTGGGTACT	0.0512978919446132
CTCAACCGACCTATCATTGAGTGCCGCTGATTGGCT	0.406548161374287
GGGAAGGTAATTTAGTGAGTCATCACAGGGCGCTTT	0.740534962030723
GTATGTGTCAAGACGATCTACTCAAAATAACCCCAG	0.000991928188307406
GTGATATGTCTGTCATCGCGGCCCGCTCTTTAGTTT	0.0485993294188719
ATGCGACATCCATTCTCATAGATAATGCGTACCTCT	0.179393702607242
AGATCAGCCATTAGATAAAGAGATCCAAGCGACACC	0.00630790537591738
TTCCCAATTAAGGCATTCGCTATAGGCTGTCTTGGT	0.889472886683101
TGCATATAGAACATGTGAATGGGGATTAGGTCTTAG	0.0210603775859569
GACGTAAATTGCTCCTGGCCGAGTGCTGTAAGGCCG	0.250042369123067
CTCATAATATCCGAGTTAGCTCTCTACAGTAACTGT	0.0362280661981768
CCCCCTTCATTAGGGCCACTTAAAGGGATGGGAAAG	0.589625568776147
GGGACGTAGTTAAATAACGTTTGTGTTTGCGCCGAA	0.058874118088781
GAGTGACAACTAGACTGCATCAGATGGTTAGCGAGA	0.064457453999906
CTCCTAATGTGTATCGAGTTGGACGAGGTTAGTTTC	0.237481086571841
CCGCCGCGTGCTACTCAACCATGGGGTAATATTACA	0.0851182400493027
AGGGGAGAAAGCAGTGCTGTAGCCGAACGTCCCCCA	0.0651862720252415
AGGACATTGCAGGATGACGACAATTCCAGAGATAGA	2.0420431940829
TTTGTGAATAGGTTACTATACCCGCAACCGTCCGAT	3.62098680034633
TCGCTCTGATGCGGAACACCTACCTGCCCGCTCACT	3.21576459666833
GATCCGATGTCAGTTGTTGATTTGGAGTTTCTGTTC	6.16927532634064
GTTCAGCATTCAACGAGTGCGGCACTGCAATTCCAA	4.09912172628348
CTCAATTATCCACCACGGCCCCGAAGCAAGACGCTT	10.8222856923075
AGGGGTTGCTCGCGTAGTCCTAGAGAGCTCCGAGCC	1.80973712459521
CTTGGGTGATACAACATATCGTCGATTGGATTAGCG	0.461374647546255
GGAATTAGGCCAGAGCAACAAGTGCCCAGGAGCTTC	0.124811268102365
GGCGAAATCATCCTAGCAAGTTGTTCTGATCGCTCG	0.050850729745637
AATAATGACGTATTACGGCTGAGTTCATACGCCGAC	0.136483923328171
TAAGTGTCGCTAATCCTGGGTAATACTGTATAATGA	0.505650159004168
GTAAATGCTGATAGTAGTGTCTCTCCGTGACCGGGA	0.0401726650219225
ATACCACGGCTTATTCTATACTCGGAAATGGTCACA	0.0376829075418183
CCTAGTTACCGGGGTTTGCCCCTAATTATACCCTGC	0.871676084999377
TATACAATAATAGTCACCTATTCAAGCCACTTAGTG	0.344941365024497
AACTAGGATGTTCACGTCATTTAGACCGGTCATGGC	0.0367169329615246
TTCAAGCCGTGGTTGTTGCCATTCTATACGTAATCA	0.0524807357418813
ATACTGCCAGGATACAGTTGCAATTATTATAGGCAT	0.203332908054951
ACACGGCAATACATCCTGGTATCTTGTCCGGACGCT	0.0357712151998152
GAAATACGGAACTTAATATTCGTGTGGGACCCAAAA	0.00887602545698651
GTACTTCCACAGCACCGCTCAGTATTCGACATTATC	0.011320157826442
GGTCTTGCATTCCTGCTGTTAACAATTGACGATGGC	0.0444782860097699
AGTTCAGTCATAAGAGGGCCAATTGGGTTAGGACTA	0.172665635027127
GTTCAGGTATGACGTTTGAGCGCATCGGTAATATGA	0.00234353030261944
GATTAGAGCCGATTATAGGTACCGTCATTGGTTTCA	0.301839170065038
TCGGTTGCCATCCCGTAGTCATTATCTTAGTCGTGA	0.027565193815889
ACTCATCCCATCAAGTGAGTCTATGAGAATCTATTG	0.0422885260846412
CCCATATCTACCAATTGATGCATTAAATATGCTATT	0.497206522762038
CAAGGTTCTTATTCACCAGCTTGGCGTTATCATTAA	0.139993591202797
AGGTATTCTAGTGGCCCATGCTGGATGTTTACTAGG	0.784200804978001
CGCCCTCGCCTATCGATCGTTTATGACAAATGTTGC	2.61171872414049
GCCCATATCATTTCGCCTAGTCAGGCCTAGAGGGAA	4.23696541809993
TTACACAGACAGCCCTTATAATTCGCTATTTTACCT	7.76211555951616
GCGTTCGCGCTTGAAGGAAGGGATAGGCATTCGTAT	2.352345568805
GAGACACGAGCTTCAAGTAAGACTCCGCAAGGGTCG	3.19299061564688
CCGTGCACCAACTCACGCAGACCCCCTTTAGCAAGT	0.138445051502517
GCAGACTGTGCAAACGAATACGAACTAATCAGTTCC	0.47864840737156
TGTCAATTTAAATCGAGAGAAAATAAATCAAAACTA	0.102930457942964
GTATGCGTTCCGAACGCCCCCCAAGCCTAATGAACT	0.224010938252962
GGTCACCCGGTATTATCAGTCATCATCGGAGAAGTA	0.0366640393711956
AGATGTGGAGTGTTAGTGTGCTTAGCCTCGGGATTT	0.0502644536990498
AAAGGGTATATAATTTGCGTACACCGCCCCAATAGG	0.479513621994251
CGGGTGTACCAAGCGTATTACGTTCATTTACACTTT	0.0971661978204862
CTATTAACAGTATACATACGCCACCGTAGAATGTCT	0.0548142564467191
GGTATCGCTATCAGATAGATGACGGCTACCCCGCTG	0.0646139812085312
GGCGAAGTGTAGACCCAATTGGCACGTAGTGATGAT	0.136523432234221
ACCCGGGCCCCTAATACGCTGCCGCTAATGCCTAAC	0.41611045950318
CGCGATTGAGTTAAGATACCGAAGGTAATCATCGAA	0.015085304131219
AGTAGCAGATCTCACATACTTAGCTGACACTATACA	0.00535101967395209
CTGAAAGCGTTAATTTTGTTAGCGACGAGGTGATGT	0.334147579155061
ACCCTCAGTTATGTGCCAGAGGTCGATGGTTAACAG	0.0541348077839901
GGAAGCTGTGGGGTAGAGGAAGATAGATGTATTTAA	0.0466185871121872
GTCGGGGCTCAATAGGCTAGTAGGCATGTCTCATTA	0.389390713314015
TCAATGGGGTATCATACGGCTAGCCTTAATACGGTA	0.115445674429129
GTGCGATTATTGTTTGCGAACTGGTTTTTATGACGA	0.125689408701231
CATTAATGTACTATGGGCGGCTGCTGGGGTGGTATC	0.204142314867674
GGTTATCCAATTCTCGTCGATAAGAAGTATGGATAA	0.0153309907300088
AAGTAACTACTAATAGATTTGGAAGTTTAAGGCTCC	0.379790316727321
ATTTGTAATCTAGCGCTGTACTACTCTGAGTGAGCC	0.0459709720069464
CTCTTGAGTAATGCGACCGTAAGTTCGGCGCAATTT	0.0229312205051277
TGCACTAGGACACTTAGAATTAGCGGACATGCTACG	0.0524342419702714
CAGCACGACATAATCTAGCTTCAACCAACCGCTCTG	0.114657277831892
CGTAATTTTTAACGGCAGAGTGGTTACTGCTTCTGG	0.0447997220921062
CCTATCTTCATCATCGCCTCGCTGACAGCTGGCCCG	0.224278374443503
TGAATCGATCTACGTGCCCCCACAAGTGAACGGGAT	0.359401800570106
CCAACGTGTCTTCCCGCCGCGTCAGCTACGACAGGC	1.37738566802175
ACAACTCTAACCCGGTAACATGCCCTAGGTCCGGAA	3.70641098943446
GGGCCCGTTAGCCGCTCCTGCACCATACCATCTATA	2.48441570284903
GAGCAGTAATTTCGTCGAGTCATAACTAATTTGCTG	15.7903249220835
GCCCGCCCGAGCTCCCAGTAATGATCCAGCCGTCCG	4.47455190262357
TACCGAAGGACCGTTTTGACCGGACCCGGGGACGTC	1.6587435765767
ATACAAGGAGAAGAAATACTCGTTGTCTGGGCTCCA	2.04260213030421
CTCATTTTGGGATTCATTGGAGCCTACGGGATCACG	0.038376900604294
GGTACTACGATATAGGGATTACGCACCGCAAGGAGC	0.135222745477478
CATATCGATCCCTTTGCGTACTAATTGCTAAGGTCT	1.07016080235944
TCAGTTTTTAATAGGCCGGACCACTACATAAGCCTG	0.383774309974748
ATGATATGTCCGAATTAGGACCCCCCGATAGAGTTG	0.472519755202381
ACTAACCAATGCTACCAGGGTCTGTGAGGATTACAG	0.00678823679217549
CACATAACGTACCGATGGATTGTGCTGTCTACTAGA	0.0666699281809642
GATAGGAGCCGTTTTATTACGTCCGCTTTAGCATGT	0.157591674448584
ATACAGATACAATTGACATACTTGTCTATTCATTCG	0.21120823850479
CTGCTAGATAATTACAGGGATTTCAAGTTCGTCGGG	0.938339466946915
TGGTATCCATTTATCAACATTTGTAGATGTGGGCAC	0.0620640525221138
GAATAGGCAATTTCGCTGTTATAATTGCTCCCCCGA	0.7898870462605
AAGATAATGCAATGACCGCTTCTTTCCACTTGTGTC	0.163911758692561
GTACTCTTATACTTTGCACTAGTCGTTAATAAGCTA	0.69570646344949
AACTGCTCTCATACCTTAGCGGACTGTACTCACATT	0.00788580193007557
ATTTACTCATGCATCTCGGGCATGGGTATTAATGCT	0.0502502670023882
AGCGCTATTGATACAATACGTCCGTGTTGCTCGGAT	0.0280303136657444
TCATTCATTAATACTTTGTCCTGCCATTAGGGAAGC	0.48995024252228
GTTGATGCTGTTACATTCACTTGGCGGTAATGGCCT	0.280674889598953
GCAGGGATACAGCCTATCGGTTATTACCGTCCTCGT	0.102470110066053
TAATGGGAGCATTATCCGTTATGCTGTGCCGACAAT	0.000333819508703087
GTTCGATCCGTGTCGGTTAGACTGGCTGATTAGCGC	0.407290870885
GGTCCTAGCGACTCATTTACAACCCTCTGTGATAAG	0.120992126748778
GGACTCCGGGCATCTGAAGATAATTATTCCTGTGTC	0.667799411887091
CGTCGCGAATTACATATTCTCCAGAAAGGCTATCAC	0.115988357946106
GATATGGACAGCCTACCAATTTGCAGCTAAAGAGGT	0.42306001768686
GGTACATTTTCGGACCCAGCGGTGTTATACTAAGAG	3.91095520956904
AAAGAGTTATAACATCCAAGCACCATGTGGTTTTAC	2.94133507613414
CCGACACCGCCAATTCTCCGATGAAGGACAGTACCT	3.41902193467344
CCCAAGCCGGACTGCACGGTTTCGTATTATACTTAA	2.08210305029907
AGAACATGTTGGCCTGCATCTATGAGGGGAACGGCT	0.00792391772672426
AAGTCTTTCCACAGTGAACAGATGATTTGCTGGCGG	0.0136929899716422
TAATTATGCCAACTCAATCAAGGTATCGTGGAAACT	0.0972659303201039
ACCGAATCAAGGATCTTCAACACATGAATTCACTAC	0.00384358138216921
CCTACATCTACGTTGGATTGGGGCCAGGCACAGTAT	0.0461888617780486
CGCTGACCCTAATCAGTAAACATCGCCCAAGGGTGC	0.559543210042325
GGCCGAGATGCTTCAGTATATTGATTAGAAGTTTTA	0.0707176889959821
GCTTTTGTCAGTAGGTCTTTATTATTGTCTATGATA	0.14256982361556
TTCCAATCAAGGGGCTCGGCAAGGCTAATTATATGG	0.829287304700007
ATTAGACATTCTTGGGAATTATTGGGCTCTAGTAAA	0.0119669890277094
GCCGGCTGAAATTAAGTGTGTGCCAGCCGTAACACG	0.0639855135244431
GAGACGATTCAGGGGATTATGGATTGCGTCGTGGGC	0.125909236475843
ATGTTAGTTATTATGAGGCACGACGGCGTAGATGAC	0.10175716111793
TAGTGAATAATCACCATGCGTAGGGGTGTCCGAAGC	0.0280227878280049
ACAAATAGTTCACAGCGGTGACATTAAGGGCCTGAT	0.000900563383244317
GGTTAGCATGGACTACAGTAATACAAGGGTAAATGC	0.0394921906244318
TGTAATTGTCCTGACCGTAACTAGGGAAGACTCGAG	0.121696241754763
AATACGATTACGTACACGGTATTGTATTGAGCTTTC	0.0629097570709309
ATGGCTGCCCCACTAAGATAATCACCCCATCGACGG	0.102192942499082
CATCGCTTTATAATCGAATCACGACCCCTCCCCCAC	1.15093638393531
GGTATTAACTCTCCCGAGCATGAGGGCGCTTCCATC	0.0450649527862398
AGAACTTTGTCGAATAGCCCGTTAATATGGAAAGGT	0.0699767553775815
CCTTTACGTGCGCCCTATTATCTTATCTAATATAGA	0.643886052936632
CACAGAGTGTGCCCGGTCATCACTGCCCGACATTTG	0.00261888545339855
GGGTGGGATCAAAAACTACACGCATCTCCGAAGCAC	0.459686038548371
TGCTAGTATAATCGCCTTGAATCAGATAGGACTAAG	2.04189218977942
GGGACGCCCGAGAGGGTTCAGACAATTTGAAACGCA	1.45751948864736
AGTTCACCGCCACTGATCTCCTAATACTGTGATTGA	4.69370299397938
GAGAGGCCCTTTGTGGTTACTAAAAGGGTCACCCCC	2.30742968477683
ACATACGGTGGCACAACCAGAGCCGGACCAACGTTG	2.86862786293209
AGCATATTGAATGTGGAAAAGAACTGACAGGACGGC	3.36740160727758
CGATTTCGTTCGTACTTATGGCCTAACTGCGGCTAA	3.44658100352548
AAGAGTTAATGTCCTTCATAACACGTACAATAGAGT	0.369335357166674
ATCCGAAATTAATAGTTCTGGAAAACTAACTTCCTT	0.652522802861763
CCACCAGTTCCATTCAATCCGCTACGATATCAAATG	0.041920159393242
GGTATCGTGATTTACGACGCTACGGAACCTGGTAAG	0.125838393943501
ACCGAACATCCAACACATTTATGTCGAATGTCCTCC	0.118247979198408
CGTAAATATAGTGTAGCAACCACGATTGGTGAGTCT	0.0928585825107817
TAGTGAGATGACGTAATTGGGACCATTCAGCGTGTT	1.36803655039513
GATGGCAAGACGGTAACAGTGGTATCATTTGGGGTA	0.0456715097191881
AAGAGAAGTGCATACCCACCGGGCGGTGATAATGGG	0.0827457414245947
ACGTTATGGGATCTTTATCGTATATTTACTCTAATC	0.269845703839257
AGGATCCCCAATTTAATTGCAGCATACACCGGCTAG	0.737161634150939
GCTAACGATCCCGTAAGCACAGGATAGAGCGTGCTC	0.0248822669924991
ACAAATGTACTTAAATTAAATTATGTTTGCCCTTGG	1.68036891703457
GGACTCCGCTACCGTAAATGGTTAATGTTTGGGCGC	0.14568921616869
GGGAACCTGTTCCGTATTGTTATTGTGTGGAGCTGC	0.0302313965281356
CGGGGCGATTCTCCTTGATAAATGGTAATAGTGCCG	0.00827072690950214
TCTGCCACTAGTTAACAGTTTTGATCTCCAATAACG	0.0314662332102935
CTCTTAATGCTAATTGTCATTCCCAACATTTACCTT	1.41860725887094
GAGGCAGCGGCGCTTAACTAGGCGAGTAATAATGCA	0.221094169840015
TGAGCTCCGCGAACACAAATTGATACCAGCCGCGAG	0.0605925707999951
TACCATCTATATTGATCTCTCATGTTTCACTCATGG	0.0909783887783985
CGACGTTAATGCAGGATACCGGGGCGTGTGTAGATC	0.313209803505702
CTCACTTCGATTGGTCTACACCCATTCCCTGAGGAT	0.00237243244645886
GTATGCGCTCGTTATTAAATTACCAAGACACTATCC	2.65347346438186
CCCACCAACTGATCTGTTATGTTCGGCTCTGAAATC	0.408306015431541
GGCACGTGAAAACGTAGTACATTCTGGAGCCTTCCC	2.71116823142799
GTAGACGATACAATTCCACCTCCTGGTGTAAGTGTT	3.43504970340529
CAATGCCTATCAAACACTTGACAGATATGGTCGTTT	3.59897582877613
TCGGCGTGAAGAAAATCGTTATTGAGCTAGAGACAA	2.19894467070639
ATGTTTACTGCCTAATTGTAAGGCCTTCCGTACTGG	0.971657819192412
ACTATATGTATCGTGCGAAGGCTTGTCACAAGGAAA	0.0108327057517893
ACAGCTCAACTGCTGATGGGTTGTCTCGTCAGCAGG	0.033618833248694
ACTGATGCGGGTGTATTCCCATGTTATCGAAGTCCG	0.0336535340082051
GGACTGCACACAAGTGGATACAGTCCGTCCTCTTTG	0.0541252541364401
GGAAAGTCCTGTTCATGAGTAGCCCCCGTTGGTCCG	0.0887821625204075
CACGAATGTATTACAACATTATAGTAGGTTTATGCT	0.0924127241469064
CTCTCACGCACTCTACATTTGGACGACATTTTACCC	0.00933432439228252
ACTAAGTTGTGACTAGCATATAATCCGGTAGCTGGC	0.0803817265855408
GCCGACCACCACTTACACACGTTGTTCCGCAATACT	0.0900231678517407
AACATTGTGCCGTAATTAGTTAACCCTTGCTTACCA	1.84435498992662
AAATCGCGGTAATTTTACTAGGGATCGAGCCCCCGG	0.0568756317880346
GACCGCACGAGATCATTAAAGTATCATTAGCCGTCC	0.68397749350508
CATTGGCGATGCGTAGATGTAATATATATTACATCG	0.0837574408749456
GGCCCGAGGGGTAATTACGAGCCACTGTTCCAAACT	0.762302938117186
TTACCCTAATGGGTTCTTGTACGTCAAGATCGGGTT	0.58157717726468
GGAAAGCTACATTGATTTGGCACCAATCTTTTCGGT	0.267108468205607
CCTGTAACATACAGGCTACTGGGCATAATTCAAGGT	0.0627967465464327
GATCTTGTTCTCCATTCGCGTCTATCGCGTGCACCA	0.0247314655254539
GATGATCGAGGGCGTTACTGTCATTAGAGTCGCAAG	0.170156157150792
AGTTACATGCTTAACTATATATTTTATGTCTACGGT	0.144455479364565
TGGCATTAATTACTAACACCTTCCCTAGACTGCTGA	1.32027108967544
GTCGCATGTACTATCTTAACCCGCGATCCACCGACT	0.0580895248298639
CCCTGATTTGGTGAATCGAATAACGCACTAGATTCG	0.160291592495111
CGGGGTCCTCAGGCGATAACAATTACCGGAATAGCT	0.214395229286564
ACACAGACATTTTAGAAAACATTAGCGCTATTCCGC	0.079209884220827
TCTTGAAGCCGGCAGGAATTAGCCGTGATTTAAAGT	0.113645058105852
ATCGGAGCCCAGTGGGAGTCGAGAGGGATGTGAAGT	1.09889875644837
GCCTCTTTAAAGTCTGGAATTAAATCGGTAGGTGCG	2.89782740283982
AATCCCGTACCCAAGTCTTGTCCCGTGGCGGCGGAC	2.06291710226148
TGTGAAAATTGGGGCCCAATTAACTACCACACTCCC	14.1287168076636
CCGCGCGCAGGCACTTAGGGTACCTGCTGTCCACGT	0.149886662382974
GTGATCGATGGGACGGAAATACGCGACAGTGCAGAG	0.00191595385780103
GGGTAGTGTCCTGAGTGTTCGCGGTCTGGACTTTGG	0.0262365188713088
TCACGAATCAAGCCGACACGACCTCACTTAGCGTGA	0.0225526360692899
TCAATGTTGCTCAACGTATTACTATCCCGATCGAGA	0.0389638677220531
CATAGGTTCTGTCATCCATTTGCACTACGATCAAGT	0.0839703708585552
AGTTAAACGAGTACTCACACATTATGCTGGCCCTGA	0.258015090113826
ACTGAATGAATTTCGGTTTATTATGGGATACCCTGC	0.217402972686056
CGCAATCATACCTGCCGACTGCGCGCTTGTGGGTCC	0.0127643639166794
ACAGGTCAGCACTAAACGATCTCGGTTAGGATGAGC	0.245656119092224
GTGTAGGTACCTACAGCTCATCACCTTGAGTGCGAC	0.0472915886383024
CTAATGTTAATAACCATATCGGAGGACTGGCCGTTC	0.436353533307567
CCTTGTAATTGCACTATTATTTGTGAGGGCTTATAG	0.744265527481727
GAGTAATCACGACTTACTCCTGTATGGCCTGATCGC	0.195173275636823
AAATCAATGACCTAAATAAATCGTTTACACATCCGC	0.149786529286497
GTATAGCGATAATATTCGCCACTAAACCTCTGTAAG	0.102638559150565
GGATCACCCCGCATTATTTATCAAAGCCATTTGACC	0.207070460500696
AGCAGTCGTAAAATTTTCGGTTCCTTGAATTAAGTA	0.0696497306814927
GTCGTGTAACCAGACACCGCGGATAAATTGCACGAG	0.0132424580069012
ATCTAATCTACGGACTAAAGCAAACCTCGTCCATTT	0.386872618073278
CACGGAGTAATGTGGTCGACGGATACTATAACGAGT	0.0903666983594854
CAACTCAACCGGGGACCCCTTCCCCATTAGTTCATC	0.0478929787657335
GCTTCTAATGTCTGGTAGCAATGATGTCCGAATGGA	0.252109916944881
GCGAACTGACGGAGCGCAGCAGGCATCCAAGCCTTG	0.2847742188588
ACCAGGTACAGAGCGGAGGGTCCCATGTCACTGATT	2.46142047468883
TCGACAGTAGAAACGCGCCCCGGTCAGCCATGTGAG	1.69010284884699
TCAACGCTCGTCAATGGATCTGCTACACAATTATTA	3.89539434332199
TTACATGATAGTGACGCCATATGCGAGCCGTTAAGC	0.0302673725225467
CAGGGCGCTTTGTAAAACACTAATAGGCGGCTCCCT	0.467237370149368
CGTACAAAGCCATCACTATCGTTTAAAACTCTCATG	0.0108914616643193
GACCTGACTGTTACGGGTAAGTTCGAGCGCGTGTGT	0.0516921951235199
GGATAGATGAAAATACCGCCAGCTGGGTGTACTGCT	0.100894839723553
GACAACCACTGATTCAAACCGTCACTGTAACGGTAT	0.0761847413406768
ACGTTCCAAATCAAGCACACCTTTGCCACGTTAGGA	0.0525857026867701
ATTTATAGGAGTGGCTACGTCTAATGATATATCTTG	0.169685515681939
CAGCGATAACGGGGTAATCATAAGGAGCAGGAAACC	0.00467009540046058
GGATACCATCTGATAGAAGCTGGGGCACCACCAACT	0.156630517379609
GACTATCGTTCTTTCTTATCTGCTACTACCCAACTA	0.052788808323102
GGGTTCATTAGTTCCCTGCGGTCCGATTCGCCGGTG	0.707050325992421
GTCCCGAGCTAAGTAATTCGGCCCGATTTGGAGGCC	0.343737171768258
ACTTAAGCAGAGTATGCAAGGAAATTAAGATGTCCC	0.0166232635271837
ATGATTGTGAACACTCCATGAAGTCCGACCACCCCC	0.0460491626847515
CAAAGCAAATTGACGAATTAACCCTGCCTGGAGTAC	0.74523490028937
TAAAATTTACCCTTATATTAGGCGGATGTGATCCCT	0.0557447291610914
AGTATCTTGGGCGTGACGTGTTAATGCATAGCTACC	0.113482167889262
GCTGGCCAACCTAATTTGGCGTCTCATTAAAGACGA	1.33482100360212
CGTGGCTAATTTAGCTAGCGGGAAGGATGCGCGAGG	0.79061923778923
GGTACACGCTCTACTAAGTATCGTTCCGTCCAGGAT	0.11974284339043
GAGATCTAATGCGGGAGCCCCTGGTGGTCAAGCCTG	0.116716672904967
AGTAAACCAGTCGGATAATTTAACGTTATAAGTGGC	0.611844858982924
GCTCTCATATGAACACTGAGGCCGTCTTCCGAATTG	0.70026487170695
GGGGAACGATGACGGAGTGTGGCTTACTTAGCCTAC	1.62584409647579
GCGTTCGTTGGAAAGTATGCCTTATAGCATGTTTAG	2.3456372445361
GCGTCTCAACAATTTTAATTAAGCAAATACGTTGGC	11.0767116822599
GCCGTGCATCGCGAGCTGGCTTCACATAGGTTGAAC	1.18683795166546
TGACCCCCCTGGAGTTGTAGGAGGTACCTTTAGGGG	0.526128602803701
ATGGTCCACAGTGTCACATTAATGCTGACCGTGCCT	1.86436454178321
GTAACCTGCGGTAACTCAGCTCAATGGCCCGGTGCC	0.150921215533027
ACACTTGGATTTCACTAATCAGAGAAGCATACAGTG	0.750642003894243
AATAAGTTATTACTAGAGGATAGAAAGTAGCATATG	0.0579370218596306
TATACAACATTGATCGGGTTTACAATCGTTCGTATA	0.0266575480165108
AAGTTAACAAGTTCCGGATGTGCTAACTTCGTAGGT	0.288539465924871
CCTGTTTCTTATTGGCCTTGCCGTGCCTATCGGCAT	0.141597430774542
GCGACTGTCCGGTGCCAATCGTGTTAGTGATAGCTG	0.00969350548810282
GATTACCTGCACGGCTCTGTTGCAAAAAGCCAATTA	0.514909279240049
GAATCGTTGTAGGACTGCTGTCTATATCCGGGTGTC	0.0687543151900083
CGCCGTATTAGACACGCTCCATCAACGGTGGGAAAT	0.0849687090046381
GTACTGTTTGATGATAATAAGCCCATGTTCGGCGTC	0.515871777503018
CTGCGTGATCCACGGGACACGAATTAATGGATTCGG	0.231760574021148
GACTAACGCGAAGATGTTAGGTAACGGACCACCATG	0.0103680439895802
ATCCCAGCACTGATCAGTCCGCGATTGGAGGTCTCA	0.0290459702296334
GATGATGAGTCTATTGAGTGCAATCCCTAGGTAACC	0.131596306412327
GATCAGTAACGATAAAGGAGTTCTGCTCTAGTCCTG	0.00945105375990717
TTCCTGCCCAACGCCATATTTAGCACCTTGTAATTG	0.581065168411377
AGCAAGGATCACCATATTGTTTTCTCACCCTTCTAC	0.00778092327840592
CAAGCGTACATGTCTAATAGTTGTCCAACGGTCATG	0.0610866700223883
AAGGGCCCCACGTTTAATAATGACAATAGGCTGCAT	0.017401802108889
ACGGGTGCAGCGGGCAATTAAGGTTAAAACGATTTC	0.719432741845486
GGTAATTACATCGAGCGGTAAGGGGTCGCACGAATC	0.692153895222943
TCAGTACATGCTCAGTTAACCAATGACGTGCGCGTT	0.00366379595360572
GGGTGGAATCCCAATATATAATTGATAACCTCCAGT	0.682328518050285
ATTTCTACATCTCGGTGATTATATTCCCAGCTTCCA	0.103319279593949
GTTATATCCTGGAACACCAAGGTGATGGATTCTCGT	0.0406290888860038
CATGAATGCCATATATGTTGTGAATTAGTACGCGTC	0.595396657382015
GGGCGTTTCTAGATGAGTACAGTACTTTTTCTTGGA	0.0710192314797464
CGACAGATCGATTAGCCATCACCTAGTCTGAATCGC	5.12701774984874
CCAGTATAATACCCGCTTTTTCTTTAGGTTAACAGA	1.52636416095448
GGGTGGCATAAAGTATAAGGAGTGTTTCCAGATCGA	1.67453057355563
TCCGCGTCAGGGCAATCGGGATAGTGTGTGCTTCGA	0.866817204814856
CTCCATCACCCCCTGCACGTAAACCGCGGGTTCGTG	0.826788776003105
TATTCTTGTATAGATCTCACCCGTAGACCTATTCAG	1.10582152396812
TGCACCGTGGTGGTAATAGGATTCGCTACCGGTAAG	0.963378126653154
CTTAATGTAGCATCTCTAGAACTTGGGAGAGACGTC	0.128637877306726
TAGTTACGATATATAAGAGAGGCGGTTACCTAACGA	0.0649428843681406
GACGGGCGAGAATCGGATTACTTAACAACATATTCA	0.228240010345059
GTTGTAAGTATGTACACTTCACAAGTAGAGTGGCCA	0.0263055940876227
TCCGTTTCCGGCCGCTGTTTATAATTGGGAATGCAA	0.549149617998147
CATCAACCCTTATTACGTATATAGTTGCGAAGATCT	0.467392286239906
GTATATCCTTTTTTTGGGAAATGGCAACGAATAATT	0.108687738487162
TTTACTTGTGCGATTGTCATTATTGTAAATTGGTGG	0.0726601600019425
CTCCTGTTACGGCGCCAATTGATTTGCACATTACCT	0.384054051119646
TCCTGTAGTAACGGGCGATTATAATTATGAGAAACA	0.465384735546173
GATGGCCTATTTGGTCTCACCACGGCATTATCGGAA	0.114843076515709
GATGTATTTAATCCAAAACAAATACCTCTATATGTA	0.137295236375799
GAAATCTTCGATTTGGATATTACTAACGGGAGTCAT	0.0653868774271296
GTCGCCCCCTTTACGCGAGCTTATTAGTCCAATAAA	0.384451218862941
GGAATAACAGCCCCTTTGGTTTCGTTTATTAACAAC	0.189471547894779
CACATAGTCCATCCTGCCTGTTGTCTACAAACGACA	0.00694398962949262
GCAGAATTAAATAAACTTGAGCATCTACCCGATTTA	0.202564682798409
TTAGTCGTCGAACTACATTAGTAGCACTGGTGAACC	0.0154531257621673
ATGTCAGTAATTCCACCGTTCCTTCTAGCCTGGCAG	0.00539827063674519
GCGCTTAACCTCCAAATTATGTGCATGATAGGCACT	0.279276304348455
ACTACTAGACGGGGAGTTCGAGTAATATGTAGATTT	1.8862289208643
GGATAGCAGACGCATCTTAGAGCTCACTTCGGAACT	1.71045631517166
AACTGCCCCCTAACCTCATCGATGCCAAATTACGCA	2.44326572372953
AGTGAGAATTTTTCATGTAAGCACGATCACTCCCCA	0.323782342656913
AAGTCAAGTCGACTTAACCATAGCTTAGATATAGGT	0.0605472019774444
CATTCCAAAACGCATGGTGATTCGGGTACTGCTCCG	0.0643176242264615
TTGATTAAAGATTAGGAATAATAATCCGGCTCGGAG	0.0895147058997615
CACGATCGATCTGTCTCTATGGGGAAGTATTATTCT	0.049878863604605
GGTATAGGCACTACGCGGTGCATTAGGTTGCTTTAA	0.142278517148248
GGTCGATGATCGACTTAAATGCTTCATAATCCGCTT	0.547249641883318
AAAATGAATTACCCTTGGATCTATAGCGCTTGATAG	0.311094385995909
CCTGGGTAGATGGATCTATGCGCACTTATTTTCCTG	0.015341150575189
ACGCTAAGTAGCTGGCCCCCAAACCAGCACTACATA	0.124803328672661
CGCAAATAAAGAAGTGATGGGCTGGGATCCATGTGA	0.0356379502954503
CAATACGATTCTACTAAGGGCTCGTGCGCGTCTTCG	0.0178170399215641
GTGGGTTAACATTTACACCAATCCCGGGTTGCACTC	0.0524032311576652
GGCGGAGTAAAGACGTAATCTGGGGTCGTGGAAGTG	0.050176812581919
TACCAGCTCGCCACTACGTTAATCTAGCCAGTCTCC	0.185163189814187
CTCTGTTAGTTCGATCCTCACGTGATAATTGTTAGA	0.246385795014418
GTAGCGCATAATAGACATAGTGATCACGGCAGACCG	0.230959785471118
CGATTAACGTAGCTAACGAAGTTTCGGTCCAAGTCG	0.186872184660222
TGTAACCTCTCTCACACTCCTTATTATAGCACGCCT	0.0662827594096566
GCCACCTTTTGGCCCATTAACATACCTCGCTGAAGA	0.381509063078941
CTGTAATTATAGGTCTTAAAAATGAACGACTGCGTG	0.551674224007131
GTAGGAGACAGAACTTCCCACATTACGAATTATTCC	0.0589179015706981
CTGGGAAAAGAAGGTCTTGAACTAATGACATCAGCA	0.0481014643814209
GCTGATTGAATGGTCTGTTCGATCGATGAACACTCC	0.235445774164426
AATGTCTTATCGTCCTTGATTTGCTACGCTCTTGAA	0.0709736885711822
GAATAATACGGGACGATGAGGACACAACCATTGCAA	0.0407191455168201
TATAGGACCGGGGTTATAATGTGATGGGTGGGATCA	0.104771905103201
GGGAGTCATCTTAGCTGATTGACCAAAATCTTTCGG	0.172957248733741
ATAACCGCCACAAATGGGTCACATTTGTGGGCGTCT	0.00475167066008594
GCTAGGTATTTCTATAGGGATACATTTCTGCCGTCT	0.0103957889227298
ACTCCGGCATCATTAATCCGGTGCGATACGGAATCG	0.395720919513101
TCATGATTATAATGGCATTATACGACGGAAAATTAA	0.378347184728229
GACACTTATTATGGTGCGGACAGCTAGAGATTTACA	0.425154644073196
GGTATCCCTACTAGCCAGTTAGGCTGGGCAATTTAC	0.0971273371665883
ACCGCGCCACACTCCATTATAGGCCCCAATCGTCAC	0.0513836894876839
GCCACACTGACGCTTGGGATAGTTAGTTTGAGGGCG	0.06324629518324
ACTAACCAGCTAACAATGCCTCACACGATGTCTCGA	0.335009286378998
CCGAAATTAGATCGCCGGGTCTGTCGGGTGAGTATC	0.325465672907403
TCCCGCGATTAACTCGAGGATCGGTAGGGATATGGG	0.172434273864873
CACCTAACAAGGGTAGTACAAATCTAGAACGGCCAT	1.61222723197677
GAGACGGGCCATATACGCCGTCCGTAATACATAGGA	0.827635959847289
CATGTTCATCGCGGGAATTACCTTCAGAAACAAATG	1.62876642614369
GCACACTCTGACACACCAGGGCAGATTCGTTACATG	1.48231213652111
AACTATGCTCTCTTATAGACCTTGTGATGCGGGCCA	0.570809288308401
CATAGTTTGGCTGTTTTCGTTCAGACCAGGTGGTCC	0.0983956013241909
GGACACGCCCGACTAATCCTCGCAAAGGGTTTGGGG	0.374648899660949
TGACAGTAATGCGGGGCGGATTTGTCTATGGATGTT	0.546805999830484
GTTAGTACTTCTACCCGGGTTGTTGAATACGATCAT	0.0581874681762673
GTACTGAGGGAGACGAGCCCGATTAGCTGGATAAGT	0.251020119917442
GCAATCCAGCGTTGCTAACCACATTAATTTCATACC	0.556107424123822
GTCACAAAGTAGCGGATAGCAGCTATTGCATAATAA	0.0532812484024141
ATTCCGTAATAGCGCACATTGAACGATGAGTTCAAG	0.0702401000502512
ATATTTAATGCTTAAAGTAGATACTCGTGCTCGATC	0.0181861372201812
TATCAAGAAATGGGCAGGCTAATGCATCCCTCTACC	0.077598846739498
CGCCCTATGTTCGCCAGTGCGTTAGATTAGGAGATT	0.154374564234689
GAACAATGTAAATTATTGAAAGGGCTAATTCAATTA	2.53037555267456
AAACTCGTTAGTATGCGGAGGATCAGTCCCATCCAG	0.488513993359084
GAAGCTGAACTATCTGATTGGCATCCCCTCATCTGG	0.378176026015735
CTATTAGTTCCACATCTTGCGGACATAATATCTCTC	0.00826719246608642
AGTGTACACCTGATGAGCTCACTCGCCCGCGCCCCG	0.0831525067006754
ACATCGACTCTCACTAATATGATGCCGACCATGTGG	0.760628779316648
GTGTCCACCGGAGATAGTTATATTTGTCCCATCGTA	0.029623381595018
CTCCCTGCAGACTAATCGCCGGCTGAGTAACGGGGT	0.0315823150644412
CTGCTTCTTACTCTCCCACGCGAACTGCTAATTCCC	0.0413823101787015
GCCCCTCTGTAACGAGATGCCTTGGTTGGTAGCAGC	0.080996306012197
CTAAGGCATTAATCTGACGCCCCAGGTTCGATCGTG	0.297223150488646
TCGTGTAAGTAGTATTTGACCGTAAACGACTATGAT	0.0380045683839084
TAAAATTAGATAATTCTGACTAATTTTGTGGATCCC	0.634506455808565
AAGCGATCTGATAACAGTAATTGGGTAACCACGGCT	1.00866141683231
AAGTCGCATACAGGTCCAATTTGAATATAGTTAAGA	0.0786113842954351
CATCTGCGGGGTAAACTAAATATGAAATGGGTCGGT	0.0647486754438584
AAACGACCAGCCGCCCTAATCTGATAAAGACTCTAG	0.12008723557743
TCTTGTTCCACACATTAGATCCTCGCTATCGGGCAG	0.00015191878085858
CCCTACTTGGGAGGCTGTCCTAATGACCGGTAGTTG	0.502926180343239
ACTACCAAATTAACCAAGCACTCTGCCAGGTAGTCA	0.925969730366521
ATCCGGTGTGGCACCTGAACTGGTATAAATTGGGCG	0.0137244040068656
CCTCACAATTAAAGATGGAATCTTATGTCAATTACC	1.17087833396007
AAACAGGAGTAACCTAGATAATCTGTTAGCTTAATG	0.149466108603659
CACTAACGTTGTTAACGGTATTTGTACCTCTTCCCT	0.120891829345744
CCACGCACTAAACCCGACGGATTCATTACTCATTCC	0.0756370340000891
TCCAAGGTTCGGTACGTGTAATTTAATAGGTGCCCT	0.224513199770473
GACCTAAACGCCAATGATTGACTAGGATGGCTGGTT	0.296874593085369
CTAGGTTGAAGCTACTAAGTTGATCACTGTATCCCT	0.00268262954769328
AATGCAGCTCGATAATGATTGGTGCCTCGCGGAGGA	0.315403123626445
CCAATGCTAGACTACTTTGGACCCTAACCGATATCT	0.0213195976482373
GTGGGAACTTAACTAAAATTTGCTTTTTGGTAATCA	0.124481679494671
CTTCGTGTGTTTGTGTTGATAGAGTACGTTGATGTA	0.0923938956734735
GTGTTAGGTACTAATACTCCGAAGCGGGTACTTAAG	0.281964392706687
CCTGTATCTTCAAGGCAATTGCTATGCACTGAACCG	0.0521434532010645
ATGCCAGGGTCGCTGCATTATGACCGAGGCGTCATC	0.101081826369053
TAACTACCTCTGTCATGCTATTTTTCGATTGCTGAA	0.369677010442569
AACACGCTAGCCGAGTCCCTCGGCCGAGCCTGCTTA	0.172696326851356
TCCTTAGATATGCCAAGATGCCTGCGTGATATGTCT	0.481780638591506
CTATCGATGTGGCTTAACCGCACAACACTATCTTAC	0.470116173067167
ATTCTGGTGTACCTGGCCGTCCAACACCATTCCTAG	0.385901607823814
CCGTAATTGGCCAAGATTAGAAGCAAACGTGCTCAG	4.86640685178372
GCGCTGAGTGTAGATTACTGGTCCTGGTTCACGCTG	0.862599476821793
TATGCCCATTACATAGGGATGTCGAGAGCCGCTCAG	0.21191710415984
ACACTACTCGATGGCTACGTACGGATAAATGATGGT	0.153692238842174
GTGCCCCTATCTAACGTTTTGCACACGACTAAATGG	0.0582192999205163
TAACAGCAGCTGCTCATCATATTATAGTCCGTGCCA	0.0766562449874334
CGATTTGATCCATTCTTTATTGTCATCACCGTTCGT	0.0747061493281865
AACAGGTAATCGTTAAAAGTTCGTATCCACGCTGCT	0.143335893046034
GCAGATATAGACACTTTACGGAACTCTTACCTAGTC	0.0195516923452998
GTTAACTTATCAACCATTTCCCTTAGTCGCACCTTT	0.156319473351512
GTTACGCCGTACTGAACTAACACATGACCCTTATTC	0.0207399230238222
GCGTGCAAAGACGGTCCGTAACCCACTATCCAATTA	0.721709551172957
ACTGCCGACTCATAAGTCGTTATAGGTTCGCTCCCA	0.0613608066843429
GCCATCTCTACTGTGCAATATCGAATGACTGTTAGT	0.151043407449945
GTTCATTGACTTCGCCTCCGTTGATGAGTTGATCCG	0.171115949006435
GAGTAAGACTATATTCGCGTTCCGGTATAGGTCCTG	0.0772114038092353
TCTAACTATGAGGATAATCAAGCCCCACTCATCTAG	0.175917793760939
CTAATTTGCTGTGGGGCTCTTAACGAACCGCACGAT	0.337839204680663
CCCGTGACTCATTGTCACTAGACCTGCATAACCCAA	0.00239101559085676
ATTACCGCCAAATGACCTGAGCAATGTGATGTACAC	0.152649536711076
CTAGTAATGCAATTGTTCATACTCATACAGGATCAT	0.286169365990875
GACTGGCCCACTTATGTATGACCCAGAATAATCATG	0.337710350187024
CAAGTTATCCACATCGTTAGGGGCTGAAGAGAGTGC	0.227790057360854
CCCGGACGTGCAGGCTTGATTAGATTGGCAAGTTAC	0.301514549807202
ATTGTTATCTTGCCACTCAATCTGGGACATATTCTG	0.0792714541746064
CAAAACTATCGTGGTTGTGATTTGTGTACTTTGCCG	0.143945585984604
GGCCGGAACTTATGCGCGGCGTTATTGGGTCAGTTG	0.068880910188603
AGATTGATCATAAGTTGCCATTTATACTGGAAAATG	0.438938977064289
ATCGCGACCCTATCAGTAATGGCAATTAACTGGGTA	2.58644908176411
ACGGACACGGGACAGTCCCAAGTGTGGAGCCCGTGA	0.000329463152609316
CTTATCGGAATGGGGCGATACAGCTGATTCAGGAAC	0.248638616056922
ATCAAACGCGATCAGAGAATTGCTAACTGACAGCCA	0.336015949992889
CGACCTTTTGAACCGACCCCTCGACTCGAATAGCTG	0.113155743123587
GCTCTGTTGAGGGTCGGCAGACCACTCGCCTAATGA	0.858476152831081
GGTGGTCGGGGAAAGTTGACGCCCTGTTAGATTTGC	0.0521589123393725
TCCCTTAGCCATACGGCTCATTAGATTATCAGCCGC	0.790594273603385
ATTCCCATTATAGTTTTGCAACGCGGATGACAGTAG	0.348262164731346
AGGTAATGAAGGACCACGGATCAGGCTCCGCCCAGA	0.238709703519744
TGCAACGTAAACGTTTAATTCGTGGAGTATAAACGT	0.285760654325533
CAGTTTGCCCGTTTTTCCTCACCTTAATATATGTCG	0.0154207970493526
GTCTTGAAGCAAATTTGTATCTAAATGTGTAAGAGT	0.132048762153429
GGTGAAATGCCACCGGTTGTTACGACCCTGATCCTT	0.0781070251585917
ATGGGGTCTACTATCTCCACTGAATAATTCCCGAAA	0.0671326198864807
GGGCAATTTACCTTCGTAAGGGCCTCCGTGGCGGAA	0.164694930650754
GTACTAGAGCGTACCTGATCCGGTATGTGTTGCTTA	0.0475564985122867
CCACCGCACTTATCAAGACGCACTCTGGTAGCGTAC	0.00340247887596696
GTAAGAACTGTGGATGTATCCATGGTATTTGGTCCG	0.0493780416814152
GTTAGTCTACTTAGTGCCGGCCCCTTTTCTTGTTAA	0.15881594377695
AGTATATCTTGAGGGCAACAACTAATTGCCTTCTCC	1.01399029218161
TATGTAGATCAGTAATCTACGATGACGATCATCGTC	0.201280567059072
CGTATATGCGTAATTATTGCACTGGTACACTGGTAA	1.24193313778098
GGAAATTGCCCAATTATAGCTGATACGTAGGGCTAG	1.87150667958658
GCACGGAACCAGCAAATCCATGTGCTGTATCATAAT	0.0191469451704313
AAGATATGATACGGGTCACCAGCCTAACGAGGTGAG	0.365470156297149
TAGAAATGGCGGATTCGCTTAATAAAGGAGGCTCCA	0.0245394480441577
CCACGGTATGTATCACTACCCTCCAAGTGTGTGATG	0.0228263224212455
GGTCGACCAATTAAGCACGCGGTTAGGTCGACAATC	1.28506568372417
TGCATAACGACCGGCACGTGCCTTTCATATGTATCT	0.0259620036371448
TAACAGTAACACCTCACCCTACATCTCTACATGTTT	0.0981991744481315
TCCCATCGCTCGCTTAATCGGACCGCCTTGGGTGCC	0.478345050454433
CGAAATCTTACATGCTCTTGGGTCTAAGACGCACGT	0.131526335862825
TAGGTAATTATACTGACAAGAACCTTTGCTATATTT	2.06876327818802
TCCGCTATTTGTCCGCGAAAAACAACATACAGTTCG	0.0970088562070715
GTTGGTCGTGATAATCCAACAACAACTACCCAGATA	0.435495004482056
GAGTTATGACCAGTTGTGATTGACAACCATTAGTTG	0.346351281372592
TATTTGGTCCGTGAGCTGCTGAGCTAATACGATTAC	0.172861352430816
TCCCGCCCTAACGACCCACAGTAATCGAATATATAG	0.797709281229942
GGAACCATTTACAGTAAAAGTAGTAAACACTTAGAC	0.0614420823600839
GGAAGAGGCAGCAGTACTACGCAATCATCTTCCACC	0.00741480276154596
GATCCATTAGAAGAACCCGCCATTACGACGATCAGG	0.338839515495587
GTGTTTCGCTCCGGGTAACCAAAATAATTAATTACA	0.915234363934823
GAAGTACGGTTACATATTACTTTTATAGAGCCGACA	0.0879902704896632
TGCTAGACATTCGCAACCAATACAATTAGACACAGA	0.158580964263884
TGCCTTATGCGTGATGTACCTCGTAACTGTTAACTA	0.00511060662494742
AGAAACCATGACGCATCGTCTAGTAAATTATCCTTC	0.0937685506733255
GTCTGAGTGTCTTACTGAAGCTCTAACCACGTCGAT	0.00688906856702836
ACAGAGTCTGTAACTATCTGTGGTAGACCCATGGTA	0.0562896687960782
GCATTAACATGGGAAACGGATTTCGCAAGCCAATCA	0.116444477876679
GCCATTCATTCTTAACGACTTAGCCCATAGCGTGGC	0.192127261586192
GTAGGTAATAAATCTTGGACGGCTTCCTATGGCCGT	0.210490026812736
GAACCATTACACAAAGAATCCCATTTAATCGATTAC	0.872112147469143
GCACTTATTGCTTATATCAGTGCATCTAGGCTGGAT	0.229117589880931
GGCACTCACTGTGGGAGCAATTACCTCAAGGTGACA	0.386606961564351
CATATCCATTAAAGAAAGATGGCCAGCATAATTGAT	1.38499206106074
AGTCGTCGAGGATAGTGAGACCTGTCACTTCTCGTT	0.0726921181535666
TTCAATTGATCCTATACGAAGGTGGCCGTGATGAAA	0.111320546816721
ATATACCTCGAAGACACATTATAGACTTCATGTGAC	0.463476126611235
ACTCTAGTTAGAGCGTAATCATGCGGGCTCTGTGGA	1.07583119448929
GGCCCCTTGCTCATTAAACCATGCACGGAGCCCCGG	1.00635363086057
CACTTTCCATTTTACCGATTGGTGTTGACATTTGCT	0.0807527374401919
ACGCACTTAATAACCGATAAAGCGGTAAAATTAATA	0.779263802035415
CATCTATTCGACACATAATGTCGGATCTCACCAACG	0.10976607966866
AATCGGGTCGCTACGCTAATGCGGCCTATGCCGGGA	0.329987095879696
GTAATATTTGGCGTTAGTGCACAGTACGAGCACCCC	0.0430352584954473
GTGCAATTGATGTTAACGAGATCAAGCCGCTGTCCC	0.81768984637544
GATACTCAGCAATGGGTCCATACACAAGATGTTCGT	0.134080162436179
GGCATGCAAATCTGAATACACGTAGCTCCGCGTCAC	0.0361366487606883
GACCTGAATCCATGTTTCAACTGATGTCATAGAATA	0.0138689518420043
CAAAACCAACACGGCACTCAATTGGGATTCGAACTG	0.132989757741327
TTACCTCATTTGATCGTCCACCCCTGTTCCGACGGA	0.0155657748946442
GCCTGATTGGCCCTTGATGATTAATAGATGAGGCGT	0.909909282053552
GATGTGATGTCTGTACAGAGCCTCTACTTCCCCTAG	0.00214363454918943
GTCATGTATAGCTGCGTGAATCAGTCAGCCGCGATT	0.0625153752178071
CAAAATTATCCCAGTTCCGTCTAAAATGGTCGTCGC	0.0840604459335958
GGAGCCAATGGGATTTTGTATCCCAACCCTGATAGT	0.0295255208205377
CACTGGTCAATAATTGGCTGCTTGGCCATCCATTGC	1.44327230073009
TCATAGTGATTTGCTTATACGTCGACCTCACCATCA	0.0769508378817713
GATATATTTAGTGAAAGTGTAAAGCTGATCCCCTCC	0.0611775789662684
AGACCGCTTTGTTTGGAGTCCAGCGGATTAAGTGTT	0.0444450414559253
GGGTGCACTTATGATCACTTTCGCCTACGACACCTT	0.125850205738176
ATAGGTTCAATCTGGTGTGACTACTATTGTGCCACC	0.0383888126018577
GATTACTGTCTTATGATCGGAAGTGACTTACGTGTT	0.0993483505504809
GGTGAAATAGGTATGTTTCGAGTAGTGCGTTTGTAT	0.0949615243553166
AGTAATGTATTCATTTTAAGTGATAAACCGCATCGG	0.133388089356552
CAAATCGTACCTCGAATGTGGCTAATGCGAGGACCG	0.323491098150649
TTCGGCGGTTTATTTGTTATTGCCACTGGATGGCAA	0.260951415602798
ACTAGAATAGATAGAGTGAGTCCGGTTTCCACATTT	0.133240588234005
TCGTAAAGACCAATAGTCGGGTCCCCCATTTGCGTT	0.020894185700252
CGTGCCCTGAGCGAGCGTCCACTCAATGGTTATCGT	0.0529817844935047
AATGGTAGAAATCTTGCGCGCAACTCGTAAGCCGCA	0.0413015585197792
GGCCCGCCGTCTTACTCATCCTACTAACGAACTAAC	0.0750201274525796
AAGAAAGAATTATTGTATCGGACTAGTTCGCCGCGG	0.000467236296337224
CGATTTAATAGTCATGATGCCCAGGATTCCGAAGCT	0.297003144029923
AAAAAGTCCATTACCACACGGCCATTTGGTAAAGGC	0.141231735500375
AGACAGTCTTATTAATCCTCTGAACATCATCTTCGC	0.572585136690262
TTAATGCATTTAGGGCAGATGTACACCTTGCATTCA	0.00152223640817568
CTAAGCCGGGTTCATTGCAAATCGGCCTATTAGCAC	0.250260506428482
CCCTCAAATGTCCACTTTGGCGATAAGTGCGGTTTG	0.0200355404126661
ATCGTTCCACAATTTCACAGCCATGTATCCACCCAC	0.0457773635510814
CCCTTCCACTCATCGGAGTCTGGTCTAACTACCTCT	0.0105741223054841
CTGAATGTCACGCTGTGGGCCAGTTCGGGCATAATG	0.0182659320379661
AGTTTATGTTTCGTTGCAAGTGTGCTATATACTATG	0.128168836523392
GGGTGGTTGCATCTCGACGTGAGTTAAGTGCATCAG	0.00427162886682185
CTCTAGTGTTGCCACTTCATTAATTAGGCCTTCTTT	1.52867290233774
CACCGACATATGTTTATGTTCGCAGACCAGATAATC	0.0613617269934377
ACGAACTGGATAATAGATCTAAAACGCTTATCAGAA	0.0737112815100309
AAGAACTTCAATGGAATTGGGTTGCCTACATTAATG	0.0893388717845488
CTACTTACCCATGTATTAACTGGAATCAACAGACCC	0.156240066335182
GGAACAACACTTCCTACGCCTATCCTCTTCCCCTTC	0.0307956416030459
AAACGGGTGAATAGGAGCACTTGCCAAATTGGCGCT	0.1370605682911
GCTAATTGTAGCCGACTACGACGCAAGCGACTGTTG	0.33928854184157
CTTCAGGGTAATTTGAGGATGCTAATAATCCCCCAT	0.999019051071684
GTAACCCATATAATACTTTAAGGGACAATACCAAGG	0.0234297647121596
GACCCGATTTTCAGTTAATTCCATCACTCGGCCAAT	0.298051631105824
CCGGATGATCAACGATGTCTGTCTGATTCGTCCTTG	0.109596324815321
GCCCCACTAGCTACGTAACGAGGCTAGGGTCTACGT	0.0959174312215551
ATGGCTTGGTAGTCAGGCTATCCAGTAATCAAGCAT	0.0338734855492331
ACCATTAAGGACTCGAATGCGATTATGACCATCCAA	0.0633678426105949
ACCATGAGTTAATAGCCCATCGATTGAGTACCTGAA	1.14535472325401
GTGACTGCACTTAACGCAGTCGTATCCGCATTGGGC	0.328422658864201
GGCGCATAGAGTTCTTACATCGCTGCAATTAGAATC	0.406132653518695
AACCTGTCACGCTCGTTAGCGGTGTTCCGTACACAG	0.940991782356398
GGGGACACCACTATATCTCTGCTGGTCATGATTGCC	0.216821982483956
CTCGTCAATCTCGTAGTTAAGATTAATGTGATACCA	0.26214900472766
AGAACCCTAGTCATGAATAATTGAATGTACTTCGGC	0.646362824644099
GATATCCTTACTTATCAGACACACAACACGTTCGCC	0.226394992522935
GTAGACCGTTTAGTGCGTGGCAGATAGTATTCCGAG	0.13272040592539
TATGTGGTAGTTCCTGCACATTAATCAGTGGCATGA	0.393657838825761
GTCACATGATCCGATCATGTCCAGTTCTTGTTCCAC	0.16934406105624
CACGTGAGTCCAGCCTCGCTAATGGCATACGCTCAT	0.109184192625039
ACTTGCCAGCTTACTTATTTCTAGCCCATATTACCT	0.144086049538109
ATTCAATAGTTAATATAGGGAGCGTCAAGCGTTGTT	0.192124858900965
GTAGGCAGCCGCAAGACTTGACCGTCTACTGAATTA	0.00905240159837484
GGCTGATAAAAATCCTTTAATGATCACCGTCAGTGC	0.392741680556951
CTATATACTTGTAAATGTCAACACCTAACGTCCTCA	0.00336571949714891
CAATGTATTGAAATTCGCTTACCGGTTGTGGTATAC	0.106401914285366
CGGGACACCTGCGGGCTGCGTCTTTGATAATTATCG	0.098917100644807
GGTTACAGTCAGATGAGGGGATATTTACATTATGGT	0.14422488231019
AGTGTTATCTAACCTAATGAGGAAGGACGGGTAAGA	0.71225584049718
AATCGGCTATAGGGAACACCATTTGATTAGAGCAAG	0.0541127888630756
AGGACTGATTGCTGACTTCCACACACATCCCCATCC	0.0266981044608667
GCAACAATCTGTCGGGGAGAACTGTAACGCGCGGCT	0.000463333378073578
GACGCTAACTGTCTCCCCCTGCTCTAGGTTCCTAAT	0.0595486130545234
GGGTCCTTATCATCCGGGAAGTGTTCAATATAGGTT	0.0951432728511154
CTGTGAATTGAGCGTATACCCTGGTTAGGGAACCCA	0.0759936524144789
AGAGGATGGACTCCTAATTGCAGAGCGGCCGGGTAG	0.409556143613929
GACTGTCGCCTCCATCAATCCATAGCAAATGGTTCT	0.045658524305596
AAGCTATTTAACTGGAGAGTCTATACGAGATGCTAA	0.128197961064331
CGAGAATTAAACTTTACTTAGGCATCGTTGGCGATT	0.138910105738851
CGTGAGTAAAAGTGCATCGCCCTACCGTTTAGATAT	0.0268356133338438
TCCGGTAGTTAACTCCCGCAGGCGACACGCCGCGTG	0.383986803642962
AACCTTCCGCTTGCGTTCTTTAGATCGACTTGTTAT	0.0871293134806413
CATAGCCCGCTGGTAATAATATCGAAGAGTATTAAG	0.267724824945004
ACTGGTTGACTCTAACCAAACTCCTTGTGTGCTTGT	0.245724132425518
TGTAGATCTATATGGCGCTTAAACGACAGTGTGTCC	0.233348650290194
TGGCGAGAATGTTCCAATTTCGATTGTACTCTCGGC	0.0375928694704198
CTGAGGAGCTTGGGTACCTAATGCGTCAGATAGAGA	0.0670419776289733
CGCAAGTTATGGGTCCTAGTCTGGTAGTTTATGTTT	0.0907535891987767
CAACATATTCAGTGTGGGTGAGATACAATCCTGCCA	0.0371949213570174
CGCAGTGAGGGGCCTTGATTAACTTACTCCGACGAT	0.497030308434841
CGCTTTTGCACATCTGGGACTGCGCGTAACGAGTTC	0.0118535370157839
TTGTTGGTTCAATTGGGCCCTCCAGTGATTGGCACG	0.0708978552905998
GGCGCTTTTGTTGTGTTTGGTAAATATAAACACACC	0.0070848030413548
CCTCGAAATTCGAATAATTCATAGTCTATAGAAGTG	0.0474874582339048
ATCTAATATGCTTACGGGAACGAACGTTAGAGGGTG	0.284131581504554
ACGGGTGCAAGCCTTACTTTCCACCGGTAATTTACG	0.0289299999718656
GGCTCTTAGTTCTAATGAGCATCGAAACGGAGTGAG	0.532808012196467
ACTTGCCTTCATCGATTGCACGGATCAACGAATGAC	0.0465334020386445
AGAAATTGATGACAAGTTAGTATTACCGCCTCCGAT	0.0516872409518104
GCCTAGGCTTATTAGTAGGAGAGGGATAACTCATGG	0.597939023417751
GTCAATGTAATACGGCAGCATTGCGCCGAGGTTACC	0.0540578960042729
ACATTGAATTATATAGGCTGAAGGACTATAGAAAGG	0.198864375983746
TGATAATGACCTTATAAACCGGGTCCTGTGTTTTTC	0.50014433966798
GCTGATTTAGTTTTCGACTTGGTCGTTAGCATTGCA	0.124126517977157
TGTGTAATTAATAAGTCCCACCATTCCACTTAGGTT	1.43263273179021
CTACGTGAGACTCATTAGCATAGTCCGCAAATAAAG	0.813686516056801
CCGACATAGCTTGGGCATTTATGACCTATTCGCGCT	0.0147244509206127
ATAATAAGTGGTGATGCGCACCTGCTTAATTCACGC	0.587332607275077
GTACCTCCGATCGCATTCTAACGAGACTCCCAATGT	0.146428162040247
ATGAACCGAGGTTGTAGATATAAGCTAACTTGCCGT	0.15972370901606
CTAAGACTTCGATTACAGGGCCCCGCACTTTCCATT	0.242907116464122
GACCATTCCGATTGCAGGCTTCCGGGCACTGTTCTC	0.170506405254498
AGACACAACCAAGTGATTAAATCGATTACCCCCAGG	1.43945865719676
CACATCGATGTAAAGACCAGGGTCATGTGCGGTTCT	0.0451933342607413
CCTGATAATACTGGTTACCTTAGCACTGGATCCTGC	0.120277457439273
CCAGCGTTACCGACGCTAATCTGGGAAGCGAGCAGA	0.235836794769428
CGATGGCATTAGGTATAGCAAGTCGCCCTCCCCCCG	0.113968793748737
GTAGACGACATGATAATAGCGGAGTTTTGTCTACTG	0.0576883112160599
CTTAACGCTCCTTCGCACTAATGTTTGTATAGGCAG	0.00313788816252766
GGATAACGCGTTTTTCTGCATGCGCAAGCCTGTCTG	0.0735793176111912
GCAATTGACCAACGCTAGTGGGGATTCCGTACGTCT	0.0508878454444312
GTCGGATATGGGGTCATTCCCTCACCATGCCGCTAC	0.0319338805816737
GTCGCTGTAATGCGATGCACGGGTCCTGATGGCATT	0.213749335241147
GGATGTTTTTTACTTTATTCACCCATCATGGGTCTC	0.154127088467261
GAATACTGCAGTCGTGCAACACGAGCCCACTTGCTG	0.0491473923702098
TGCGCGACGGATCAATCTTGAAACTAGCTTAATTGT	0.22996737664087
GATATAAAGTGAGCCGTGTCAGGACTCTCACCTTAC	0.0194748366380698
CTGACGCCCTTCCGCCTATGTAACTAATTGATCCGG	1.21104026117274
ATAATTCTACCTGTCGGTCCATATCCAGCGGTTATA	0.000609752115250852
TTCTTCTCGCTGATGTAATTAGCCCCGAAGAGGATA	1.39834553913937
GGATACTTCAAGTTACTCTATCCCAATACTATCCTT	0.0877372381830469
GGGTGGCTATATGGTGTCTATCTGTCCCGTGTTAAG	0.0467115001802015
GGTCTCAGGAAATGAGGCGGTATTTGGGTTAATACC	0.00173866849141745
GTCCCTGTCGGATCAACATTATGCATTATGTAATGC	0.225132568706264
AGCATATAACGGCTCATCTCTGCAGCACAGATTGGT	0.0511770316285228
CTGGAACTGGATGTATTGTATATCTTATCCTTACCA	0.0320917640901327
GACCAGTCGCAATATGCTAAGCGGCGGGCATTCCGA	0.0065202740890475
GTACACTAGGTCGACCGCTTGTAACCCTATTTAGTA	0.0630829875576105
GACATGCTGCATAGGACGCCGCTGTGTCGAACATGA	0.00177751873343811
GACTTGAAGTCGTGTACGCATGATGCAATCATAATC	0.0742892159352772
AAACACGGAGAATAGTTAACTATTAGCGCCGGGGAT	0.182081435864143
TTTAATTACGACAACTAGCTCAGCTGAGGAATGGCT	0.19100660552577
ACGCCCATTGTAACCAGTACATCCAGAGGCTAACGC	0.0792071211733404
GGTGATTGAGGACGCACGGGACTGAGCCCGCTTTAT	0.15564539429745
CGGTAATCTAACATTGACTTTCGGGTCTTTCCAAGA	0.457255425220062
ACCCCACAAACTACGCTGCGACTTCAATCGTTTTTA	0.0571945275379477
GTCCGTTATATGTATAACAGTATGGTACTGACAGAC	0.141173026617588
TCACTATTAACTGATTAAGAAAGTAGTTATGACGCT	0.887032764410089
CGCTTTACGCAGACTCATGATAATGCGCTGGGTTAT	0.164578962795359
TTCGATTTCGTAATGGGTCATTAAGATTGGGTATCG	1.11970392022764
CAAGCTTCAATAAATGAAGCAACTGGGTGAATGATC	0.0679283310716251
GGAAATATCTTTCTGTCGCTCGTACCTTGGGTGATA	0.0532492151716424
GGGTCCTTACGTAATGTGATTAACCTGTTCGTGCCA	1.64586845569451
GATACTCTCTGCCAATTAAATCACATTATTCGTGCT	1.78869642352958
AATCTACCACTGTATAGCTCATGATACCATCATCGG	0.13605505642034
TTCTTAACCAGATATTGCCTGTTACAGTACCTCCTC	0.00468255197925481
ATCTTTTCTCTGCACGGTCAGCGGTGATTAACGGTG	0.117463639972073
AATCCAACCTCACTGTGCTCTTTACTAATGGTTCCG	0.0576126802770672
TCATGAATACCCATCTCTATACATTACTAAACGGCA	0.00205570071164811
GGCAGGGACAGAATCTGAGGCTAATTCCGCCTAATG	0.223316967475705
CCAGTCCAATTCACCACGCCTATAGTCGCAGGCCGA	0.0225652820066381
CATAATTAGTGTACATGACCCGCGCAATTCTATGCT	1.28723101503271
GACTAGAACAGCATATAGCAACTGCCCACGCACTAA	0.00190148536585588
CCAGTGATATTAGGGAGAATAAGTAGGCCGTTATTC	0.168692935755951
CTTCTCATAGTGCCCCCATAATGGAGATCATTGTTC	0.0647040387944628
ATTGAACCTCACACCAACTCGTCATACGTTAATGGC	0.026385885248079
TTGAATAAATTATAGTTAGTAGTCACGTGGCTGTCG	0.268274964988489
GTATGGCTGTGTATCAAACTGCCTGTGTAGCTGTGA	0.0721669619497275
ACCGCAACTACCTGTCACAGAGTCTCGCCTAACCTT	0.00868300933852851
ACTTGGATAATGACGGGCCTAGCCTATAGGACGGCC	0.171878137494783
GAGTGGAGTCCCTGCATAAGAACGTCTGCTACTCTT	0.0788145119807074
TTTGCAATAATCCGTTCTCTACATAAAACTAGAAGG	0.160790238835363
GTCATATCGCCGCAAACGGAAATAAATATAACTGTT	0.0607942021153641
ATAACCAATGGGCATTGAGTACTACTCCCTCGAATC	0.0200215345665337
TGCTAATCGACGCTCTGTAGAATTAACAAACTGACA	0.909871907182728
GTTTCTTTGCGCTTGTAATGGACCTGAGACTAAACT	0.121077988974227
CCTGGCCGCGGTCTAACAAGGTCGAACCTAACGCCT	0.0018818290143089
CAGTTGGTCGAAATTCATTACGTGCAACCCTCGCTG	0.25116358483089
AGTACAAATGGCTGTCAGCAGGGATTACTTGTGTCT	0.0400861553082178
GGCCGGTGGTTGAAGATCATAGCGTAAATTGACTTA	0.251232134129146
GGCCCGATTATTCACCTTAGCCGTGTGGGGTAATCC	0.342787596107417
TATGGTCTTCTAGGGAGCCCCATTGACTTAATTAAC	1.04566860665637
CAAACTCGACAGACAATGTTCAATCAAGTCGCGTTC	0.0176362306132328
ACAACGTATATTCCCTTAGCGCGCTCGTTCCCGTCT	0.0734384930122154
GGAAATCTAGTTTATTTGGCGCATCGACCCACGTTA	0.323305080566575
GCCATGTCGCTTTACGTTCTACCCTGTGTGCATAGT	0.0699549997339309
ATAGCGACGTCACTGCAGTGGACCACTTCTAAATTG	0.066975749733509
CCCGGGCACTTCCTAAATTACTGCTTACAAAAGCCG	0.121447356602572
CTAGGTACAGCCCGTGTCCTTAATTGTCTTAGCCCG	0.589844676047632
ACTACGCCGTAACAGTATTACGGGGTCAATTATCTT	0.892289562817935
GACCGGTGATATAAATAGATTACAGCACCGACTGCG	0.379892120336084
GATCCAATACTTTGGTTCCACTTTGCATCCTAATGA	0.684280392351857
GCGCGTGCTGATCGTTACTCAATTAATCAGATTAGA	1.59792902372
AAGCTCCAATTGGTGATACTGCAACATATACTCTGG	0.080744399284943
GGAGCGAAGCTCGCGACCCACGAGCTGATTAATTAA	0.499110021808381
AGGCAAAGTACTTACAACTTTGGCCGTATTAATGTA	0.0777949538089572
GGCTAGCGAAATTCGTCGCGATTATCAGGATATTAG	0.128558026124501
CTGATCGGCTCGGTGTAGTTTTGATACTTTCTTACA	0.0201158128820596
GACAAGACTCGTCTATCCTGTCATTTAAGAACTGAT	0.196442630469358
TGTAGGCATCATCAGCCCCTCGGGCACATTACGGTA	0.126556700958761
GGTGTACGCTAAGGATGCTACTACGACCTAACACGT	0.227218384101238
CTCTTCTGCCTGTGCTCGGATTATTCGACTCTAAAG	0.0666792640827633
GATACCCCGCAATTATTCCGACAAATGCCTAGATTG	0.495450131907739
TCAGCACGAGAATATACTGATCAGGTTAGTAATGAT	0.174128483994456
CATCACATATGACCTTACTTTATGTGTGAAACACCA	0.0101228203262167
ATGAACATTAGGGGAATGTGGATCCTGTCCGAAGTC	0.120254826427257
GTCTGAAGTATAATCAGGAGAACTCTTTCGAAGGTC	0.173521292103222
GAGTACCTGAATCGCGTCATTAAACTTACAGCTGAC	0.250301425624791
GCGTTAACCACGCTTCACTGTATTGGACAGATTCCT	0.0484619892111393
ACCCTGATAGTTCCAGTCTGCATTGCAATCCGCAGC	0.0343281087754673
CAAAAATGCTAATCCAGCCTACCTCGGCCCGGCGGC	0.139953091493833
TACACAAATCTATGGTCTCGATTAGCGCGAGGCCAG	0.306984386312176
ACTAATCTTTACATCAGCTGATTTTCCCGCTACCGG	0.0578281112407419
GATATTGCCGACCTAACTATGCAAGACAACAGCTAA	0.136732343301473
CGATCTTAATCACATCCTTTCCTATCAATTACAGCG	1.04577609664669
GAATTATCCTGTGAAATACATAATACCCTTCCAGTG	0.101922683497574
AAGACATACCATTTGCATATGTGTAAACGTTGGGCA	0.0097232155604039
TGACCGTAATATCTAACGAGGGAGATACTGAATTTA	0.0936018996419919
GGGAAGCTCGTTACTGGATACTCTATTACAGAGAGA	0.262500872636685
TAACTAAATGGGAGTCTTGATATTAGCTCTGTTGAG	0.0459920128049144
ATACTAATACGTTATCGGGGAAGAGGCCATGCGAGT	0.323631242463881
GACCGCTATCATTTATGGCTCATAAACCCGAGTTCC	0.211944764259488
AATCTAAATCAACCGAGTTAAATCCGCCAACCGCCT	0.154847246840754
CGTTATGACTAACTGATGTAGCGCCAAAGGTTGACC	0.0466122811376368
GTAGCGTACATAAGACGTCGTATATTGGTCGGATTC	0.0932394938373587
CTGCGATAATTACTTTTGATCCACAGAGCAGTGAAT	1.62916968360472
ACACAATTGTCGGGTCACAATACTGTAGGGCCCTCT	0.152586603481715
CATGTAATCAGAGGTCGCCAAAGATCAACGGGGTTA	0.148928289138452
AGATGGCTAATATTCCTCAGGTGGCAAGCGTAAAGT	0.189830506949793
CCGCCGAAAATTAGCGTTCAGAAATCAACCCCTGCT	0.171099949163783
TCCCAGGCTGTATTCACTCCAACGAAAACTAATAAG	0.0164223584609909
GTTCCTGGCTAACGCTTCATTACATATAAGATTGGA	0.159703453326747
TTGGCCTAAATTAGGTACAATAACGTGGCAAAAAAC	0.758692221155406
CATGTTAGGTGTGCTGCAACGCAACGCCACCTTCTA	2.92114861588206e-05
CTTTTGGATATCTGACGCTGGTTATGCGTGGACACT	0.100305408257631
ATTCTAACTATCCTTGAAGTCCGTGGGGTATTGGCG	0.169394112611651
ACACAGGCTGTTCTCTAATTACGCGAAACCCGTTCT	1.46085825239476
GTTATATTAATCGATCTGGTCTACTCGGATGTGCGG	1.60057950986501
TCGAACTAACAAGCATACGTTGACAGCAGAATTACG	0.235224288610813
CAATATCGCTTGCTGCATGTGATCTATCAACTTCGA	0.0414110069415149
GTGAAAAAACGCGAGATCGCTTCTATTAGTCACATT	0.00418121313322417
AAGGGGAGCCTCTTCAACCATAATTACCGTTATCAA	0.790996126150759
TTCCGCTAATCTCTTCGCCAAGAGTTATTCACCGCG	0.255048189042594
GAATTGTGCTTACTCTGTCAGTGAGAAACTTAATCA	0.220177858859321
GAGAGAAGAAAGGTCGTTAGTTAATTAGATAGAAGG	1.45614136988695
AATCAAGCAGCAACATACCCTTAATCCCAATTGCGG	0.0343256221554422
GTGATCGACGAAACCTGATTCGTATCCCTATATCAT	0.0017332586037864
CCCTAGCCTTAGATGTATCATTGTCCAATATGGCGT	0.00481366561923166
CCAGTATAGATGATGATTAGATCCCGCGGGTAGGCA	0.345260019902158
GCCCCCACGATCGGAATTAGTTAACCTCATTACATT	0.439190733116163
GCAATTAGTAAGATTCACGGTATCTTACAACTCACC	0.33237897359187
CATAAACTTGTTACCGTGCCAACAAATTATTGCGGA	0.277458162408414
TCTTAACTAGCATCAAAGTACCTGTAAGGCTCGAGT	0.0419947150251796
GCGCCATGTTTCTCAGATTATCCCCCTTATTAGTGC	0.442780236389674
GCCCTAGTATGATACGTACTTACTGCTAGCATCTAT	0.18226780721516
GTCTTGCTGATATTCTTGCGGCCCGAACTGCCCATC	0.000586267796390598
GCCTGCCAGGAACACAATACACCGTAATACGATCTG	0.0576535261852092
GTTACTTATAATCCATTAAGCTTCAAGGGGATATGC	0.635291903087317
ACTTAGCGCACCTGTAATCCTAACCAGTTGGCATGA	0.00310563221040436
ACGCATCCTATTCTATCGTCTACTTTATGGACATCA	0.0383800476085902
ATGTTATGCCTGACATAATTCCTGGGATAGGAAGGC	0.133492697476661
ACATATAGCCTCTTTAGTCAACGTAAAGTGGCTACT	0.0901711156253414
GCCGTTGATTCCACCTATCACGGAAAAAAGGCACTT	0.0622579138696434
TGCGATCCTACCAAACTGGCCTCACTCGGGTAAATT	0.0788475174133866
CTCACGACGGATATATACGCTAGAGTGCTTTGATTC	0.0912120336389843
CGATCGTATACTCGCTGGGAACAAACTGTACCGGAT	0.076080704727663
ATTGATTGATGGCTAACTAAATTAAGCGCATGGAGG	1.67144940489161
GCACGTTTGATCTAATTCTTGAAGACTTCAACCACT	0.245130242750502
GACCGCACATCTGTAGTATCCCGCTGATCTGCCCGC	0.163986521626153
CTCGTGTGACGAGCTAATGTTCAGCACTTGACCCAT	0.0283998432311864
GGAGACTACATTATCGAGCCAGGCCGCAAACACTTC	0.317591753575763
ACACAGGCGTAATAGAGACCACATAGCCGACTCTAG	0.178455355846774
CCAAATCATTAAACCCCCGGACACTCTGCCACACCT	0.430049925262008
CATACATAATTAAACACTAGGAGAGATATGTTGAAA	0.998425122610066
TATCCCCTATGTAGATAGACTCTGTATCGGTCATGT	0.0249667022616093
ACTATCCATGGCTAAGAGGCCCGCGATCAGTTCCCA	0.0280942802369554
GACCGATGACAGCCGTGAATATAATCGAGTTTGCAG	0.232303046320887
GGATTCACCCAAACGACGCCTAGACCGCGCTTTCGT	0.0308307665919171
GGCATTTTGGTCAATTAAAGGACCCGTATTTGCCTG	1.42391258729237
ATGGTGTGTCTGAGTGAAGGGGTAAATTGGATTGAA	0.289379909693224
AATTGGCTCCAAGGATTTACGGCATTAGTAATCAAT	0.0489732493757607
ACATCTGTTGATTCATCCGGGGTCATCTAAAACAGA	0.0491629759607386
AATCAAAACTAAATGACTCGTTGGAACACGATCGTT	0.0491566939593286
TGCAAGTACGGGTCAATGAGATTACATATGTCTGCG	0.0251202082542185
GGTTCAAATTGCGCCAAAATTTATTAGACGCATTCG	0.398569381559498
TTAGACAGTGCACCTCCCTAATTTTTGCCGAGGTCG	0.0346522651691031
GGGGCTTTATTGTGCGAGGCATTAAGTCATAGGCCT	0.00820126505079013
AACCTTTCATTTCAATACGAGCTCTATTAGACTGAT	0.0530785697898922
ATCCTATGACCTAGCTAGTCATTACGAACATAGTCC	0.133982487726306
ACTATAGGATGATCGATAATCGTTCTAATCGGCTGG	0.570230131236767
AGATCATGAGATGATAGCTGGTCGTGCAAAGTATTC	0.159759405723505
CGGCTAACACATTGTTGGTTTTTAGAGTCCGGGTGA	0.0578637634847902
AGACTGTAACGAATACATTGGGAGCACGATTGAGGA	0.227171590113488
CCTTTTGTGTGGGTCTAGGGTGCTAATGAACCAATC	1.12207018070788
CCACTCATAGTCGTTATGCCAGTGATCGATACCTAA	0.376911583799115
TGGACCCCATCTAATGAGTTAGTGACCGCCCCAGAT	0.882118534441067
AGAGTTTCCTGCCCGTGCATAGATAGTATGTTATTG	0.0178141134138337
GATAATTTTTTAGCGCCATGGGAGCGTCGTCGTCTT	0.0366211545020297
CCCAGTTAATTATGCGCCACGAGTCCGTCATAGTTA	1.60179661759925
CAGATCAGGGTTAATTGTCCATCATCTGACGGTCCT	1.12117163980409
GGTGGAATTACAGAGGCTTGCGGATACGATTGTTGT	0.0887657814638408
CATTTACTGATAACAAATTGCGTGTTCGTGTAAGTA	0.174846036368876
GCTACCCATATTTCGACCCCATTGAACCGTGTTACT	0.0792923666443764
GCTACTAACCTGTGGGTTTATCCCCTGTACAGTGGG	0.0469442156156191
ACATCCATACAGATCATTCACTTACGCTCACTGCAG	0.217068231944411
ACCTACCTACTTGCAAGCAAACCAATGTGACTTATT	0.0399302383956721
GCCTCGGTTCACAGCTACATAAATAGCATAAGTGTC	0.0310082526654852
TACAGTTAGTTGCAGTAACCATGCCCTTAGTGACAG	0.028741806618125
ACCTTTATTGACTACAATCTGCAGGACGTCAGCAGA	0.277136477889405
CGATAATTAACCCATAACCGGGTCTACATCTGTTGA	1.58076693219516
ACGCCCAAATAATCACAGCAGTTTGGACCTGAATGA	0.0605234361380942
CATAAACGGTTGATAAGATGCCCAATATCGTTCACT	0.0933775569861846
CCCGTAATTCGGGAATGATCGGCATGGATAGATGAA	0.22748177089808
TACATTAATTGTGCTACAGTAGCCATCTTCTTTATC	0.767479269160668
GCATACACGAGCACCATTAGGGCGATCGCAGTAGAA	0.0282323138259503
AGCCTTACAACTAGTTTGGCATGGCACATTAGTTGG	0.175356700073446
GTATGTCGGTTATGTCCTCAGACAGTATAGAATCGA	0.0226456087765358
TCGCTAATCACAACGATTATAAGCGCCCGTAATTCG	1.06280734407409
CATCATTTATTATCGCTTAATGTTCTGGTCTGATCA	0.845872318217641
ATAGAGCACGGGGAATTACTAAGCAACACTCTCACG	0.0214917308020518
AGGGTTGACTCACCATTAGCTATGACACATCCCTTA	0.0451958762816497
CATCATGGTTAGCATCTCACTCGGTCGGTGTTCTGC	0.0269912324076167
CCAATCGTCACGTCAGGATATGGAGCTATAATCACC	0.0300071370769554
CCGCCCTACCTCCCTTAAATTGAGCTAATCTAGAGA	0.255140497298967
CCGTCTTTAATCTACTCACGGCTCCGCCGCTCGATG	0.275560665066591
GGAGACCCTGACCTCTAAATAGCGTGGGTCGTTACT	0.113549178395992
GGAACGTCGAGTCGATTACACTTATGCACAACGAGG	0.30913786169882
GCGTGAACAAGCGGTACCTACTTAGTTTTACACGCT	0.119043747744532
TGTAACGCAAGGTAGTTAAGGAATCCGGGAACGTGC	0.188544761551853
CATGAGGCGTGTACACCATCGATGTTCCTGGCGGGT	0.0371037480108301
CTAGGGGCACTACATTTATACATTCGTACGACCCGT	0.246980062280687
AGGGATGACTACTGCGTATAATCGGAGGATACCATG	0.259488153662878
GTTTTCATCGGGTAAAGACCCCCTCCTTATTAAGAA	0.0220672826484695
AGACAGCAATCTCCACCTAACTGGGCGTACAATTGT	0.188862252805708
CGCGCACGCGAGACCATTTGGGTAATAACACTGATT	0.0216317645338299
AGATGAATGCTCTACTCTGTCCACATTATACCAGCG	0.0876104403207232
GACTCGGTGGTTCATCATAGAATCAGGGGCTAGACC	0.0580846319718734
CTACTCTAAACGACATCACCGCGCGCTAGCTAACGG	0.066615124120871
GTCCTCCTCGATATGCGGTTGTTATCTGATTTATGA	0.162662497645404
GAGCCAAAGTGTATTATGAGCACAATCAGCTCCCTA	0.196689081645437
TAAGACATTGATTATTAGGCGATACGAAGCCGGGAC	0.267167471769789
GTCATGTCCCCTTACGCATTACGACATAGCAGTTAG	0.122233862428094
GGCATTGGGTCGAGGCAGCCTATTATGACGGTCGCT	0.116393314137103
TCATGTGTTCGATTTATATGACCATTGTTGGAGGGC	0.0419028005504067
GAGTTAAAGCATCCGTACACGCCATATAGCTTTCTT	0.0175491971796015
TGCAGCCTAGGTAATGCATTACTTAGAAATTCCGTG	0.0413727214279042
AAGTAAATTCTAATTTTTTTTATTGACGGTGTGCAG	0.196910782235788
GAGTGCACTAACTGCTTGAGTCACGATACAACAGGC	0.0505993851134646
TGCGATACAACCAATAAGGCACGTCATTACTCTGGA	0.11228440230254
GCGATCCCACATTGGCTCCTCTTGATCACTAATAAT	0.204492882653182
ACAAGCCAATAGCACCTTAATTGCGAACACACGCCC	0.604532668956903
GGTTGCCTATTAACGTTACTTCGAGATAACCGGTTA	0.666712327677622
AGTATGTTGGTGCTGAACTTATCTGCCTGACTCAAA	0.0256054834614203
CTTCTGCTATTAAGGGTTGTTGTCGCTCACCAGGGT	0.024485770127613
CGCTACACTGGCCATTACCTTACCTGTGTGACATAA	0.0283445290320202
CCACTTAAGTGGTTAGTCGTTACCGGCATTATGTTC	0.848960408852965
CCCTTAACGCTATCCGTCTCTGTCTGGGTCAATAGT	0.0101010629379034
GAGTTAACGCTCTAAGTTAATATGCCCCACTTCTCC	0.551276537259114
ACACAACTAATATAACACCCCTCTTTATTACACAAC	0.662822812422695
CATCTGTAGACGATGGTTGCCAACGGGTCAACCTCC	0.0212960565316221
GGGTGAAAAACCCCCCAACCTAATTAGGGATTCCGG	3.21102885777915
TATAGAGTATGCCGAATCAATAGCGGTGAATTTCGT	0.0269657458692389
GAGAGCTGAGTGAGGAAGTTCGTAGTTGGTCAGCCA	0.00103475300716071
CCGGAAGCGCTAATACCGTTTACCGCCGCATATTAG	0.212594390796468
GGAGTGAGCAAAGGGTAGTTACCGACCAGCGACCGG	0.222738992007824
GGCATGTCGCCGTATCCGATTTTATGTGGCAACTCG	0.00644121059698422
GGGACAGGAACCAAGAGAATTACCGACATGCTGAGC	0.0288353869912011
AGGGTAAGACGTGGATTAGCCGGCATGCCTTGCACA	0.0656768809523705
GCAGAATTACGCGTCCATGGCTCGAGCTCGCGTCGG	0.0201644410681835
ACGTGCGCGTTAAGTCTTGTATTAATGGGGTCACAG	0.231431701182504
AGATCGTTAATACATCTCTTACGAATCACCCCTGAT	0.474214350293829
GGAATAATCAGACGAGGCAGTATACAGGTAGAAGCG	0.341707563688143
CCTCTCATACTAATTTGTACATAGTCTGGAGGTAGT	0.926920689140344
GATAATTCCCTGGGAGTTATAAAGCTGCACCATGGG	0.158011864439209
CACGCCTGGTTATGTCACTGCCCTGTGAGTCCGAAA	0.0243537370645932
TGGTGCTTCTGCATATTATCTAGTCACTCGTCCTGC	0.0334921878506924
CGGCATTGTGGAGAACAAACGCTAATTCTTCCCTGG	0.129170205283305
CAGCGGATAATCTGGCGAGGTTATATTAGAGCCCCG	0.0171553286431579
CGTCAAATTTGCACTTATCCGAGGTCTCTTAATGCT	0.243693118985322
TCATGTGCTTAATAGGTTTTTAACGTTGATTTCGTC	0.786278373570467
GGACCAATAGGCCGTGTTTATTCACTGTAAGTTGGA	0.0237862749986237
CCCGACTGACTCTGTTATATCTGGGGTTCACTGATT	0.0924856695668935
GTCGATAGGCTTGCCAATTACGCTTAAATACATTGT	1.17723409992385
GCGATGGCTGCACACCTGTTACATCGTGGCGTCGCG	0.034697095239832
ACGCAACACTGCCAGTTTAAGTAAGTCCATATTTCT	0.130411463280354
GTTCTCAGCTCAGACCATCTGTCAGTCCTCGTCCTA	0.0189614456172398
GTGATGTGTAGGTGCTCACTTTTGAGGCAAGTTCCG	0.133011444622973
GGGTATATACCCCCACACAGACAGGTGTGGTTTTCG	0.0907993517841947
ACGATGTGCTCAAGTCAACGATGGTCAAATCATCGA	0.10105179112592
ATCCGATCGACAATATTTGGAACCTTTCCATTAGCA	0.151111802066506
GAAACTTATTGTTCGTAAAGGAGATGAGCGTAATTT	0.369547728127617
GATCAGATACGTGTACATTCGGTCGCTAGCTCCGCA	0.173248530660981
GCAGGCTGATTGTCGTAACCGTGTTTAGCTGGGGAA	0.152826029205995
GTGGTAGCTTTTGGCTAATCTGACTTTTGCGCTTTC	0.168072947432086
CCATATCACAAGTTCGAGAATAATTCTGCTCGTGTA	0.0215920545802681
CTACTAACTACATAGGTTTGGTTTCAAAACCTCACT	0.0760277720061752
AGGTAATGCGAATACTCGATCACTTACCGCTCTCAA	0.272500517506739
CTATCCAACTGTTATCATAATGTAGTCTCCGCCTAT	0.176749752317528
CCGTATGTAGCTTATGAAGTCATGGTGAGGGCACAT	0.032101815805199
GAATCCACGGAGACGTCCATTTTGCTAATATATCTG	0.239857493571727
CGCAAGCACTATTACAACGAATGGGGAGCGACGCAT	0.0413911343790721
GGCACAGGGTTGGACGCCGTGGTAATTCAGGCTAAT	0.0793334085048874
GCATTGGCTCACTCATAACATAGCGCCGTGTCTAGA	0.0422227679075572
CTCTTGTAGCACTATTGGTTAAACTGCTCGATAGGG	0.0341583015536839
ATACGGCTTTAACAAGTAAATATTATGACCTGAAGT	0.0432652514719929
ATGTAACGTGACTAGGAATTACCGCTGCCATCAGTC	0.150670498185504
AACCCTGGTATAATGGTACCATTAAAGGTTCCCGTC	0.018818195574796
CACAGTAAATGATGTCGTCCCCGGAGTCTAAGAACC	0.0563103348659859
TAGTGGTCCCACTAATTTACCATGCTACACGACCAT	0.813075987460187
CGTAATTACGGCGGCTTTTTGATGGTCTGCCATTGA	0.672472555580474
CTATTAATGCCACAGTGTGCACCAAGTGACTTGGCA	0.0236295532841674
GAATATACGTTATTCCCTGATAGCAGGCATATGGCA	0.0950821697909429
ATCAGTTAAAATTCCTGATATGCACCGCTAATGATC	0.652929297085147
CGGTAAATTGATAATGAGAGGGAAGACAATCAGGAT	1.08701584752211
GTAGGTCTGGTGCCCCCTTAATCCCAATCATTGCGT	0.0121186962470812
TGGGCGTTAATTGCACACGGGATCGTTGTCCGAACT	1.68982269673469
TGTTCTATCCTTGGTCAATGGGGCTAGCCAAGGGGT	0.0214181990131194
CCGGATATCTGCTATATGATACCTTGTTCTAGATGT	0.204621182141966
GTGATTAAGTTGAGGACGAGTACTAGTGGCTAATAG	0.526935009984971
GAATCAACACCAATGGTATACCTCCATCACCTTTGA	0.122647533273239
AACTTACCGTTTCCATCCAGCTGTAGCCATTGTCCA	0.0051908905512527
ATCCGTCGGATTGAGCACAACGTCACCACTTAAGTG	0.300868054622905
CAGATGTAGCAACAGTATGTCGTATAGAGGGTTCTT	0.0196388855930243
GGTATCTATCCGAACCAACATATATAGATAAAGGCT	0.00650757439643175
GAGCCAGTTGGATTGCTTATTGACAAGTATACCCCG	0.0864163612891169
CCACGCTCATAAATGGCCATGCCTACCCTCACTCCC	0.0739910012276844
TGGTAAAGCATGTGTTATTACATAGTAGCCGCCAGG	0.0290133222711153
GGTAGTAACTTCGATAAGTGGTTGCAGTCTCCCCTG	0.497988529122123
TCAGTCGATTTGGTGCGCTCCAAAATCTCAGCTGTA	0.0315126198400402
TACAGTCGTTGCGGATATCTAGATGGTTATTAGCCA	0.0671098079371228
CGGCTAAATCAGCTAAGAGGATTAGTAACAAACAAA	0.0314562143516627
TACTAATACAAATGTGTGGTCCGAATTTTTACACCT	0.00959540596742659
AGTGACTGTGTTCATTCTTCGTATATAAGTGTCGCT	0.0239814172046654
GACCATAGACAATTAGTTACTTTAGGGTTGGTCCGC	1.18789791095913
GATACCTTCTAGTATGAGGTAACCATATAAAGCTAG	0.0482694583331391
GGGCTAATCAAACAGACACTGACTCGGGGATGAATA	0.541124399227953
GATTCATGAGCGTAGAAACTACGTGGCATTGGCTGC	0.00362737790112066
ACGCTTTATGTGGAGGTAAGCACCGTCTAATTCATC	0.167050535947828
CCAGGCTAATAGTAATCGCTTAGGGTCGCTTTGCAC	0.368917213653693
TACGTTCATCATGCTTGTATGGCAAGAGTTGGTCGG	0.0126002480509754
GGTGTTAGATTCCGATGGACGGTAGCTGCAGTGAGA	0.0625391458142878
CGGTTCTCATCTGGACTATCCGTGTGAGTACCGTTT	0.018664493748663
CATGTACTCACTGGCGGCAATTTCCAGTCAACAAGC	0.149774742196412
AGCCCGCTTACGTGATTACGACCTCTCAAAGAAAGC	0.159063703827785
ATGATTTCGAGCCTCGATTGACCACGGCGGTACGAT	0.0876347835065343
GTCGAAGTTCCGTAGTTGTACATTATCATCGAGGTC	0.1355784194387
ACCTTCACGCGATATCCGTTTAATGACAACTCCACG	0.292416479295139
CAAACTATATTACCGGCAGCGCCGTGGTCGCCGCGC	0.341463866610743
AGTATCGCTAGTGATGACATATTTTAGCTCGGACCT	0.0735570917341912
TCTGTTGCCTAACAAGTACGCGAGAAGATGCTCCTG	0.0527076207083343
TGCATATGGGGCAATCGTAGCTTTCTGCCTGGATCG	0.00943667741982973
AAAAAACAAATTAAGTAACATTCCGCGTAGGTGTCC	1.09264737223079
CGAATCGGAGGTGCATTTAGTATGCCTCTATTTAGG	0.0470615543001726
ACCCAACCTCCGTGGAAAGTCGCGTAATCAATATAC	0.0418636090117125
GTGTGCTCTAAGTGGGCTGGGCCTTTGGAGATTTGT	0.442665664076121
ATTTAATTCACTTTTGCAATTCGATCTCCTACCGTA	0.485321583417242
ATCGTCAACAAACCAAGCTGCTGATTCGTGAGGACA	0.0508315840059881
AAGACCGCTCACAGCGTAGAAGGATAATTGCTGAAA	0.193444159327141
TTAATGAGCTTGCAACTCGCGCTGATATCTGGCATT	0.0479679543033387
CATTCAATCAATCTAGTTACGGCCGTGCCCACTGGG	0.366402960332627
CACCATAACTCGATGCGCGAACGAGTCTACCGTTAA	0.0308357152621772
AGAGCCATGATTATCGCACAAATACTTTCATTGATT	0.359269393705605
GAAATTGACACATCTGAACAATATGGATACCTCACT	0.0646958212208829
ATCATGTGCCGAACTATGTACCCACGTGCCTCAGTG	0.032174455697154
GCATACTATTTCTGTATCCGAGATTCCTACGTCCGT	0.119504748515484
ACGCTATTATCCGATTAGCGAAGACACTGGCCTGGC	1.28667401446132
CGTATACTCCATATCGATGTTGCCGGTACCCCCGAT	0.0255398603708166
TGCCACCCCGAGATCAACAATTAGCCCAAGGCCGCA	0.131235649029231
TCAGGATTTATGATATACATTAGGCCGGGACATAGA	0.0449157747880635
AGAGTGACGGTTGGTTAAGTGTGGATTTTCGGTGTT	0.0543855476784769
TAGGCATTATATCTGTAACAAAGTGGACTCGGATTG	0.0586347298225968
TGAAGCCCAAGTCATCACCAAAGTCATTAAGCCCAC	0.11301545069607
AGAGACATAATTTGACTAAGAGCCTAATATAGCGTC	1.05672520022403
ATGTTACTGCGGGAACAGAGTACACTCCAATTAAGT	0.500455260671791
GACAGAAATTGTTCTCACAATCGCCCCGTCATACTA	0.00866509647664866
GCATAATCACGGTGGTAGAGTCAATCCGGCACCCAG	0.233617217549823
CTGTCATATTTGACTAGCTCATTCATTGTATACTGG	0.101538205927293
CCTTCTTGATTAGGCTTTGGGCCCCCCCAACTCTCG	0.3654189568804
AGGGTCGTCCTACTTATTGGTATTAGTTGGGTCCTC	0.223026892438083
AGACACGGGTCTCTCATTATTAGAAGACTTTCACTT	0.295468569306623
GGACGCCTCAAACAATCGCAAGCCGTAGCCGTATTC	0.00876320093472973
GTGGGACAGAACGACCAGATATGATTATTAACGCCC	0.303564783492731
AAATGACTCCGGTATATACTGGGCAACCGCGAGGGG	0.0667721975646527
ACCGGAATACAGAACACGATAACCCCGAACAATGCG	0.0344781572671314
AGCTAACTGCCCTCCGACGGTAACTTGTAAACCAGC	0.0505947920449571
CCAAGATAACTAGAGTAAGCTTCTGGGCTTCGTTGC	0.166216573228183
GAACTCGACTGTGAAGAATAAGGTGGATTAAACGAG	0.115278212222184
ACAGTGTCATTAACGTTCTCCGTACATGTTATTGGG	1.08206945323491
ATTTACCGCTAACACGGTGCAATGTACCCGAGTAGT	0.0661956805081744
TAAGCAAGTGTGTATACCAATAATGACCGCGCTCAG	0.270558630207768
GCGTTCGCAATTATGTTATAATATAGTGCTCGCGCA	0.800659958832964
TCGCCTGCGTCAATTGGTAGGCGGTATAGTTAATGA	0.641923204854309
TGATGATAGTGGGCGAGTCTGGTTATTACAACTGGC	0.0782307146223433
ATAAAGACCGATTAACGCTCGGGAAGATTACCTAAA	0.356694570149799
AACAAACCCATATGTATACTGAACTCGTGGCTCACT	0.0189562948788487
GACTCTATGATATCGATGGTCGCATTTCATACGGTG	0.270215359691091
AATTAGCAATTACGGACGCGCGAAGGGTCTCTGGTT	0.499698732080937
ACGTGGTTCTTAAATGATGAATGTGCTGGCAGGATT	0.118058668394323
ACAATACCTTAACAAACATCAGTATACGGACAGTCA	0.0262966650247005
GACTAATGTGTTGATGCTCGGCTTTCCAACGCCGCC	0.617126371584967
CCGTTAATAGAAGTCGCTCTAGGTGTTCTCTGCTTG	0.303103092233077
AACTTTCAACATTCTTAATCTGGCATCCGCAGATAC	0.115980364597732
CAGATATCTGAAATCCTTAATAGAGTTCAGCAGACA	0.28156080269712
GGCACTTCATCCATCTATACACTGTTATCTGCCCCT	0.153493661752831
ATTTGAATAACTGCTAAAGAATTAAGTGGACAGAAC	0.0482854520723663
CAGATCACTCCGACTTTGTTGTACGGCTGCTAATTA	1.68374621586888
CGCTTACTGCTCATGAATTTCCTGGCTTCATTATTA	0.171664806574356
GCACGTGACTACTCCCAATCGACTGGTAGCGCTGGA	0.0305319966303031
TGCTAATGTGCCTCATAGGGCGTTAGGTGTTTCAGC	0.303482000650879
GGCAGCCCATGTAATTTCTTATAGCGCTGAGCTTAA	0.0764212974692426
CTCACATGTTACCTTCTGTTACCGTTTTGTAATATC	0.0701278716221237
CCACAGGATGTAGTCCTATGAGCATGCGGCTAACGG	0.00491244052536788
AGTTAAACTTGTCTGGTCGACATATGGCCGATTACG	0.0780871660885004
AATGACCCGTGTGATAACAAGAACAATTTTGTAACG	0.0446292601450315
CAATTTATCATTATAGCCGGCACCGGGCGAACTGGA	0.301320157444838
TGTGGATAATAATAGGGACACCAACGCTGCACTAGC	0.473375859068763
GTCGTCGTCTTTTGGTGTCATTACTACAATGCGCTT	0.417132586903792
ATCCGCGCTACTCTATAGCACCCGAACAAATATTGA	0.0161751723770408
AACACTACGCGTCATTGTTGGCAAAGGGCGTGACAA	0.0202192601018507
CTGTATTAGGTAGTGCCGTAGGTAAACCCCGTCGGC	0.0220364246590466
CCACATGATAGGAGTCACTTACCTTCTAAATATGGT	0.190458263137909
ATTGCAGGAATCAATCGATGTATCTCTGAAGGGTCA	0.0190712570802857
ATGCAGCGAGGAGCTAGCCTAATAACTAAACTGGGC	0.0363155149818013
GTGGACAGAACCCAAGCACATTGGATAATCCATACC	0.0394012186577933
TCACTAGAGTTGGCAGGCAGTGACCGTTAATTCGGT	0.324449639227336
TGCTACTGCCATTTAGGTCCTATAACCGCGCACGTT	0.0207267909190595
GTCGGTATGACATCCGACAACTTACTGCCTCGCCCG	0.0233836622446407
CGGAGTAAATGTAACAACTACATGATGAGTTATAGA	0.0948126719308182
GTCTATTAGCCGTATAAGGACGTGCACTAGCCACTA	0.421901485066726
CTAAATCGACACTAACCTACTTCGGGTTGGCCACAT	0.131540731019974
GACGCTTTGGTCGTCGTATGGTGAATTTAACTGATC	0.00574043580523863
TCAAAACAAAGGTTAATTTACCCCATACCTCGGGTC	0.649813778997765
GACACTATACAAAAACCTAATTATTAAACCCAGCCT	1.13556720611501
GACATGGGTGCTTCAACAACACGTAATATCACCAAT	0.0309020718536242
GCCTCTTGCGCGGCCACGGCAATTACGTGTAGTCCA	0.269380474240112
AGCCTACTATTCCGCGCGTTATGAGTTTCTTGAGGA	0.0142554321767852
CATAGAGGGATGATCCAATATAAATATGCCTAACCA	0.128470885109881
GTTGGTTAACGTGACACTTGTTCACAAAACGGTGCG	0.0181337590413863
GAACATTCTTGTAGGAGAATGACTGAGCTCATTTAC	0.0243623290368607
CTCGACCGATAAATTAAACATATCTGGCGAACAACC	0.235788179684275
CACCAAGCCATTAAACGAACCAAACATCTATAACGA	0.0996573289037472
CTAGCAATTAAAAGGTCCCGGTATTGAGTTCCCTCT	0.517046831257912
CTGCCACATTATTAACAGGGCGGCTTCGTGGAATGC	0.285322618748797
GTGGTAAATTCAATATTGCATGACGAGTAGCAGATC	0.311034672808825
ATGACACAAGTTGCGACGCGCTGATGAGATACCTTC	0.00132349492091554
AGCCAATGATATCACTGAATTAAACCAATACTCGGG	0.382610039464256
GACTCATGTGCCCCCACTTATAATATGCACACCTCG	0.225259236681645
CCATGCTATATAACGCCAGATACGTTCGTTGTGGGC	0.0262410777938394
TAGTATTACAATTAACCATTACTACCGCAGTCATCA	0.545104821411267
GTGTAACATATTCCACAATGCTGGCGGCACCCCGAA	0.00444417484096336
CTGCGTAATCACCGCTACGCTCGCAGTGGCTGAAAA	0.122194680277115
CAAGTGTAGATGGTCCTTGCTACCGACATTTCATTC	0.05447119322968
AGTGTTCTGTAACCACTTGATATTGCGAACGGTGTT	0.135938904907011
TGCCGCCACTGCCTCGATTATGGCTGTCGCGTTAGC	0.0344815735027509
ACACCACAGACCCGACAAAAGGGTATGATTGCTTCG	0.023039169639564
TGGTTCATTTATTGAGCACTCATCGATCAACGTTCA	0.495407492433678
GGAACGAGCTAGCTGAACTGAGATGTGGGGCATTTT	0.00390111530544446
GGTATAAAGTTTGCAAGCACGTTTCTCTGGGCGCGG	0.03103590035486
TCGTCTTATTGACTCTGGAATCCAACGATGACACTC	0.0342056402988188
GAAAACAATCGGCCTTGGCAGATTATAAGGTAATCT	0.125773562382077
TCATGATTGCCCATTATTATTAGCTGAACGAGATGG	0.846747141149986
GGCAGGCTCCACTTAGTCCTTATTGGAGTTTTACAG	0.194754939678695
ACAAGTTACCATACGTACAAGTGATCCGACTCGCGA	0.0518479975079145
ACCAATTTGTTCGGGACGACTAGATTCAATTTCTTG	0.114806757151879
GTACAGCATTAATTCTCGTAAGCTCGTAGCTCTTCG	0.341130437184609
GATCTAAACACGCATATAAGAGCAATCTTAACTAGC	0.100841113543897
CCAGCTGAGTTATTAAAAGCATTAAACCTGTAGGGA	0.111221732010941
ACTTGTACTATTGTAGGTATCCGCACACCTTATAAG	0.0841810247972026
CCGACATGTACTTTGATACTGCTCACCTTGCTACTC	0.0449780154812995
TCCTTAATTCGAGCTGTCCTACCAGGAGCTAAACTG	0.526482918941517
GATTGAATGCGAGAATTGAGTTTACTTAATCACGAG	0.178675267705072
CTTCTAGTGCTCCTGCTCGTTAATTTATGGGCCAAC	0.563464336338616
CAACAGCGTCGGATTATCGCTACCGAATTTGTCAAC	0.106555478744597
ATGTATCGGTGCGTCCTTCATCGTGGTTTCAGAGTC	0.00813127954102007
GGAGATTAGCCAAACATAAATCGACTAGCGGCCACG	0.293489253597127
CAATAAACGTAATAATACGCTCAATTAAGTGATGTT	1.96790541601076
GAGTCAATTCAACAGATACCAGGGATTGATTAAAGA	0.206946262893518
AGACTTATAAGAGTCATTACCCCAGAAATCACTTTG	0.17440037969025
CAGAGGGGTATCTAGTTATCCGAATTCCGCGCAAAT	0.206951716734306
ACGGATTTTAACTTAATAAGATCCTAGGCTAGTTTT	0.576622279621899
TTAAACTTCATCTACTTAACTAGTTAGCGATTAGAA	0.710268478379744
CGCTGGTCGTCACCGCTGTTAAATATGACGCACTTG	0.0130314351250426
AGTCGTATTTTATGGTCGGTGATGAGCTTTGAAACA	0.0780598767100223
TGTGACGACCATATTCACCGTCTCCAATTAGCAATT	1.30271530956029
CCAAGACAGTTACCATTATGGGAGGTTGGGGCTGGC	0.226545960503272
CGTGTTAACTCACTAAGAGTATAGAGGCGGACACGG	0.0167939077653544
CAGAGTTAATCGAACACGTACTCGCATGCACGTATA	0.544518385589805
CGTTCGTAAATAGATGGTGCAAGCGGGCTATCCCCT	0.00984206234929604
CCGCTTTAATCGCGATTGCACCTCGTTATGACCTTG	0.279951911602392
AGCCTAACCGGGATTAGCATCGGACGTTCACATGCT	0.055905634449071
CTGTCGACTAACCGTTACAGTCGCTATGGTGGTGTC	0.0130537373954352
ATCACACGGCATTTGATATAGTTGGTCCATTTTAGA	0.0726152560360723
CATTCCACGCGACGTGACCTATTAATAGGTAGGGGT	0.309644060097852
GAACTGGAGCTAGCTATTGGAATATCGCAAATGATG	0.0249270927673515
ATGCCACCATTTAACCAGTTTATGATAGGTGAGACG	0.199315337406364
GATAACCCTTAATTGGTCCTTCGCGATAGAAGGTCC	2.15313068863081
AATCCCTTAAAAGTCAGTGATACCCTCTCTTAATAG	0.0208330140186857
ACCAATTTTATCTATTGGGAGTGATTGGTTGCTAAA	0.281911682221165
CAAGATGCTACGTCGCTAATATCACTTTATGGCTGC	0.108205801199996
GCCCCCAAATAGGCATTAACGACCTGACCGCCACCT	0.39849504132779
TCACTCGACCCTAATAGACTCAGATTCTAACCTAGA	0.265961892270322
GATAGCTCGTTTGCATGCGATAGATGCACCTATGTC	0.445274001387294
ACTGGGCAGTATGTCTCGCTTACGGCATGGACTCTG	0.00735674600756345
GATTATGATGTAATACTATGCAAATGTCTATCTTCT	0.193724521949599
ATCACTAGCTGTTGTCATTGCGTACCCATCCTGCAC	0.106484252395354
CCTGGTTATAAGTACGACCATAAGACTGGCCTATCT	0.00498791147814468
ATCATCTAGTGATGTACGGATCTATTGGCCTGATTC	0.207767319267649
TTCTACCACTAATACACGCAATTCGTTGACCGGGCT	0.361633292689878
TCTGGTAATGACGTCCCGGTGGTGGCCGACGCTGGG	0.147495368053725
TTAGTAGGACCTTATTGACGTCACCAACCGTTTCGT	0.0636042888717815
ACTTTCAAATTTACGTTTTGTCCATCGAGATGCTGT	0.0588860695451524
ATCTTTATGGATTAGCAAATTGGGCTCCTCACGAAA	0.721274346785454
CCTAATTTCGGCTCGTTTGAGCAGTAAAGGAAACAA	0.00889869940833552
GTCAGTATATATCGCTGGAGGCGATTAAATATAGAT	0.124382989599592
CGATACATATATCGCGAAGCTCCATCTGCGCGCAAA	0.0187400353148883
AACTTAATGCGACGTGCGCTCCGTTTGTTAAGGGCC	0.204468475412991
AGCTTACAATTATAACCAATTAATTGTCAGCTTGCA	2.41724815788434
GCCACCTTCTAACCGCCTTAATGCAATATGGTTTGC	0.301564238539579
ATACGTATATGCAATTGCAGTGGCGCAACGGAAGCG	0.00370259498271941
GTTCACACCGAGTTATCGATCCTAAATTGGACACTC	0.574089854438075
CCACAGCTAATTACGGTCCGGCTGTGTGCACTCAGC	2.0292274650072
CCCCGTAATCAGGATGGTAATATCATGTTGAATATC	0.472966476402023
TTTCAAGCCATAATTCGCGGCCAGAGCTCACGCTAC	0.0601541163369672
ATCGTACTACAATCATACACATGTAGTGTCTTAGGT	0.079402796214475
TAGCAGTTTAACAGGTCTTCTCGTTAGTGACGTAAT	0.174274721539955
CAGAGTTGGATGGAGTACATATATAATATCGGTCTT	0.0519399984214064
GTAGTAAAACGACTCTTCTACAATGTTCTCGAGTGC	0.0350469741158501
TGTCGCTAGCAAATTTAATAACACATCGCCGGAGCT	0.514724287352599
CACCCAGTAACTATTGGTACCCTAGTTCTGGTCCCT	0.212724516526326
AGTCGTGCTGCAGTTATCATGCTGCTAGATGTAACT	0.0755668631512147
TAATGTAATTCCCCATTTTGGTTTTAGGACGGTAGT	0.167080023019046
GTAATAGCTCCAATCCCATGTCCTCATGTGCGAAAG	0.118412195613867
GGAAGCGATATCGATTACTCAAATTTTCCATTGAAC	0.522779242205178
GTTGGGTTAAACAACTGTTCGGTCTTAATGATCCTT	0.644587791113168
TGAGTTAATGCGGAGTAGAAGCGACGTGTTCTTGAG	0.141123198232739
ACAATAATTGAGACACTTGCGCATTGCCCCACTCGA	1.12461687827775
CTCCGCGACATGGTTACGGCACTGATATGTATTGCA	0.0211826092094262
CGGGTCAGATAACGAAATGAATTCTTTAGGCATTAG	0.0187371441826937
ATTCTATCCCCTTAACCAGCCGCATCGTGCAGACTG	0.0797900487653936
GACCAAGAACCCTCACTTGGTATGTCGTCCGATTGC	0.0109700529010739
GTTATACCCCAATCACACGTGATGCTTAACCTATGG	0.207612276165079
GGCTTACTACTATAATGGATTTCCCGCATTTTAAAT	0.346486502354926
GAATACTACTGCTGTAGTAGAGGAGACGTTCGCTTA	0.0484728170595684
GGTTACTACGAAGTACTCGCTCGCTACCGTCGGCCT	0.0133563891628604
CAACTCTAAATTACGATCACCTAAGCTATGGAGGCT	0.309253399750137
ATCTTTCGTCAGATTAAGTTATCCCTGCGTTAAGAC	0.208993344733238
GGTACAGGTCGATATTTGTTCTGTCCGGGGAAAACG	0.0419923745414811
GTGAATACCATTCGTGTAATCGAACTATGGGTTGCC	0.206274785641418
GGAGGCATTTTACAGCGTGAATTCGTTTAAAGGAGG	0.0527106430722336
GGGGCGCCTATTAGTTGACAGACCTGAATTGTATCT	0.633611532630891
CACGTGCACATATAGTCCTTTACATGACGTGCCATG	0.0211710007208661
GTCAGATTGAACTAAATCAGACGGCCGCATCTAGCC	0.0529418186719903
CAATACATTTGTCGCGGTACTCGCCTTAACAACTGC	0.0821734230752114
AACCCTCAAGACAATAATTATCTAGCGTGGTGGCCA	0.938872498520723
GGTCATTAGGGCTGCTCAACTAATGGAATTTAACAT	0.787276075416421
GACAGCCGTATTACCACTCCCCCCCATTGCCGGAAC	0.0638171384854707
GACTCGGTGTCCTTGCTTAATGGACTTAGGAGGGAT	0.490108979115312
ATGTGCGCTAGTCATACATGTCGTATCAGACTTACT	0.0689688708171224
ACTTCTCGTGATGGATCGAGTCGTTATCAACAAGGT	0.123811507923938
AATTGCACGAGGATCATTAACACGAAAATAAGTTGA	0.41732912740325
GTGATAATGGGGAGGTCAAGACAACTTAGGTATACA	0.398351832777882
ATTGCGGGATCGTGACTGTATCTATAACTGGGTGCG	0.036811314800362
AAACGGTGCATCGTTAGTAATATATGAATAGTAGGG	0.320254723497495
CACATGTAAGGTTACCTGATAACCCTACCGCCGCCC	0.0178813854797638
CCGGAGTTGGTTATGACTGTGATGTTTACACTTGGG	0.0116875317883087
TCCCCTTGACATCTGAATTTACCGTATTAGCTGTCA	0.102655902935576
CGGAACAGGGTCGTTATATACCGTCACCTTAGGATG	0.0546521162993319
GGCTGAATTGATCTGATGGACCGCCATCCGTTTGGG	0.257552043862002
ATTGACCTATTTCGCACTGGGTAGGTAAATGGGTCC	0.153313523244028
TGAGCGACAATGTGATTCGTTATTACGCCTACTAGG	0.0901426675411705
ATGTCACGGAACTAATAATGTCTTTATAGTTCGGCG	0.485593257322415
GAAATGACCCTAGTTGGTTCGCTTACAAACATTCGT	0.052808007869941
GCCCAGCATCAACCTAATGCAAGTTGTCGACCCCTC	0.0643835659207125
TTGGCAATTAGGACTATCGCCAGAGAGAAAGTGGAT	0.583541083609081
ACTTCTCTCGCTATCTAATTTTCAAACCTTACCTAA	0.177933463411848
AATGTGATTGTGGGATGCGATGTGATCTGAGTCTTG	0.093999475811852
ACGAAAGCAAGCAAATGTTGATTACAGTCCCATTGT	0.0336005777220732
TAACAACTCATAATACGGCCATGAGGGGCTCGTTGG	0.0956275195059024
CGCGGCTTGACTAATAAGTTACTCGCCATTCCCCCA	0.540805237821153
TGACTATAAACTTTATAATTACCTCCGAAATAGATT	0.957545849115315
CCGGAAGAGGCTTACAAATTAAAATTAGTGCCCACC	0.465945444786699
ATTTACACTTTAATCTGGAGCTGTCTGACTTATCGG	0.0762800036020548
GCTAATGAGCTGATGTATGGCAGCTCGCGTTCCTAC	0.805564231310844
GATGCCAATTATCGAGGACTAGCACACGATGAAGAA	1.37540632724082
CTGTTGTGACGATAATGACACCGACATCCACAGAAG	0.210135328663388
GCATATTGGTACGAGCAATTTGTCAGGATTTCCAGA	0.174947414580679
ACTTAAATCAGGTTTGATATTGAAGGGTGAGTCGGA	0.0423886697943301
GTGCCTAATACCGCAATATGACGGCAGCCGACTCGG	0.0558306557381763
GCGCTGTATATGGTTTAGATTATTTCGAACAAATCC	0.0463504595915208
ATCTTGCATTATCAGGGATAGGGCGGTCTGTAAGTT	0.166274952640952
TTCATATCGTCATAATAAGTACACCCGAGCTAGCAT	0.159696349971036
TGTAATTCATTGAGTAGGCACGCTTCTGCAGGCCTG	0.0668657723621863
TCTGGCCATGAAATTGGATATCCCTGTTTTGTACAA	0.0230346128805842
AGGACGATTAGCGTCTCTTCCGGATGCCGACGCGTC	0.399123903025773
CAGATGTAAAAATTAGCTCCTTTATATTTGAAAAGA	0.0904442579108257
AGTCATAATTGGTTATTTCTTCTTAGCGGTCACTAA	2.46311402361851
GGCTTTGATTGAGGTATAGGGAGAACTTCGGGTCCC	0.269622020323978
AGTCTGACTATCTTATAAAAGGGTCAGAGCTGATTT	0.00106092052687593
TTGGAGAAAGCTTGTTAGCAGATTTTGCAACTTAAT	0.193974159156931
GGTCGGATAGCGGTCATATTAAACACCTCCCAATAT	0.13957574977388
TTTGACTAATGATGGATTACTAATGAAAGAAGTTCA	0.82359897052932
GTAACTGTAGACACTGAACTACTGTTGGTCCTACCG	0.109539805636448
AGCAAGGAACTGCAGGATTTCGCTCTATTACCAGAT	0.0250419282966802
ATACCTGGCTAGAGCCATCGTTTGGATAATTGTACT	0.175547242249213
CTATCATCCAATCTTGTATGTATTATCACGACCGAC	0.169988985551992
TAGTAATGAGGCATTACACTTGACGCTACCGTTCCG	0.497812153628905
GTGTCGTGCGTAATTCCCAGCCAGGCTTCAGTTCAT	0.153088920562882
TGAAGGATGTGTAAGCACTGCTTATGCCTTAACTAG	0.0180261188985462
ATACGCACTAGGAAGTCACGTATCTAATTCAGTCGC	0.208908375193625
GGACTACTGATATCTTATGAGGGGCGTACATGGTCG	0.338908738038788
GCCAGACCCAGTAGATACAATGAGTTGAGTTAATGC	0.170845070125373
TGCCCGTGCGATCCCATTAATACGCCAAACAGCTTC	0.236738799762426
TACGTGCGTACTGACCGCACGGCTAAGTGAATTAGC	0.870614133342147
TGGACGAGTATATCGAGATATGTATCCGTAATAAGC	0.104912205163835
TAAACCTCTAATTTCCGGACGGCAGCGTCACGGAAA	0.0635460229480864
TCTGGACAATTATATAACGATGATGAGGTCGAGGTG	0.924909128420443
CGATATGCATTTAACCGCAAGGTTATTTCCAGAGGG	0.0609050268245649
CGCTGTGATCCGCCGAGCATCTAATTATGTAAATAT	1.05659083295141
ACCTCATTAAATGTATTAAGGTTGTTTAAAGTTGGG	1.64921327421145
AACATAACTGATGACTAAGCGAATAGACTGGGAAGG	0.0805717961009354
CCGCATAGGTCAATATACATTCAATGTGCACGAGTC	0.0394156731853932
AGACACTATCCCCAAGGATGAACTAATATGTGTATC	0.178415838735948
GTCTACCTTCACATTCACGAGGAATATACTTGCTTT	0.0491996727953853
GGTTCTAACGTGTGTCATTAGGCAGTTACGACGGCA	0.676351498567276
AGAATAGGCTAAATCTTAGGTGGGGCCGTCATTAAG	0.0586118424673391
GCGGTATCAATCTAAAATAAGACGATGTTGTCCGTA	0.0960503287519912
TATGTTAATAGGGTGGTAGGTTCGTCAAGCTGACCA	0.827669148156992
CTAATGTCTTACGCAATTGGAAGAATCGTCCGAATC	0.0493159451951031
CTAATGGGAATCGACGAGGAAATCGACCAATGGGAG	0.0476591768786572
TGCGCATAACCGATTCCTTCGCAACGGATTATGCTC	0.0257340310532353
ATCAGTACGCCTTTACAGTTGAACGTACACTGGCTT	0.00400556977044654
AATGTGTAATGACGAAAAACTAGTTAAGCTGCATAA	0.142973554155437
ACATCTTTGCTAGTTTGCCTAGGAGGAGTGTCCAAT	0.00354003639815757
GTCGATCAGTGAGGGCAAGCCACTACTGATGAGAGG	0.0407983600307819
GGATATCCTGGTCACTGAGGGGACACCTAGCCTTTT	0.0508310424371518
ATATTCTGTTTGACTATGTCCCGGTTCTGTTACTCA	0.00838543015747275
AACCTAGTGATTAACTACAGTGGGCGCCTCGATAAA	0.0315966062798212
CGAGCACCAAGCTACCAATAAATCATCCACTAGTGC	0.0162843449634002
GTCTGGGTACTAGCAGGGTGTTCGACTCGTAATGCG	0.0332815122259926
GTTTCCGATATGGTGATTAAAAACCAGCCGTTAGTC	0.297356050743833
ATGTATTATAGTATACCACTCCTGGGAGTGGCGTCG	0.128096625749776
AAGCGATAATGAAGTTCCCTTCTTTCTCCTCCCTGC	0.440831261184034
GCATCCGTCTGTCACTTACTAAGGGACTAATCCCGC	0.126102661919066
GCAAAGTATGTATTGAGTAAAACGTAGACACCACCG	0.00803354693241433
TACATCGTTCCGGTTGCTAACTTGTGCACTTAATCG	0.185587337173234
GGGACACTAGTGCATTAGTCCAGGTAAACGCGCTCT	0.304536656285918
ATAATGTTATCAAGATCGTACCGGGACCTACGTGCT	0.0638545188823221
CAACATAGGAATTAGATACCCTATAGTAGACGGTGT	0.165420759191589
CATTACGTTATTTGGATGTCGCTTCTGCGCCGACGA	0.0352629211360844
CTCTACTATCCGGTACGCATTCACTTTATACGATTG	0.0668976335266983
GGAAGATTCAGAGTTGGCCAATTTTCACTCCGCCGG	0.258651216693098
ACCACTAACTGTAACCATAACCCAGTGGTTGTAACC	0.0948617878424242
CCTCTCAATAAATTGGAGCAGTGACCTCCGTGTGGG	0.185231523179795
TGCCGGGATGCAAAGCAATTACACTGTTGAGATTCA	0.206665949522782
TAAAAGCGAGAGCAGTTACGCTAAGCCGTTAATTAA	0.80253088113035
CTATAACCAGCGCTGGTACTCCTACGTAGGTAATAA	0.0109849015132026
TCGTAAGACTAACGGTCCATTATTCATATTGCTATT	0.113907047898835
GACACATATCGTGTCGCCGGTTCAACAATCCGCTGG	0.213053669229268
CACTCGCAATCTCTATTTATACGCGACGCACAGGCG	0.0190110544586631
GCCTCATCGAGATTTCAATATCTCACCGATACCGTC	0.0358428903472381
GACGGCAACTAACAAAGTACTGGTGTATATGAGTTG	0.187492310613951
CCATCATTAGGCCACCTAGTCGAGGAAGGTCCCGTC	0.624269032617597
TTCTAGCTGACAACGCTAATAAGGTGCCGGGTATGA	1.3071927766724
TTCTGTATAACTATAATCCGCGCTTAGACTTGGCCT	0.139320526245252
CAGTGCTAATCATGCACCGGTTTTGCCGGGACCGTC	0.87772653642168
GTCGATTGTTTTCAACATGTCCTCTGTGAGGGAATA	0.010140957657656
GGATTCGTCGCTGCCTGCTGGGAGGGCTCAGTTGAT	0.0241200186266931
TCTCTGCCGTAACGAGCAGCACGCCTCTTAAGCACT	0.0961424533677925
GCTCTACCTGTAAACGAAAATTGGTATTGCAATAGG	0.0972413008529856
AGCGTGTTAATTTGCTTCAACTCACTCTGATCCATG	1.27724585707045
GTGTCATTGGATAGAGGCCAACTACACGGCGACGCA	0.0166959858311653
AGATGGTATCCGATCTCCCCCCTATTGCTGTAATTC	0.018856263243006
GAAGCACGGCTATTGTGTTCAGACTGTTATTGGCTG	0.0893173684868817
GCATAACTATCTTCAAACGTCCTTCTTGCTGTCATA	0.167498270037624
ACACTGTTCGGAAGGGTTAATATGATTTTATACTTG	0.251187560256018
GTATGTAATTACAAATCAGGATACATCCAGCAATAC	0.93164246755562
ATAGGGGAGATTATCACAATTGAGAATCTGAACGAC	0.0896039892362398
TAATGCCTAACTTACCTATTATCAGCGTAAGTAGGT	0.271941149127318
AATTCAATCATGAGGCTCACTAAGCACGACGTGGTC	0.0539466226828432
CTATGCAGTGGCAGTTAAGCAGGTTACCTCCGCGGC	0.040834692010555
GACACTTCATAGATACCATCGAGCTTATGCCCATTA	0.269223098089339
CATTCGGTGACTTTGCTCTGTGGTACCAATTTAGTC	0.0639961429699998
TACAAAACTTCTCTAATCTGCAAACACGACCCTCAA	0.00730683640554463
ACTGTGATTGAAGGTGCTAAGCAAATCTACATGGGA	0.131225643317076
GCTTGGGTGCTCAAATTGACCCCGCTATCCGAAGAC	0.325283078177109
ATGTGTCGCCCGAACACTTAGCTTTCAACCATCGCC	0.0181175254035376
GTTGGTAATGGTTGGAATCTCCTGCGGCGTTTTACG	0.122109410468408
CGCAGTCATCAAATTGCAGGTCGAGTTTGAGAGTAG	0.134877892971451
ACCATGATCGTGTGGCTTTAGGGCCTTAAATGGCTC	0.131981764151914
CAGCCTGTGTGTCTAAACGATTAGCTCTCGGTGCGA	0.284480691201768
GGTTAATATTGCCAGAAACCAAAACCATCTGGGAGG	0.257626034442565
GAATATGATACTAACGCCGAGTGCCCATCAGACGGG	0.236199485915565
AGAGCGTAGTTGTGGTAGGTAATGTTAACTTGAGTC	0.0234625838479675
GATGTTACAACGCTTGTATTCCACACCATATGGGGT	0.139365901389411
GGAAATGGTAGTGATGGAATGACGGACTCAGGACAA	0.0273751236704573
GTCGCTTAACAGGGGTTACACATGTGCACGTTGAGC	0.0597088929954724
CAGTGAAATATCTAGAGAACACTAAGTGGAATGACT	0.0310743774404935
TCCATAATGAGTCAACGAGAACGCATTCGATTCTCC	0.480798401752781
ACGGCCAAATTAGTACTTACGTGAGCGTCCCGTCCG	0.90249110081346
TCCCCTCAGAACAGAGAAGTCTATTAGTGCACCACG	0.143745409423475
ATAGAAATCATCGGCTTTAATTTCGGACTAAGTCAG	0.0610396054377506
CACACTAAATTCCCGAGTAAGGAGGTCGTACGATCT	0.00782553279657337
GATCTATACATACAGGTATGGAGTCAACTCCTGGCG	0.139862001508299
TATCCTATAATTTACACACTATGGCAGCCGCGTCTA	0.337933718612413
CATATCCCCAACTCGATATTACCCACACACTTGGCC	0.0294978638250621
CACACTATCCTGTTTAAGGATAAGGCGCCTTGTTGG	0.00791558786410949
CATGTTGAAACGACTAATCGGATTTAGGGTCGACCC	0.521021079461472
GTAATCTTATCCCATGAGTCAGCAGGATAACTTGGT	0.00874121096715921
TACTATCCTCTAAAATATTCAATTATTTCAGCATCC	0.352444783582842
CTACCAAGAATCTCCAGGCGCTCATGATTAACCGAC	0.0184484993715401
GCTGCTTATCCGATACTAATAAACCTGCCGGATGTC	0.556123237342831
GGATTTGTTCCGCTCGCTAATACGTGGCTCTGCAAA	0.577743516675831
AATGGCATAGTAGTTTAGCTTGTTAAGTCCCTGTGG	0.264489516462521
CCACTAGGCCTTAATTCCCTACCTTCTCTATCCTCA	0.363383325777513
GACCAAAAACAATCTATTAGGCCAATCGCGCCAGAT	0.317021755423794
ATCACATGGGATGCGCCACCCTGTGGCCAGGTAATT	0.0926741059484321
CGCTAAATCGTCTGTACTGTCCCGTAAATCATTTCA	0.135774487777999
GAATTATATGCCGGAACGGTAAGCGAGTATTGCCAT	0.0455345244739351
TGTCACAAGCCCCCCGAATTACGGATCGCAAACGGC	0.0070603687804634
CGAACTGTGTCACCTAGTACAGTGCCCTTAACTCGC	0.121270148057594
AGGTAATAAGAGAGAGCCGCAACTTCGAGTAGGATA	0.140354022175879
GTAAGTACTGGCCATGGTTAGAGCTAAAGTCACCAT	0.0874784484502436
CAAATTACGCACAATGTTGTGCAGGAGCTAGTGATC	0.150772396370697
ACATTACGGTAACCTACAATATACCTGAAACCGGTA	0.0676041484262731
CTTTTATGTCACATAATAGCGATCAGCTTTCACGCA	0.00474368762915748
CCACGCATATTCTCAGAGTCGCCTGATCAACTCACC	0.055949262867644
CCATCAATAGATCAATTACTTATCTTCAGGATAAAG	1.12401117354295
TAACGTATTAACGCGACCATTCGTCGCCCGGGACGG	0.0228303331881391
CACTTCGCTGTGTTACCGCGTTAAGCGAATCAGTAT	0.0735340840231061
ACCGAAAAGTACTAGCATAACCGTGGATATTGCCGA	0.00862397691741937
GAGAGATTATATCACCGCTGGCGGTGAAGATCTCAG	0.0113164736628692
GTCATCAGTAATTATGTGTTACCCATGCTAACGCGG	1.38567789577567
ACGAGGAACACGCTATTTATTTGCCCGATAATCACG	0.108699535012138
GACGCTGACAGTACCATCTGCCGATCGGTGACAACA	0.00632385816676489
GCCGATAGTTAGCAACCAGTCGCCGCGATCAAAAGA	0.0429755167602917
ATCACTTACAATCGGCTAACTTATATACAGGAACTA	0.106063559812646
ACACTTCAATAGGGTTCTATAGAGGCACTGCTGTTG	0.00992265737084091
GACCCAATTTATGGTTTGTATCTCGGCCGGAAAATA	0.477388330063892
ACGTCTTATCTACCGCTTATCTAAACGCATATTGGA	0.125576263924869
AAACAATGACATTGTATCCGTGTATCACTCTTTAAC	0.0206822253070714
TCCCGCCCAGACCCGTTAATCCAATCACGTTGCCGT	0.41800836109587
AGTCTCATAAAGTCGTTACTCCGCCTCTGAGGACCT	0.202143491878477
GGCATCCACTGGCACTCTTATCGTTGAATGTGTGGG	0.0398925369135982
GTCCTTGGTATATTATCGTGTAGAAGGCAAAGCTGA	0.124629349184556
ACGGATTTACTGTTGATTAAGCACGCCCCCGCTTGC	0.503146995739906
GACGTAAATCCGAATTTGCGTTACATCCTCCCGGTC	0.222614755465112
AGCTTGACTCATAATCTAAGAAAGAACATAGATCTC	0.0090088464295469
CGTGGAAGCGCAATAACAAATGATAATTACGCCCCC	0.355550728331598
TTTCACCTATGATTAGGTTTCGGTAGAATCACGCCC	0.0561356171948745
GTGTGGATAACTTACAGTACTAGGGTATAGACGTTA	0.0239604297993264
GGGGAATCTTGTACCATGCAGCAGTTTTAGTGGGTA	0.0572228616296501
AACAATCCACCAGCATATTACATAAATCATGACACT	0.1638339583732
CCTAGATGAACCATTGCGTAATTGAACAGCGGGACG	1.09291950913036
CGTCGTCTTGCAAATTGATCTTGCACCCGGCTTCAA	0.42208705436593
CTGTTGAGTCTCTAATCATACGTCGCGCTAGAGTTT	0.125709150343542
GGATCATCCTATTGGCGTCTTTAACGATACCCCGCA	0.260700116273862
GTCCATAATTTGTAGCGCAACCGGCATATCAGCTAG	0.525142401253893
ACTGGTTAGTTTTTGGTTTCTCCCTGTTACGTTATG	0.0260336895991784
GTGACATTATTTTTGTAATTGAGTCTGTTTTCCCTC	1.09331561370917
CAGATACGGTATTTAATGACCGTCGAAGGAGAGATG	0.424951534110634
ACTTGATGATACCGGCACGATAACATTATCCTATAG	0.0785485113091693
GTACCGACTTGTGTTTGAATTCCAGAATATTGTTGG	0.0249779026457683
TGGCTTATTAAATCTGGCGGCCAGGTCTTTTTATTT	0.549806710138941
CGAGAGAATAATAAGTTACATGGGGCGGTGTAGGGA	0.169400874564049
CTTTGTACGGTTATTATGCAATTAGTCGAGAGCTCG	1.57729033212741
AATTTTGACCAACAGATTCGTGGTGATTACGGGGAA	0.118660029623844
GCATGTATAGGGTAAAGGATAGTAGTCGAGTACTGT	0.05618105626125
AGTATTCCGAGGAAATGTCATTACGGTGTGGGGCCA	0.24836189013388
GGAATTCGTTACCCACAAGTCATGGCCTCTACCCAA	0.322260846538383
GGAGGATGTACATTGGCACGACTGATTAATGGGCGA	1.0210158567056
CAAGTAATATTAAGCCGAGATTGTTAGTATTGGGCA	0.49079943520084
GTAGCATATAGAGGTATCGCATCTCAGCCGCGGAAT	0.09976188317819
GTTCATGCATCGTAACAAAGGAAGGGCCGACAAATC	0.0191870842929978
AAATATTGGCCGTTACGCCACCAATCCGTTTCAGTA	0.00232977271933402
ATCCTTTTGATGTACTTTATATACGATCTAGCCATC	0.0792601394918257
GGTCCAATATCTATCCTGGTGCAGATGAGGCTCGGA	0.194384619077619
GGAACATGCTCGTTTGTTACAAAGAGTGCTGTTCTT	0.116713277310803
CGCATCATAACTGGGGATAGCTCCGGGAGACGCTGG	0.0208406070629478
GTTATGGTGGGCTCATTAATAACCCCGCGTGTGGGG	0.920741985254875
ATACAAATTGCAACAGTGGGTTCCCGACGATGTTCG	0.0925688071633447
GAAACTCACCGTAAATTACCTCTCTTCCATATAGTT	0.671754719571506
GCGGGGCGGGAAATCCGATCTTCACCCAATATCTCC	0.0163703829098832
GGAGCCAATCTTCCATCGTCCAGGTTGACCACTCCG	0.130957582442748
AATCAATGAATCGTCTTAACGAGGGCAGCTATCAAC	0.403016437154801
GTTATATGGTTACTCCAACTTAACTGTTTGCTTCTA	0.134103291227036
GGTGAACTCATGTGATTTGCCATACTGGCGTAGCTG	0.176875795483689
TATCATATATAACTAGTATATTGCCCGCCACTTCAG	0.150744668022407
GTAATACGTCCTCACATCACGATCCATTGTAAATGA	0.238317326775048
AATTCACAGTAGATTTAAATTACTTTCCTAATAAAG	0.435706760670827
GATAATGTTTATGCAGCAGGCCCTTTCGGCTCCGGG	0.0417992640158541
ATGGCACCTTTACGATATTGCCATGGGGAATAATGG	0.102235650876607
GATCCGGTCTTGGTCCATCAATTGTACACCAAATCC	0.0518482543325613
AATTCGTTCAGGGGTTATTGTGATTCAGTACAGATC	0.0916339387239046
GATGCTTCACGCGGATAATGGTTTCAAGTGGGTAAT	0.238764576699431
GCAACTACTCTGGCACCACACTGCGGCGCTCCACCT	0.00513727163463249
GGACGCTAAAGCATAGGTCTCGCCTCGTTAGCACAC	0.458346703315487
CGCGAGTTCTCTCGTGATTAGCGTACTCAACCGACC	0.372396772207194
CTCCTACCGTATTCATCCGCTTGTTTTTACGCGTCT	0.0539642256864753
GGCAGTTGTGTACACTGGACCGTATGGTGCGCCACA	0.00643598746586732
TCTATCTCATTAACAGTCCGTTGAGGCTTTATGCTG	1.31446944003165
CGCCCTGCGGCCTAATAAACGGTATCGGTGGTGATA	0.220922279562841
GGCTTTCCATATATCCTGATTGCTCCAGCGCGCAAG	0.210073825116307
GAGGTATTCTCACACACGATAGCTTCGTCTATTTGT	0.054945570057698
GTACCAAGTCATGCAAGTAATCCCGTTCGGAATCGT	0.0919342269909681
CAAACTGGAGTCCTGGCGAGCTATTAGCTGCGTATT	0.0188948519390242
CGATTGGCTCATAGTGGAAATTTGATTACCTAGTGT	0.388582236114184
TCGGCCTTCACACCACGTCTCATAATTGAAATGCTA	0.417678503263797
TCAGCTATTTATAGTATGGGTACCATGCTTACAATC	0.094878514576083
GAACTACTATCAGTGACAGCTCCTTAAATTTGATAC	0.0865274178893349
GGCCATATTATATCTTCGGGCATGTACGAGATTGTA	0.177547816328182
TCCAATTAAGTTGCAAGGTACTATAGTGTTACATAG	0.415306976091514
CGACAGTCTAGTTTCATTTAACGACATTCCCAGAAT	0.0795490268686212
GCCCAGCTCCATAGCGAGCGGAGTTAGTGTAATTGC	0.020871267677606
CTTCACACCTATGTACGTACCGCTTTATCCGGTTCC	0.00782105913771169
TATGCGTTGGCCATCTTAATTCCACGTGGTGTCCTC	0.0147483733793408
GACGAAAAGCCGGTACGGGTTGCGCCTCATTGATTA	0.0135455388976278
GTAAGTGCTTCGTTCTCTCGATCGCTGTGTCTGGTT	0.00331938301366561
GTCTCTAGCTACAGAATCGTTCAGATGTCTCGTTCG	0.00466399717068187
CGCATTAGGATCGTTGGTTATCCAGAAGGTGGCGTG	0.0524340786464299
GGCAGTTAGCGTTATGACGGGTATAAGTGCTTAACC	0.049349719201691
AACTAATTTTTCAATGCGCCGCGCCATGAGGACGAA	0.0593653809309445
TCGTCCGAATCGTTGGGAATATCCTAATGCGCGTCC	0.147598798261355
AGAGCATTGATACTAATCGGTGGGGCGATCTGAGGG	0.657880446119569
ATTTTGAGAGAGGACTCAATTATGACATTCAGCATA	0.716242174374885
GTCCCATTCATTTAATCTGCCTACCTTTGCTGATAG	0.63742406297507
GTTCAATCGTCAAACTTTGTTACCACTAGCCATATA	0.0212638701273015
TACCTGGAACATGTTTATTATCTTCCTCTCTTTAAT	0.100416632413494
ATATGCTCACTCCGTTTTATACATCGCACTGCCCGT	0.0331102014697557
TGCATTCGGGGTTAAATAGTTGAGTGCTAAGCCGGC	0.0212453342596526
CCCGCCTATTAAAACCTATACGGCGGCCAAAGAAGG	0.373068643949201
ATTAATCTCTTAATTTCGTGTCTCGACAAACCTAAA	0.370102621513493
TCGCACCATGGTCACAATTAGTCTGAGCATGGAGCA	0.45632312367516
ATCCTTCATTAGTCGGGGACTGTGACGCCTAGCTTA	0.641093238764591
GGGCGGAGCAGGGAGTCATTAATTTTTATATTTTGG	0.273644399898472
CGCGAAGTACTAATCGTCAACTCCATTAACTTTGCT	0.436464789320813
CATAGATTACTTACTGGGCTTTTTTAGTGTTATCTA	0.255054771307451
GTCGTCGTTGTTCCAGTTGGCGACTAATCTAGCAGA	0.381508563727245
GAGTCGGCATTATTCCTCGTGTACTCCGGACCAAGT	0.157711879078733
GGTTCACATCGCCACTCACACTTATTGACCGACTGA	0.373221514713639
AAATTATATGATAATCCCGTGTAATCTGGTACTCGG	0.321053016332752
CCGTAATTGTTTGTTAATAATGTACCCTGACTTTCA	2.11433020254051
GGTAGTGCTTTAACCCCAGTTAGTCGTGGTTCTCTT	0.168693371540226
GGTCCAACATAATCGTGCGCATTCTCCGCGCTGCCT	0.309966567882437
CCATGATTAAATAGGAGATCTGAAGTAGGGCGCGCA	0.387941273453821
ACTTAATTAACCTTATCTCTGGAAAGTGCTAGGGCA	1.84827234491822
GAAGAGGTGCTAATTGGTGCAACGAATTCGGCAACT	2.19426037940699
GACTCCGGAAATTAACCGTCGCTTATGGATAACGAA	0.530391742368195
ACAGATGACGTGTAATAGCCCTGATGATAAGGGAGA	0.103215387661551
TTATGTTTGATTCATGATTACTTATACCTTTGTTAG	0.154237574378977
GGGTCCGCATTAATATTCCGTGACGGCCAGCTTGCC	0.232457454359329
GCAGGTTCAATACAAATTCACCTTGCGGTCGGGGCT	0.0995510044716301
GTAGAAAAAACTCTCGACGTCCTGCTAATGAGGGTC	0.913150932654292
TATCAAGCGAGGATAATAGGAGACGACCGGGAGCTG	0.0266996558784231
ATGAGGAACCGTTAACCATCGAGTAATGACACAAGT	0.0891624032785505
AAAGGATAGACTGTCAATAACTAACTCACTCGAGCG	0.023423154267546
TCCACTGTATGCGAAGTTATTAGGCTGCGGTATGCT	0.110258818874077
AGGATGGTTAATTCCCCTGGGCCGCTTGGTCTGCCG	0.415967648706993
GGATGGCAATCGCAATTTAACGGCGCTCGAGGTAGG	0.173451645313577
GGTTTTTCGACCTAATCCGCACCCAGTACTCGAGGC	0.301968639069253
TCGAGACCCCCACTATTTCGGCTAATGCGGGACCCG	0.00620759598679797
GGTCTGAACATTTAGGCCTCATTCTCCCTGCATGTC	0.0367507450507896
ATGGTATTCATGGATGCACGTGGACTATGGACTCAG	0.0413602487662274
CAGGACTAATAGGGCATTATATGTAGCCCCCGAACA	0.859936111691232
CACTGCCGAGGACCTAATCTCGTATCCGTTAATAGA	0.221486220627279
GTAGCTGATCGGTCATCGTGTGAATTCTATTCGCCC	0.0314403351544904
GCCTACTACTTTGCCAATAAGCCTGGTAGATCCCAC	0.147487069945253
AATGGAGATGCGGAATTGGGGCATGGAGATCTGGTC	0.0535003465651656
CCAAACTCGTACTGGAGTGGCATTAGTCGCTTCTAG	0.0799857375469308
GCGTGCTAATACACTTGGAGCCTTATTATTTACTCC	0.75391058132746
ACAAAGATACATCATGCCGGTGAATAATAGTTTGGG	0.0490707924958757
GTCCCGACATTATATAAGTCGATTAAGTCACTCCAT	0.918164058703858
GAGCCTGACCGCAGTTACTAATGCGGATCGATCGGG	0.205899180943441
ACCATAAATGATACATAAAAGGCTGTGATTAGCTCG	0.347971417940524
GATCTAGACAATCAACTAGGCTTGTCGGTTTAACAT	0.0314236003002338
GAGCTAACGATTGGCGGATCAGCCAGCGATGATAGG	0.216394586957493
ACACATCCTAATTGGCTCAGGACCTATATCAACGGC	2.37156705809473
CCTGCATGTTAGATACGCATTATCTGCCATCACGAG	0.276469031382093
CGTCTACGAGGAGAGGTCATGGAGGTAATTGTGTTG	0.141023558351155
ATTGGCGAGGATTAATGGCATCTATAAAAGGTCTGC	0.0655938775176163
CCCTTTCGGACTTCTGTTGCTATTAGATTAGTGAGA	0.346855742757759
AGCTATTGATTACCCTCATCAAGCAACGGCAACTCG	0.749979169324359
AAACATGTGACCAACTAATAACCAGGCTCTACGATA	0.329572628367296
AAGCTAATAGGTATAAAAAAATTACGCTACCCCTCG	0.70428972863768
GTGTTTGTCCTGTGTAGGGTGATTGACTCAAGATGG	0.162373753899259
CGGGTGAGCGGAACTTTAATTTAAAGGGATGTTTAG	0.0842737814369169
CGCCTAATGGTTGATTAACCATGGTCTACCCAAATC	0.885259840494515
CTCAGAATTGGGTGATTACCTTTGTCTCACTAACTA	0.586893747264305
ACGTTCTCCTCGTTGGATACAATTTGTGACCATGCG	0.00374152381752682
TCTACCGGATCCAAACCATGCCTAATTCGCCACCTT	0.801130575715092
CTTGCAAGCTCCATTACGTTGAAATAAGGTGTGCCT	0.0742881488346429
CTAAGCGGCTAATTGTGCGGTGCGACCCGATGGAGG	1.07825338582295
AACTCAGCCACTCGTGAATACCCCCCCTAATAGTCT	0.0157874775884731
TGCGAGTAATTCGTTTTCCTATGATATAAGCCTTGG	0.456021395047428
GGATTACACCGATAGGACAGAGTGTAGGGTATAATG	0.0775371062677807
GGCCTCTAATCACCCCCCAGCACAGTGCTAAAAACC	0.57711761650994
AGAGGGAGATTAGTGTTCTAGAATGGAGTCGCCTTG	0.158577257703493
GAGTAAGGCCGTAAGTGGGGAAATTTCGTTTAGCGG	0.178004774597418
ATCACCTAACAGCCCGGGGACTCTCTCGATAATCCG	0.0724376360035499
TCGTAGACGGAATATCCCTTATTGAGTGAGGCGACA	0.00248958851322677
GGCAATCTATTCAATGCAACGTCTACTCGATACGAC	0.148625509300248
TGAGCTCTTAAACAAATTGTCACGCCTTGACTACGA	0.056627189365056
GATATGCCTGGAATGTCGACAAATATAGTTCGAGCA	0.169461785591014
GGCCTATAGAGATCAATAGCTACATCTATCAATAAG	0.0762077546722501
GACGAATTTTTTACATATTTAGGCAACAGCAAGCTG	0.0321689994646224
AGTAACATAGTAAACGTGGTTCAGCCGAGGTGCGGC	0.0360014253665679
GTTGTCATCTCGCTTAAAATTGGCACCGCTCCACGA	0.145678625594367
CCAATTAAGAGTAGTGATAACCATCACGTGTCTCCT	0.42474799329817
GGTAGTTTTAACGCTAGTTAAATGTGCGCTTTGAGA	0.179546058174059
ATAATCGTGTCGTGCCGCCCACTCATTATCCGAGCG	0.286928868927004
GAAGTAACTAGGCCCTGGTTGATTTCAAGAGATCGG	0.109304841545388
GTTTGTAGATTCAACAAGGCGACTCGTATGTAATGG	0.082070429846136
AGGTGATCAATAAATATTCAGAATGCTAAGGCATTA	0.169076152523041
CGGACGATACACCCTGCCGTCTAATGTGCGGACCTG	0.048537102343701
GCGAAATTACTCTTTTATGGATGGATTCAATGACTG	0.187217923839651
ATCCTACACTTTACCTCCTACCTAATGTCAGCAAGA	0.0473299926543626
GCATGGAGTCCTCTATGCCCATGGTGACGCGACCCA	0.00273087618587037
TACTTCACAATCGATTTCGCTTATAGGCAAGTGAGC	0.00136367442493229
CACACCTGAAGTCCTAGGTAGTATATACTTAATTCC	0.0150441130804482
GAGTGATCATGATAGTATGCATAGATCACGATTAAT	0.206459924725111
CATAGCGTGGCGATCAATTAGGGCCGTCCATACATT	1.3122433465164
AGTGCAATCATCGCTTTACTCCTACCGCTAAAGTAC	0.0189292146164419
GTTATAGTTCCTATCATGGCTTGTGTCCGTCACCGT	0.0724000208540228
ATAGATCAACATGGCAGCTAATAAGCGTATCGATAG	0.558067003372005
ACTACACTCAATCATTTGGACATGTGCTGACGAGAA	0.204185705390886
GACGAGGATAAGGAATTAGGATGATTCTACGTAGTA	0.109558438717161
CGGACAACTATCGAAGTATAAGTGACCGTACCGCGG	0.0117853142290006
CGTCCCAGTTCAACTACATATACCATGATTTTGCCA	0.0260301552692955
TACACTAAGTACTTGAAATACGTGGTAGATTACATT	0.141505240951147
TGATTATACAGGAGGATTGATTCGGATGTTGGGTCC	0.0241121681283297
CGGCAGTCCTGAAATTCATGGTAATCTACTGCATAG	0.101108019476333
AGTATGTTACACACGCACAGTCTCATGTTCGTGGTA	0.193273587587126
CGGGAGCTCGTAATGAAGATGGCTGTATGCCATCTT	0.22385430360249
CTATCATGTTCCCGGACCAATCAATGTTCTTCTCGA	0.13073838679346
AACCAGTTATCACCGATTTCGAATAGGTCGAGTGCA	0.0848945172823916
GTATTTCACAGTGTATCAGCCTAGTGTTCCGTCTGT	0.121456928947104
AAAGTAAGTTAATGACGATCCCTAAATTCGTGACGT	0.397927806993565
ATATCAAGGTCTATTGATCATTCTGCCCTATGCCAT	0.074922192220542
CACGCACAGGTCTTGGATCAAATGCTTATTACCAGC	0.067987081529602
TTGACAGCAATTAGGCTCGAAGGCAATACTCCCATC	0.649582571145703
ATCCCGCCATCCCGGGACGCTAATTACCTGATCGTT	1.68363978635942
GATACTCCTTCAGGAAATTGAAGTGAATCAATTGGC	0.148093578221619
CGTGGCCGACAGACTAACTTAGTTAAGTCTATGCCA	0.0565506426721366
GGATTTTTAGATACCTATACATCGAGTCCACGGTGG	0.126434803576187
CCAAGGCCGCATGCAGGATTAATACGTGTTCTATCT	0.0396465257400213
GCCCCGAAGTTTCCTGATTAATCTTAATCCTGCGAT	0.259456955597874
GCATTCTGTGCCAAATCGATGCACTTCATGACGTAA	0.130953043437023
AGCAGATTTGATGTATAAACCAGACCCATCGATGAG	0.0168509941228801
GTCTGTAAATCGCTAATGCACGGGGTTCCCTCGCGA	0.691452781832597
GATATAAATTTCGCTCGGCCTACTGACAGGGGCCAG	0.0993779584682653
ATTTCATACTACATTTCCGTTGTGGTGGACAAATCT	0.0441529724843309
TACTTGTCCGGGGCGGGGTTAATGCTCAGGGTTTGT	0.0343727024267724
GATTATCACCGCCCCGTATTAACCATCTGACTCTCA	0.282402619033004
CGGACTAATACATCGTCCTAGTATTTTAAAGTGTCC	0.186667112984292
CCTAACAAACCACATCCATCATCGAGTCTTGCTCGT	0.0218844429582086
GAGCCATAGTACATGGTGTGTGGTCAAGGAGTATAT	0.0220130333246683
GTATGTTACGGTGTTAAAGAAATGCACACTGCGAGC	0.0234317868409897
GGGTAGAAGTAAGTAATAGAAATTACTGGGGCTTAG	0.408430188504669
AACTCCTATCGAATGTAGTCAAATTGTGTTAATCCT	0.228251102109587
GACCGATTGGATGGATCGTTGAAATGTCCGATTCCA	0.0788909453666749
TGAACGTTAGCAAAATCCGCGTGTAATTGGGCTTGA	1.00654577393108
AGTATCCAATCCCTGTGTGTTATTCTGCTTTTGCTC	0.0769848527462164
GAGTTTTACAGTAGTTCGGGGAATATTCCGATCAAC	0.0478218773048427
TCTTAACAATCTACATCTTCCATGTGATTGATTTGA	0.207636594335892
ATAGTGGAACCCCCCTAACTAGTGTGCTGGATGGCC	0.162438414954652
TCTCCGCCTATTCGGGGATTTATCAATTAAGATCGA	0.554900324415442
CTTTGGCGCGTTAACGAGCCTGTTCGGCCCCAAATG	0.428360821243767
TCATTCCGAATCGAGTTATACATATGTTACGTCACA	0.0332439116186782
TATCAAGAGGGTCTACCGGAAAACGTCTATTTAATT	0.0939452340662379
TTTACCCAACAAATCTAATTGTACAATGGTGCGCTT	0.74467365014614
AATTAATAGCAGATAACAAGGTGTCCTGTGACTTAA	0.207686615993703
ACACTTGATGTCACGTCTGCTTAGACATCCCCGGCC	0.0110783077266058
CCTATTAACTACCCCCATAAGGGCCTTCATCCTTTT	0.196603892492782
ACTAGAAATCAAATTTATCAAGCGGCCTGGAGAGCC	0.00434900062361106
TGTTGTATGCCCACTGTATTTAGTTTAATCTATAGT	0.175612126789116
GATGCCTCAATCGCCTAGTTTCCATTCGACTCGGGG	0.0365877411665133
CGCGACCGATTGATACTGTAGTATTGGCACGCTCAT	0.0481763503928925
GGTCAAAGGGATTATTCATGAACACAGTCGCAAACG	0.0144586454985415
GCGCTCTTGACCAAATGAGCACAGAGTTTTACCACG	0.0418595317007881
CATATTAGTGTATTACCTCAGCCATGCCTCTTTAAA	0.119728768700522
ATTCATCGATATACTCGGTCCGACTTACCCTCGTTG	0.0348163077883831
CGACCATCCTAATATTACGAAGAATGTATAGCATAT	0.0859234802680787
GTTGACCATTTTGTGAACTCCGCAATAACGTTATGT	0.00663221307991204
AAGTATGTCCCATTTTAAGGAGCTCAGCGTTCATTA	0.136940454194405
GGAGCGCTTCTGTGTTGAGTGATCCGCTCTCAGTAT	0.0187642502673805
CGATTTGGCCGCACCAAATCATCTGAGTTGTGTCCC	0.0567275080864717
GGTCATTAGCTAGAGTTAAACCTACCTCTCCCAATG	0.345867812140676
ACAATTCATATACTCCCCTAAGTGTCACCGATGACG	0.243605015532287
GGCATTCCCTGGCCTGCTTGAATTGCGTGGCTAATT	0.590417795811085
AGTCCAGATCTCATTATACTCGCATTTGTCGAAACT	0.808481998937635
AACGCTCTTACATACCTTTCTATGTCTTCATCCACG	0.0195708367465119
TAGGTGAATAGTGATTATAGCTTGCGGTTTGGAGCC	0.051641422980673
AATACACAGGCATGGTACCAAGCCGCGCTCATTAGG	0.424051463999755
GTGAGTACGATTAACTAAGACCTGGGCTATTCGCCG	0.0779988782048965
GCGCTAATTATTCGGGAGGGCGCACACTCCCCCAGT	1.91808543281018
ACTCTACAGGACATGCGCGCTTCGTTAACTAACAGG	0.204698089341875
CCGGTTTAAATTCGTTGTAATACCCTGTTGCGGATC	0.105927886619738
ATTGCTTTATTGATATGCGTATGGCCAGTACGATAT	0.377953524909926
ATACGTATGCTATCGGCCTCTGCGCGGGAAGGTGTA	0.0140124634286028
GGTATCAATACGGTCTTAGGGACGTGGATGGATGTG	0.0780854516115256
GTCCGGCTGATGTTTCCCATTACTCAGCTTCATACT	0.0611479166274654
GAATCCAAGTCGATCGCTAACAACGTTTCTAGCCAG	0.154945671373308
GCCACTCGGATTAGCTATATGTAGTACCAGTAGAGC	0.302064091784338
ATTAAATTGACAGCGACCAGCACCCACCTACCTCAA	0.132346342224086
ATAGTCATGTGTATGAAGAGCAGCTTCATTAGCGCC	0.454952069593583
CCAGTGATCATATATTCAGGCTGTAGCTGGGCGAAT	0.0549347911953266
GCACATGCCACCCATTCGAGTGCGGTTGATTACTTG	0.114452636786292
AGCCTAACTATTTGGCCCTACGCTGCCCAGCGAGTC	0.056315487922151
CTGACTTACCAACGGCTTCGTTAGGATCTATGTCGT	0.0187143631416129
AAACTTACATTCATAACTTGTTATGCATTCCACTCT	0.174468633218905
GCTAGCCAGGAAGTTGCCGTCCATTACGCACTCGTC	0.0597510398725996
GTCGCATACCAACGAATTTCCGCGCGCATATGGGTT	0.0981419044615978
GTCTTGCCTGACTAGGGCTTGGTTATCTTCTCAGGG	0.00816497451424855
TTAATACAATTCAGTTAACAGGCCCCCTGTCTTGGC	0.100001008521303
GTAACGAGCTTACTCCTTCGCCTCGTGGATTAAGGC	0.0664853957532007
CACGGAGCATTACGGCGCAGGCATAATTAGGACGGC	1.08453589358932
CGACAAGTAGTCCATTTGTGAGTATCACTTGTTGTT	0.052665366794807
ATCGCCCGATCTGTTCAGTGTTCGTTGTTAATCCAC	0.107810766419102
GTGTACGGCGTGAGTAAGTCATTAGCGGAGCGTTAA	0.403070805899147
TTAGTATCTGGTTCGCCCCATCCATTAGGTCTCTCA	0.00858849250473062
ACAGGTATTAGAAAATCTTGCTTATTCCACGCTGTA	0.0066116746319281
GAAAGATTGGTTCGCGCGTTCAGATCGAGTCTCCGA	0.0167345238411521
GGATTGCTGCAAATGTGGCGTATTTTTCGGAACACG	0.0816510867868589
CTTTACTTGATATGATATCCCGTAACACAGCGGTAT	0.00615314611573866
AAGTCTATTTTGTTTCTACTAGTGGTATTGGGATTT	0.0269904224023999
GGATTATGGGAACAATAGTCTCTGGCCGTTTCCGCA	0.16608226873582
ACGACGCATCTACTCAGTTACGCACCTTGGCTACCG	0.0301832283722041
CCATATTACCTCCATTTGGGCTTACGCCCTCCACAA	0.187515245632183
GAATAGAGTGATCTTCTTATCTTTCGGGAGCCGTTG	0.0400594537897414
GCTAATCTTGTCAGTCCGTACGATTCCGAGTCTTCC	0.184857435415988
GATTCCCTATTGGGGAGTTGGTCTACCTTTTGTGCC	0.0522045357593583
GAACACCTATGACATCTCTGCGCGTAGGCTTCTAGC	0.0633039487563875
CCTTAACTACCTACACGCTCCTGACGGGATGTACTT	0.176798906919996
GAATATCTGTCAACAAAATGGCATCCTATCGATGTG	0.112465002973367
TCAGTAGCACGCGTTGCGGCGTATATCGTAATTGCC	0.203181452846775
TTGACATCTATTAGCAACGACACGATCCTACAGGGG	0.382349328894186
GCACCCAGAAGACGCACCGACTCATCGACGTTAATG	0.0112609151862474
GATAAGACACGATGTTAGCCAAGTCGTCCGGGTGTA	0.0393870696285083
ATCTATAACGAAAATCCCACCTTCATGTAATTGTCC	0.175408903583141
GGTCACGTGATGTAATCTCGATCTAACCCAGCGACT	0.0196978126085821
GCGCCACTGTATCATCGCTCATGGTCGACGTGCGGG	0.0127776605186313
GGGGTACTCGTATTGTTCCCAATTCGAAGCTACGTA	0.0204272668771296
AAGGTAGTGCTCATTATCAAGAGTACTACCGGGGTG	0.633503643147083
TCAAGGGACACAACAGCCCAATTTAGAACAGGAATT	0.123368520036069
AAGTGCAGATCACCCTAACAGCGATTACATTCGTGG	0.000422740813710283
ATTGTATCGTGTCTTTACGTGAATTGGAATACGCGC	0.0690086654214861
CACTTGAATTGAACACATTATCAGTAGCTTGCCGAA	0.336647969533945
GACCCGTTCCAGTTTATATATTATTAGTACTCTGCG	0.373759821855862
ACTACCAGTAACGCAAACATTCTCAGCCTCTTAACA	0.0175562486177439
TTGGATCAGACACTACCTTCATTAAAGCTAGCCTCG	0.0985313111924354
AGATATAACGCGCTCCTCATTAAGACACCTCAGCGA	0.88935414769312
GTGTATAGGTAAACATTAAAGCCTCGACCTCGACAC	0.0201387908896092
ACGAGGTTTATTAATTTGAATCCGAAGATGAAGATC	0.84814715888946
GGCGTACTTTGAGGTCCATGACTACTAGCACCACTC	0.0138952037635365
CATGGTTGTAGTAGCCGATGACATTTAATATTACTG	0.0715178366525419
TGGTTGTAACCTGATCAGTGATAATTCGGCATAGAG	0.418435182898107
GGAAGTCGTATGTGCTGAAAGATCGACTCCAACCTG	0.0150091799183551
GTATCTGTAGTCCTTGTCAGACGCTAAATTGCTTGA	0.194469057198572
ACAGTTCTCCTCCGGTATTGCACCGACACTACGCTC	0.00382554513032508
CGCGTATCCCCACGTCTGGTATGAAGACACTTATTA	0.00321278157910097
GTGGAATGACTAGTAAACGATTGCGAACCTGTCACG	0.0922719282589037
GCCTCGTGACTTGTATATAGATCGGACATTATGGAA	0.0580856357819077
AGTAGTCCTTAAGTTGCTCTTCTCCATCAGCAATGC	0.0196467869613944
CACTAGATCGCACGGGTGCACATTAGAGTTCGTCAA	0.0669384986223701
ACAGGATTCATTTAGAGATTCGACGGACATCATTCT	0.11246809036452
CTTCACAACCAGTTAAACATCACTTAACTATCCGCA	0.14023012856926
ATTCGCACCACATGGCACTTATGTGACTATCCGATG	0.00814066074884915
TAGGACCAACATCAATCACATAGTTGTAATTTCCAT	0.0217072744947486
ATCGGATATAATTAACGACGGTCTGGTCAATGTAAT	2.03318777545253
AAGCACCTGATCACGTCCTACTCTAATATCTTTTAC	0.04541179616427
GCATGCATTGGTCACGGACAATGATTCGCTTTCGCG	0.059914269877567
TCTACCAATCCTATTAGTATCAGCATCTTGCAACAT	0.590354670464599
ACATAATTCGGTTATTGGGCGTCGCGATACGAGCGG	1.36586501619463
CGATTACCCACTACACAGACCATTGGTTTAGACATA	0.0108698271358474
ATGAGCATCTGGGGTGTGTATAATGGACAAGATGAA	0.129607272842445
GGGCGGTTAAGTACTTTGGGACCCTGAAGTCGGCTA	0.121734789081091
ATATAATATAAACGGTGAGCTCGTTGTGTCCGCGTG	0.238512240687981
CTCATTGTATCTCACGGTAACAAACCGGTAATAGCA	0.0787483005123776
CAACGCACATCAATACGTCTCACGCGATCCTTCGTA	0.0914185323243879
AAAATTACTAATTGGGCCACTTTTTCATCCAACATT	3.0951709354786
GTGTTAGCCTACACGGTGGTGCTCGTACTCGTCTGT	0.00766352752823879
GCTCGATGTACCCTTGTCAGCTATACATTTAGCGTC	0.0640125862877725
TCAATTAGTTGGAAGGGTGTATCCTTATCGCAACTT	0.107199801322806
ACCCTACCTTTAGACCCATCTGCATTATCCAAATGA	0.204918717461617
AGTATGTTTTACTACTGCCCATTCATAGCCCGTACC	0.108945069086322
TGCACGCGTCTCGAGAGCTTCTTTAATGCACAATTA	0.117347460623115
AAAATTGTATGTCGATCGTGAATTGATTACTGAGCC	0.31904696424641
CTGCATCACAACGTGGCCTAACGATACATTAGCAAT	0.163934119642848
CATGTGCAGTGGATGTGGCCGAATGAACCTGTCCTA	0.0166774409016166
GAACACAATTACATCTGATCTTTAGACAGATACTGT	0.429420349185978
CTCGCATCATTTTCTAAACTCTCTAATTCTATCCAT	0.112937275342472
ACAGTACCGAGATTCTATGTCCAGTGTCCCGTGCAT	0.0127644162355895
CTTACTACAAATATTATTGTTATATGTCCGGGCGAA	0.043994418132275
TCCTTGTTCTGCTATCTTCTATGGTATATATCTTCA	0.000364791365147955
TAACTATTTCTAATAATGCGAAGGTCGTAACATACC	0.0881365675693447
ACACTAAGTCTCCCCATTATCCTTGCTGTATTACGA	0.23066344662996
TTGGATGATAGTCTTAATGCCTTAGATAATAAGTGG	0.258887941427837
GTGACAGGTGGTTCGTTGTACCGTGATCTTAGATCG	0.0270852414897907
ACTTATTACCCATTGTACTTGCGAGATTGGTCTTAC	0.366179282025039
ATATGATTCGATGGCGTCGGGACCACCCTTGATCAA	0.00246640240549412
GCGTCCGTGATCGTCTATTCCATCTGCTTATTCAGT	0.0441851073935734
CTCCAATTTGGTATGGGGTATTTATAAGATACAGCC	0.449372531046569
ACGGCTATGTACCAGTAATCGTCGCCTTGGGGATTC	0.0803051005706214
CGACCCCCCATCTAATTCGACCAGGCCGGCTGCCTC	0.537029088856433
GCTTAGCCAATTATTCTCTGCGAGGCGGTAGCCACT	1.16884884081928
TTTCTCATAACTAGAAATTTTTGCTCTCTCCTAATT	0.3282043030538
ACCAAGGTTAGTGACAATTGAACATTAACCCCGTTT	0.126063893327892
GACTTTGTATGCTCGTTGACCTAATAGGCCTAGTGC	0.85206176213198
TATATACTATGCGTTATCCGATGGATCCACACGGCT	0.0933909161704252
ATGAGTATCCGTTTCGCATAATCTTGGATCCGGCCA	0.111237230787212
GGATTCACGTAATACGTGAGAGGACCAAACAGGTAG	0.376160227970515
GAACCGGTCATTATCGCGAAAGAGAGTATGGTGATG	0.801679020866697
GGATCGGAACCGAGGAGTGGCACATCGTGATTGGTA	0.0837298109354868
GACAGGTCTGGTCTCGTCTACACTAATCGTAGGTAA	0.141814271583775
CCGGTCAGCTTACGAATGCAATGTAATTATTTTGTA	0.472693870352031
GTGTAAGATCTTTGATTAAAATAACAGCATTCAGGC	0.168789110719051
GTATCGTAGACTGCCTACGACCTTCACTCTCTACGA	0.00129972351428572
GCGCGCCGTCGTTTAGTGAACACAACATGCCCGGAA	0.0396400604455177
GCGAATTGGGGTTACTGGCTCATCCTGTGCTATCTC	0.0476473105043948
GTTCTCCGCTGTGATGATATCAACAGTGTTAATGGC	0.115817600383892
GCTCGTACATGTGGCCCTGCTGGTATTGCCGCGCTC	0.00277382753249977
CTGATTCTGGGCACCGAGCTTTTAATTGAATAATGG	1.09922344762558
ACCACCCCTCACTAAGTTGCCTGGGGAATTGTGCTT	0.0520933777101069
TACTTTGGGTAAACCAGGTAATGATTTCTGATGGCC	0.0583088664289117
CCTTGGCTAATACAGGGTATGTCTGGGATAAACCCT	0.110252392696652
TCTCAGTTGTCTATCAATCGACCATGTTATGTCCAA	0.0103051371751179
TCGGCATTACAGGGTGGGTTAATTAAGGCCCCTCAT	1.72090320289708
GGTAACTAATATCGTGGACGTCCACCGGCAGCTTTA	0.284344170142083
CCAACAGTGCCCCATTACCTCTGGGATTTGTATCGG	0.37222126523095
GCTCTCATCCAGTAAGTGGCAAATGACTGGAAGGCG	0.137992930629361
GAATAAGTACTAAAATGTTATTCAGGATTGAGTATG	0.0927916964184909
ATGACCATGACCCTACGGTAATTGCGCCGTTTGCTC	0.739631288527859
AACTTTGTCATTACACACGAGTGCGCACACCCGATG	0.0770656856019068
ACCGTGGTATTAGAGTTAACTTCTACACTTGTCCGT	0.032049104785508
ACAACGTTTTATCATATCGTTTATCCACGTTATTTT	0.166317526780072
CATCTCGTAATCGAGTGCATTTATCGCCACACTGAC	0.520019488570202
GACGCCGTCATATGATGGTGAGATCATTCGGAACTG	0.0389522585157777
GCGATATATACAGATTGGGGCAGAAGCCTGTGAATC	0.229857836509348
ATCCACATTGCCAGCTACAGCTTCTCGGTGGGTACT	0.0873925613376024
GTCATTTACCAAACTTATTAAAGTCACAGCCCGCAG	0.403849933979162
CGATTCTTATTATCCCAAAAGAATATATCTCAACTC	0.229908686806717
ACCCCCTTACCATAATTAAAGACCCTTAAAAAGACA	0.819360049557951
GTGCTATTACGTTTTAAGGCCCTAGTGCTCACATAA	0.0877354556943106
GAGCATGTGATTATAAGAATTGTTTATCGATTCCGA	0.396293740089789
GTACAACTTGTCGTCATCTGGTGCGGTTAGGGTAGG	0.122676705299945
GATGCTCCGGATTATTAAGTAATTAAATGAGTTTCC	1.86848091550603
CAGACGGTAGCGATGCGGTGAGAGTTTGGCAATTAG	0.0124075667695598
TCATTATGCCTGCTGCTCTACCCCATCGCTAATCAC	0.231809750651135
GATGTAACGTTGTCTTGTATCTTATAGTTCTATAAG	0.0750914999768934
CCACATATACATTGCCGAAGTACTGTAGTCCCACAA	0.152630012043253
CAGTTCGTTGTCTTAATAACTCTACGATCGCGTGGG	0.238106719234491
TATGGCGCATTTACTGGATTAGACTTCACCACCTCT	0.153088920562882
GATAATCCGTGTCTACCTTAGTGAGCTCGGCACCGC	0.249959831649689
GCCATGTATTGTGATAACTCTCGGAGTTGCTATTGC	0.134846923646614
CTGAATTACCGGGTATTTTAGGTGCGAATACGTAGA	0.0371126722382151
GACACATGCATATGACCGCGTAGTTTGCCCTCCCAG	0.134528399344215
CTAAGGGAAAAAGTAGCCAATTTGGACGTACGCATG	0.0770853691964516
CGATTTATAATCATTTCGTGATTCCCGGGAAGAGAA	0.179423556992712
GTCGATCACAAGTAATCATACAAGCAACGAGTTACC	0.176016334785782
CGAGTCGACATGCTTGATCATTGGTATGTGTGATCA	0.0794445671401365
ACATGATAACTCGTAATTTAGCCTCGTAGCAGCCAA	0.599299146052683
GTTCATGTGCCATTGGGTTTAGAGGTACAGCGATGA	0.0170595764514154
GACCCCCTTCGGATTAATGCACGTAACAACGTCAGA	0.251902523645773
ATCCAAAGGTTCCAACTGGTCGCACTCTATTAAGAG	0.051131321564646
GCATTAGTTAAGAAGCCCCTAATCTATATCGGCCTG	0.745887896489591
CTCTACTTCATTCTTTCATGGTCAGATATATCGTTA	0.0431076498171421
GATCTTCATGGTCCAGCTGAACGCAGCCTACGATAT	0.00358497654785107
CTTTATGCGGCCCCTGTGATTAAGAGTCACATGATC	0.0695125339388601
GTCAGGCTTGAAGCTGATAGCCGTAATGATGTAGGA	0.178230072804197
AGCTGTGATCGTAAATGTATACCTAATATTGGCTCA	0.241344016011935
GCTTGTTCCCATGGAATAACTCTTATCCGGTGTTAT	0.043596541737835
TAAGATGTCCCTAGATTATTGTAGTAATATTGTCGA	0.0546643830018658
GATAAAACGCTACGAGCAGGTTAATCTGTCCGCCAG	0.148337195958077
GCGTCACGTTAAAATTGAGTGAACGCCTACGATTGG	0.0910445423331646
CCGCGATGGGTAAGTGGGATTTGCTAGTAGTATAAA	0.00269830754180857
CCCACAAACACATTAGTGAACGGTTAGTTCCGTCGG	0.444237871290044
TATCATATTAGGACGAGAGCTTTAAACGTTCAGCTC	0.118755855121069
GGCTCCAATCATGCCGCGTCGAAGTATCGACCCCGG	0.0405200287658102
GGACCTATCGGTGGCCTACCTCTATTGTGGGGTATG	0.0110064996449287
GGATATCTAATACTCTCTTTTGTGTTAACGGACGGC	0.242341501007696
GGAACGCATACCTTTACGCCGCATCGATACATCCGC	0.0672029150169717
CCACTAGCCGATACCACACCCTTCCCCTGGCAATTA	0.205743632594534
TTACGTAAATGTGATGACACTAAGCATCTGTCGTTC	0.0642671899223326
GTTTACCATCCATCAAATCAACCTGACACATTCTCT	0.13284328618639
ATCTTCGTTAAGGCCTTGATGGGTAGAGTCTCGATC	0.164030084586302
ATTTGATAATACGAACACCGTTGCTCAGTTGTGGCG	0.0456899326509391
TGAACATTATAAATCTCTGATCAAGTGTCCTGGCAC	0.00900857610243821
CTACTTGGGCAATATTGCTGTCTCAATATTCCTAGA	0.00266780688703141
GTTTAAGAAGTCTTTATGTTTTCAATTACGTCGCTC	0.141747661058588
GGGAAAACACGCACTATCAATCATGGCCGGTAATAT	0.174734174725259
ATATTAACGCTGTTTGTGGTTCTAATTTGCCCACTA	0.55688412098522
CCATTCCGTTACCATAGTGCTTAATGCCAGCTGAAG	0.0602002018075757
GGAATGCACTCCTTAGCGCTTCTCGTGCCAATGCCA	0.0907432971698301
AACCCACGTAACTTTAGTGACCCAAATTGGTCGACT	0.342840126933448
CCCCAACTACATCCGTGCTCATCACTAACCATTCGT	0.105927678355268
CGGACCCGACCTAATATATTACGAGCTTGATCTACA	0.230007213316035
GAGACTCACATCAGTCGTGACTGGGCTACTTACCCA	0.0969191412125228
GAATTTACCCGCGCTGTTGGTCACGTGTGTGGTTTT	0.0622723255634663
ATATTCGTTAGGTGAGGAGCCGGGAAGAATTGCTCG	0.0715749858220355
CGTAGGGCTAGTTATTCAGATAATGGGATCCGTACG	0.491567852483016
ATGTGTCGACATAATTATCACTAAAGATGTTATACG	1.60283436650068
GCTCCACCGCATAATGTACGAGTGGTCTCCGGCCCC	0.159882289867881
CGCCATATATTCCAATATTTGCCCATATCCCCCGTC	0.10294629937019
TTCACCGATTCGCTCCATGTGTTACATGCCATTACA	0.0452415757057182
TTATGGCTACATGTGGTGGATTTTGTTGAATTATCC	0.131590772036303
GACTCCTAAAGTAGCAACGTTACCCATTTCGTAGGG	0.0980937333946865
TGTCAATTACCCCGGGGATGCTTATTCTTGCACGGA	1.11102840499753
GTACTCATTTCATTTGGATTACGACGGAGTTAGGAC	0.278982658294155
AGTGACTATGGAGGACAATTACTATCTGCTGTGCGA	0.296707399165706
GACTGCATCGCTATATGAGGTTAGGATCCTACGTGG	0.07467138208679
TGAGTTGTCTGGCAGATTCCGGCTTTATTAACGTGG	0.187034014915642
CTATAACTTCGTTTTGTTAATTCGTCTCTCTTGAAA	0.663584076170978
CCCACGTTAATAAAGATCCACCAATCGTGGCGAATA	0.318458058470332
GTATCGTGCATTCTTTGGTGCGGGAAGTAGTCGTCC	0.0316042055160175
AATGGATTCGGGTTAGTTACTGCGACTTAGGCGTTA	0.0633345378296824
GAAATGGATTAGTTTTGCGTGCAAGCTGTATACGAC	0.13726807152824
TAACCTTCCAATTAGAGGCACCCGATCTTATCCAGC	0.862677900997878
GTAGCTCTCTTACTCTATTGGTCCAATAAAGCCGCC	0.131289677931426
ATATACTGAGTGACGTTGTGTCTCGCGAACTAATAG	0.310313287371524
GCCGACAAATCAAGGCACTGTCTGATCGCAATTGGG	0.0833660135909235
GTTAAAAGTAATGGACTACTTGCGAATAATATATTT	0.175003276044325
GTATTGCCGAATCGTATTTGTTGTCACCTACGCAGC	0.104014671449586
TGCTAATTCCCAAGGTTACGTCTTACTGCGATAATT	0.712531473509058
ACTTACGTGTTATCGCTGTATTCGGAGAGAAGATCT	0.00862106394921127
CTCTATTTAGGTAGTAGGCGGGTTATCGTTTACGGT	0.0385697364966157
ATTGTCCATAGCTATAGGGCGTGGAAATTATCGCTC	0.041232692715258
CCGGTGGTCTAAATCACTTATTTAAAGATATAACGC	0.104248888772019
GCACTGGTCTGTATGAAACGCGCTGGCTCCCGCGCA	0.0283207236670032
GTCACATTGTACACGCCCCGCTTCATTTACGGAAGG	0.0700261288365193
CAATATAGGTTGCTCATTGTTGAGTTCAGTCGATTT	0.101864475351964
CGGTACTAGGTAATCACGCTCCTATGCTAAGGTTAA	0.139258549978998
CCGATGTAGACATTAGACACTTCTGCTGAATCAGTT	0.0442780464236677
ACATAAACGACGTTGCCCAACCCGTTAGCAATCGAT	0.0561738538283622
CCTATTTTCAATGTCGGTTGACAATTAAGTATACGC	0.402702810898636
AGTCAGCCTCTCTTGCTAATCAATACTGGATTGCTG	0.535170464883324
TTAACGAAAGGCCTTTAGTGGCTTAATGCGCTACCA	0.0706951095022699
TACCTCGGGTCGCACATTAAGTGAATGGATATCTAT	0.255193238597745
GAATGGTTTGGAGATCACACAGTGTTATGTTTCCGG	0.144096012711486
GGAATTGCACAGTTTGACATTTCAGCTTGGGGAAAT	0.151575737832892
GAAAGGCGTTCCTATCTGTTTATATGGTACAGTGAG	0.0700182933669221
GGAATTAATATATCGATTTAGAGTACTTGTATAACT	0.81323594569241
GTGCTGCCAATCAGGTCTAGTAAGAATGTCGTCTTA	0.0767249651531622
GGATAGGGCCCCCTGGTTTATTGCCTCCTGGTCGCC	0.134951045613141
CGCGGAAGACGATATCATCGTCACATTGGGTGGTCG	0.0114975551110717
CATGGGTATGGGCCATAGTCGATTAGCAGCTTACAA	0.523300189488883
GCTCTAGCCAATTCCCTAATCCGGCAATTGCACGTT	0.494896138947919
GCCGTGTCTGCTCTACGAACCGGTTACCATGTTGTA	0.00387915385822771
TTGCTGTTATCTTTTTGGGCTATTAATTCACCAAAT	0.330087028114184
GCTTCGAAGTGTACCAATTACTGTTCGCATCGGGCT	0.920970502429227
ATTCGTTGAGATTAGTCGGACTGGATTACCAGCGAT	0.10334592360644
ATCCATCCCCTAAGATGAGGCAATTGACGCCAAGTG	0.0298354991543529
TTTCCACTGTACCGCCGGGTAAGTAATCAGGTGTTC	0.0270590134350288
GTGATTACCAGGTCGTTACGGCGATGGAGGTTTCCT	0.261932284498781
CATTCGTGTTCGAATATTAGATCAACGACCAGGATA	0.0711202452773508
CGATCTACGGAACGGTTCTAATGCATGAAGTAATCA	0.106304411896624
GCTATATTGTCCTGGGGCGGAATACTCGGAGTACTC	0.0722462575776465
TCTATAAACGTGCTAGAGATCATGCTTAATATACCA	0.0677344440530049
GGCTATTACATCCTATTACGCGTTGTATACGCGTTG	0.698761893314406
GTGTAGGTAATCGGCGGTCGATCAAGGAACAACACT	0.23268871253279
GAGTTCATATCGGTGCTCTTAGCTTCAAATGGGAGG	0.0368247856748709
CCACTGAATTCGGTGCAAACCGATTACGGCGTTCCA	0.107048359340939
TGGTCCTCAAGTAATTCTATTGTAATTACGTTAAGG	0.81460769127197
GTACATGGATGTCCGCCACATTCATACTCCCGTTTG	0.0604882849480176
ACTTGATGAGGTTCTCTCGGAGCACGGGTGGCACCA	0.0136922933044336
CGCAGTGTACTACAGCACACACGAACTACACATCGG	0.0165240369521244
AGCCACTATCTCATCTTGCATACGAGCGAATCATCG	0.160180441591854
GCATGGAATAGGAGGCAGCCCTAACCGCCGCGGATC	0.0344964838885616
CAGTAGCTGTGGATTAATATCACGCCGATGGTGTCT	0.298008061707768
ACAACGCTGCTAGCAGTCGAATTATGCACTGCGTTC	0.367344551929766
GTCATTGTCTGCGTGTTGGACTACAAATTGGCCAGC	0.600442950155448
GACCGGATCCTCCATTTACCGGCAAGCGAATTGTGT	0.00248926235113755
CGTACGATCGGCCATATTGATAACTAGGCATCACGT	0.0898497275577106
GAATCCACCAAGTACCTCCAACTGCTGCCAACGTCT	0.0550997785290997
CTTGACTACGACTTGGCAGTCTAACTAATCTATTGA	0.21970355197196
TATATACCACACGAGGTGCTTGTTCTAATACGCGAT	0.0262709874874523
GATAGCTCAAAATTAGGCCCAGAGCAGAAAAAAAAC	0.122088583952479
ATGTCTCATTACGAGGTACATACTCCTTTTCCCGAG	0.931127206907965
TACCCATTAGACCAAATACGCGGGTCGACCGACCAA	0.0530961267216954
ACCTATACTGATGCTTCAAATACCTTATACCGGACC	0.0205185261673528
ATTCCCTCCTTGATCGGCCTTTATGCCTAATGTATG	0.0763602907738383
ACTAATGTATCAATCACCCGAAGGAAACACAACGCT	0.268950568140195
GAACGAAATGTCGGTATCAGTTCAATCCATGCGTCG	0.217380607280143
GGCATAGGTAACGATGGCTCCTGACACCTGATCCTA	0.0461657190022413
GTAACCAACCATGAATGTCGCATTGATAGGCCCGGA	0.136051158270703
TAATGGTACTTAACGATGTAAGTACTTATTTGGCTT	0.6856869686194
GTAAATTTATTGCTGTTAGTCCAGTCGGTAGGGCCG	0.151079880199008
GATTAGGGGAGACATAAGCCATATTAGGCTAGCCGG	0.22509212286774
TATTAAATCATTAACCTAGTCAAAAAACTCCGCTAA	0.301947955394091
ATGAACAAGACGTCTAATCCGCCTTTTTTTCTTCGT	0.125714665357941
AACACACGTTAAAGAACCATTAAGTGTCGTATTGTC	0.152480834445129
ATGATCCCCCTCGCGCAGATAATTAAATCTGGCCCG	0.97044535439338
TATTATCAGAACGTTTTGGCACTCATTACGGCCACT	0.22670205758585
AATGTACAACTAATCCGGGCCGCCCGCGGCGGGCTG	0.17672648375625
GAATACCTATAAGCTCCGACCGGATGTTCGCACCAA	0.0156176674557227
ACACAGCTATCTAGTCCTCTCGCGTGTAAGCAACAT	0.00788905492813412
CCATTCCGACACGCAGATTGACAATGTAGGGGTGGT	0.149217004981185
TAATGGTTCCGGGTCTATTAGGATGGAAGGGCTTAC	0.379774064231576
GCCGTATGCTAAATTTGTTTGAAACCCTTTGCAGAC	0.136761549001199
GCTTAAGTCTTAATAGGAGGGCTATGTGACAAAGCG	0.52159689581093
CTCTAATCACTGCGTGAGCACCGACCCGCCGTAATA	0.454846094576937
CATTCATGTTGAGATAACACGTGGTTGGGCGTTAAT	0.0159306755229471
GAGAGAGAGTTTATCAGACCTGTTCCTCGCATTAAT	0.0541654607176853
TATATGCTATCTATTAATCCGTCATCCTTCGATGGA	0.459900876984877
ATTAGGACGTTCTTATCAACTTAAGTCATTTTATAT	0.032269322892452
GACGTACTTAGGTACTGTATACCAGATTGAAACGGT	0.133493719470238
ACGGCTGTTACAAGACTATAGCTAGTTACCACCCGC	0.0851489346120896
GCAGGCAACGTAGATATTACGTACTATTCTTCGTCC	0.0412793556293005
TCTATTGTAGAATAATGAACTAGCCGCGTGTTGTTC	0.126424639884738
GAGTCAACCTAGCTATCTGAGAGGAGGGGCTGATTC	0.103217748499327
CGTTGGGCGTCTTAGACCCAGTCAGCTAATTGGCCG	1.21960890764053
GTGGGACACCCAATCTAGCCCACTAACTCGCCTGAC	0.189540012962999
TCCCTAGATCTAATCATTATGTCCACTCACCAAAGA	0.435963742766629
ACTAAGACCATTTTAACTCTTACGGCTCGGTAATCG	0.125094175937808
ATGCATACACAGTATAACATTCGGGCTATAAGGCTG	0.0551373675386781
AACCTTGGCTTAATCATACTCTAGTCAAGGCCGGAA	0.231870159863467
AGCCCTGGTTTGCCAAATGAATCATTCTATAAACGT	0.0216482269365787
GGAACATACCTGTAGATAAATCCTCGGTGGTAACGT	0.129878128634382
CACCAACGTTATACACACATTTAATGAATACGTATG	0.347867246189163
GCTTCAACGTGTAATCATTGGGTTGGAGCTTTCAAG	0.100455848927433
GTCCCTTAATACACATCCAGATATCTCCCCCGCCTA	0.243100753562977
CTGCCTTGACCGATTAGGCGGTGTGATTTCCGTTAA	0.239226131134044
GCAGTAATTGTACGTACTCGAGCAGCCCTACTTAGA	0.563182910545688
CATGACCTATGTATCATATGATTACATTAACACATT	0.614458996052355
CATACTGGTTTAAGCTGTACGATTAGGATCAAACTC	0.0204263199958937
TATGAGACGATCTCTCTTCATTAGGTAACTAGTGCC	0.328605222294206
TTCGATGATCCCAGCTAGTGACGGTATTGCTAATGG	0.22477246142468
AGGAGGCCTACATGCTAATGTAGGAAGTCGGCACCC	0.0280814443583772
CCGTAGGACCCTGCTGTAATGAAGCCAAGGGAATAG	0.0256018573371583
AAGACGCACGTCACGACCGCTTAATTATCGATAGTA	0.906149556406166
TACCTATAATTCTGTAGCGATCTGGATTAGGGAAAG	0.0891380707232307
CTCTCCAGGATGATTACGTCGACTAGTATAGCATGA	0.142655998843721
CGGGTGCATCTTGCGTGTGACAAATTATGATACCCA	0.153665651893136
GAGCTTAAGACGTTTTACTCGTGATATATTCGTGCC	0.014385190863566
TTATGTAATGCGTGTAGGGAGTATGCTACCAACCAA	0.120340221838939
TGACACTCCAAAGCCAATACACATATGATGAACTTG	0.0127797539270706
GGACAGTCCGCCTCCTAGATTAGCACTTTTATGACT	0.453094375712445
TTCATCGCGACTTGCAACTAATAGGGTTACGCTTAC	0.62263047308262
GAGTTGGTCGGTTAGTAGTAGTAATGGTGCGACCAA	0.277793624498916
GACACCATCTCACCAGGCGATGGACTGGCGCCCAAA	0.0212805280032218
ACTTTACACAGCATCTGGACACGATCTATGCAGTGG	0.0740996762111737
GGGATTTGCCTCACATCTATCCGCGTTTCCTTACTC	0.109247365439959
TCACTGCTGTATCGATTGTGATCCGATAGCAAACTG	0.018326255883422
ATTAACATGTAGGTAGCATCATTACCTTCTTCCGGA	0.188106354942448
GAGCCATGGAATGTGAACTCTCGTCCACCGAGTCAC	0.02702608351131
GACCAACTCAGCACTTTGTTGCTGCTTTTCTTCACG	0.00463803482130048
CTAGCTGACTCATTAAGTACATACGGCTGCGGGCAC	0.916323487321772
AATGATCGTGATTACATGGGTTAAATTTGGATGCGC	0.28141855505207
ATTCGCAGCTGATTAGAATCCCACAATCCCTATACG	0.346987496443162
GGAATTGATCATCGACATCGATCAGGCAGTAATTGT	0.737203896743635
ACTTATGGGTTATAAATGTGAGAGTTATTAGTTCAG	0.287293785909588
CCCTGATTCGACGATGTGTAGTCATAAAGTTCAACT	0.0282588843802259
CCTTGCGCATATAATGATTCTGTTGTTGCTACCCTT	0.313499754465139
ATATCGTGCTTAGTTGACTTCATAGGATGAGTAGAC	0.0193835514225222
GTACCGTTGACGATAAATCAGGCAACCCAGTGTCCA	0.0207572699176398
CCGTTATCGCAGATTTAACATAACGAGCCCCAAAAG	0.0415432946152397
ATACAAATCAACTACTAGCCTTGGGCGTTGTAATTA	0.675721412738699
CCTGAGTTTTGATTAGGCGTCACCCTATCTCCGCCA	0.287085418095227
ACGTGTTCCACTTATACCGCCAAGACTATTTAGGCT	0.0760210117878736
CACGACTGTTATATTACCTATGCAGGCGCCAGATAA	0.0470599769462134
GGACGTGTGGCAACGTAATATGCAAGTTAAGCCTCA	0.123659462317818
GACGGTCTAAGATCGTAATAACCCGTATCCTAGGTT	0.175626243193253
GCAAGTCATCGGGTCGGGCAAGTGATTTTCGGATGG	0.0251428688415949
CGCGGAGATTGGTTAATAGTTACAATCATCTGTTGG	0.227113675030349
AAAGAGCACTGCATTAGCACAACCCCAGATTCTCTC	0.0884458431738635
GAGTTATTTATTGCCCAACATACACGGAACGACGAA	0.283038130083524
GATATACCGTGCAACAAAGAGACTCTCCTGTGTGTG	0.0304737358955137
TGATTAATTAATCCCATGGTTCGCTCTGTCGCCTTG	3.26832573277341
GGATCTTTAGTACTGAATTGGCAGCCGTCAGGGCGT	0.406979818502797
GATCCTAAGGTGATTCATGTGGCTATGTAATGAACA	0.331064964257727
GTCTGTGTTGTTGTGACTGCGTGGTCATGACACGAT	0.160972114295381
GGTCCATTTCTCTGTCCGAATCTCCACTATTACGTG	0.168864390309973
AATGTAATCACCTTCGGTCACGTTAGTTAGAATTGT	0.437117115900466
GTATAGCATATCCAGTCCAGGTCGGTCAGGTCCTAG	0.104275721753629
GGACTACCAAACATTATACGCTAATCATTTGTGTGA	0.915187708548547
TCTAAACTAGGAGTAATTGCCCGCTTGAGTATCGCC	0.774587589154647
CTATTCTAAATGTAATTTGGGCCTGTGCGACCGAAT	0.41948088229326
TCATATAGATTATCGCGGTTCCAATTAATCCAGCAC	1.19920286762145
AGGGGATGTATGTATCTAGCTGCCCCCGTACACATA	0.0319495047007249
ACGCATGGACGCGTAATTCATGAGAACGCCATCTGG	0.13462955424517
GTGATAACGGTCTACCATAAGTTTGCAGCGTAATGT	0.087188488835995
AGCCGAACTACCATATCCCGATGTCTGAAGTGATTG	0.0939391891035981
ACAGAAGATTGCGTGGACGGAGTTGCCTAATTTCGG	0.0927090413330022
CTTACCAATTGCCATTGTTAACTCTAGCGCAATAGG	0.162247897996844
ATCAAGATGCCGATAATAAATAATGTGACCCCGAGT	0.246211004549141
GTAACTGGGTTTATTGGGGATCCACGCAACTACGGT	0.266817460476277
GATACACGCTAAACGGCCAACATATCCGATGATAGA	0.278641100773688
AGGTTGCTTCTTAACTCGACTCGTCGCAGTACATAC	0.00786049999366303
GGAAGTTGTAGTTGGGGAGATCCTCGGGCGTCGACA	0.181250050690957
GGATATTTTCTATAGACTACTAGTTGGCTTACTACT	0.149759790428064
CACCGTAGATGTGTATGGTCTTTATCTAATCCGATC	0.199959982563394
AATTATCTACATGACTAGCAGGCGTGCGGGCTAAGT	0.00028017246806817
GTAGGGTAAATAGCTTTTGTTCGTGCAGATACGGTA	0.0643525420269037
CCATGTTTATACGACACTTCGTGAATTATAACTTTA	0.0476631671935478
AATCTGTAAGTGGTCAACCGAGGCGGTGCGGCTTGA	0.0531384524599409
TGCGGATGGGGTAACTAACTAGTCGTACCGGTGTTA	0.308713957540289
AACCTTGGATGCATTTGATTGCTCAGATCAGGAAAT	0.0886735165280954
GGATACACACAAGGCGAGGATCTTATACCTCACAGG	0.2297788217228
TAATGGCCAGGAATATGATTAGCGGGTCGCAGCGGG	0.402528339690058
GATGGTATAAGTCAGGGTCTGGAGACCTAACGCACT	0.0666301126990699
CGGAGAAATTATTAAGGGGCACATTGGCCGGAACTT	0.449971293693053
CTCATCAAGGCCAACCGACGTTACAGCCATTAATAT	0.0105823522546553
GATGTTTGTTTTCGCCACCCAATGCAGGAGGTTCTG	0.0544301594496589
TTACGGTGATTTAGCGTTTCGAGTCACAGTTATGCT	0.191131147851072
AGCCCAGGTATATTTATAGACGTACTGCCCCTGAAT	0.0314257343672599
GCGGTTAAATGTTTATAGTCAGGTCCGGACTAATAC	0.212183670010059
GTCGTAAAGGTTCGATGTGTCGGAATGTCGCTGGTG	0.00352257208070809
GTCGATGGTCTTGCAGCTTATCAGTCTGACCGGAAG	0.00544658584281976
GTCGAGACAATTACGGCTATCAGTAGACCAGAGTAT	0.607247804039903
GAGAGACGGACTGTAACTGGCTAAATGACGTACATG	0.152898432221818
AGGTAGAATCTATATGTTATAGATACATTCTGTGAT	0.0369381443090887
GCTAGATTGGCCGACACCAGGTCCTATCGTTCAGGA	0.000652401528376133
GGTGAATTATGTGAGCATGACGCGGCGCGCCTTTGG	0.429729431643044
GCGGTACACTCGATATACAATTCGCAACGCCGGGAG	0.0254920506454681
CGCCGTTGAGTAAACTACTTAGACTTTATTACGGTT	0.1631038505169
AACCATGAACCAGTTAGTGTGTAATTTCGCGCTTCC	0.278717136518651
CCCGGATATTTATTAACCGTTCGAGGTTGAACTTAG	0.303703365407096
AGCTTATTAGGGAATTACGGGAGCAGACCGCACATC	0.834393979684242
GCCATATGACAGATTAAAGTACGTAGGGACGAAGAA	0.066063046613026
GTCACGTGAATGCGACCCGCCAATTGGAAATTAAAT	0.0378834886953883
GTTAAATTAAGAATGATGTGGAGCCAACATTTGGGA	0.390367891727153
CCAGGAGGGTGCCGGTAATTGGTAAAATCGCGTGAA	0.933216833716507
ACATAGTGTATGAAATCGCACGTCTGAGATATGTCC	0.0391086392618375
ACTAACCTCGTTAATCATATAGACATAAACTGTAAG	0.850159852257423
ACCCGGTGCCACCTAATTAAGCCGGCTAGATGAGAC	1.63472996332839
AAGATGACAAGCATCGGTGACGTGTCTTATTAGAGG	0.0411521708276971
ATAGTACCTAGGTTGGAATTAGGGACTGCCGACCGT	0.0702466087905193
GAATGCTTAATTGCATTGCTAAGCGAGCCTTAGTCG	1.15886113033624
GAACTCGATTACGATTGAAACCTGTTAGGTCCGCAT	0.322951228837934
GAGCCTCAAGATCATGTCGCTGCGTCGTGTATGTGT	0.04241981291692
AGATACGCACATAACGACAAATTAGAGCTACGACGC	0.798949091281035
AGACGCCCTGCATCCCTGGCATTATTATCTCGGAAC	0.0530898586850692
GACGTATCGATCAGTTGAACAATGCTTTGCAGTGTC	0.151884324167383
CACGACGCGCTTGCATTAAACTACACAGTAACCAGA	0.0841267852984545
ACATCAGCATCGCATTCCTTGTGGCCTGAGGGCACG	0.0464755653326085
AGCATGTTTAGAATACGGGTTGAATTAAAATGGACC	0.242884405407907
TGTTAATCCACCTGGTTAGCTCCTGCGCTGTAGAGT	0.224755042206962
TGTAAAAGCGCCAGAGTAAATTAAAAGCGAATCGCA	0.095266864777681
ACTGGGGTTAAAGGACATACTGTAGCTAATACCCGG	0.06305873079299
GACTGCAAATACTTGTGCATAATCCCTTTGAACGGG	0.055008150402201
GCAATTTAAGTTAAGTTGATAGTCCGAACCTAGTTA	0.182867213374293
GAATAATCATGTATTGGAGCTCCACTTCACTGGTTT	0.388465183562261
ATCGATTATAGTCGTGTTGATCCAGGGACATACGCT	0.0762498287887273
GACCGGCCCATTACTGCTACACGTAACCTCGGTCCT	0.338625674566824
GTATGGTGATGGGGTCCGAGTGAGGCTGTGTTATGC	0.0775184906720124
CACGTACATCAGTTAGTTAGTCGGAACAATGTTCCG	0.255559590327895
CCCCTATTAAGCCCCTCCAGCTATCCAACCCAACCC	0.149909610553362
CTGTATTACGATGTTTGGGAATCGGGCTTAACATGT	0.0443180307442164
CCACGGACCATCGCGTTGCTGATTACTGCATTGAAC	0.194692961069785
AGTATACCTCAGCTTACATTATTACTGACTCCGCCA	0.250705116796636
GAGAGTAAGGCTCATCATTGGCCTGCCCTCTGGTGG	0.0733494723555289
GTCCTTTTGAGACGGGTAATGAGATCGACACGTACA	0.452144801764455
CCCCAATCAGCATCCACGCGCCTGGATGGACTTGAT	0.0303474184976408
GGATCGATTGAAATGACGCATGTGACTGCAACCGTA	0.180367002785299
CGATCAATGATTGCTCGCTAAGGTAATGGTCCCTCC	0.308209795222598
ATAGCACGTATATGAGGCATCTGTACTTACCAAGTT	0.00449784536735566
GGTACTTCGCTACTGACAACCCATATCGCGGGTAAA	0.11125457453099
GGTCATGATGATTGCTAATCTCGCTAGAATGAAACC	0.462118055161911
CGAATGCACTTGAACACTCTAAATACATGACGCCGG	0.0477583307182037
GGCATCAGGTTCGGCATATGACGTATCTGCTTTTAG	0.0531015329419602
ACATCAGGCATTCCTTAACCATTTAGCTGGTAGGTC	0.158937687005286
GCTAATGTACTCCAACAGCCTAGCTTTTGAGATCCC	0.164723749652562
GACCACCCGCAGAAATAAGCAACTTTCAATTAAACT	0.123007187969361
ATCAATGGATACATACCTCAGACCGGCTAATCTTGT	0.117575671746348
AGACTATAAATAAACCACTTTAGCTTAGTAGCCAAC	0.109142074598159
TAACTAATAAATGACATGTATCGGCCGCGTCGTCTG	0.610210162161281
CGTGAACAATTAAACCGTATACCTGGGCAGTTGTGT	0.481584759077799
AGTGAAAACATGATAGCCTGTTCCTAATGAGATTCT	0.548811664605894
TACATAGATGATTGCCTTAACCTCTTTTGCAGGTCA	0.0536432787213412
CACCGTCCTCTCACACGTTCACTAATGCTCATAACA	0.0871600304511538
CTTCTAAATTGTTCAACAGTTTGCATACAGTACCCG	0.0294296647061986
AATGGGTGTATTATTGATTAATTCGCTGAAAGGCAT	1.1679469807674
CCCTCGTTACGGTCTATAATGTAGGTCTGTCGTACA	0.361141552492617
TCCTAAATGCGAAGAAGCGGAAATTAGGGCGTGATT	0.0515046577423002
GGTTTGTCTCATATTACAACCCCGACGAAGAACGCG	0.0140004245607566
ATACCCGAATTGCAAATGTTATAACTATTCGATCCA	0.0763214010021718
GTAACGCGGTTACTGAATCGATAGGAATGATCTATG	0.00705834515367739
GCTTGGTACCCACTGCGTAGTATAATTCGGGCGCAT	0.129323683842476
CTCAGAAGCTCATAATCGGGATCACAATTCCTCGAC	0.0472640836394895
ATCGCTTGCATACCCTAATACCAGTTGGTTACCTGG	0.117717890716146
AAGGTAAGTAGCACCTGTATGAACTATCATCGCCGT	0.00131182637775253
TCGTATGCTTATATTTCATTAGCTTTCTCAAGACAC	0.156254817156235
CCAGCCCTAAGTGGGGATTACACGCCCCCCGGCAAA	0.113353440270085
AGGCCATTACTAATATTTTGATTTGCGGTAGGCATG	0.393143482723321
CGAACATTAAATTTCGTAGCTTCGACATTTGAAACC	0.0866555456872383
TAACGCAAATTAAACCCGCGGGCCGGTTCCAACATT	0.813853914754452
TACATGGTGATGTAACGAGTGTATATAGTGATATCG	0.269188426067442
CCGCAGATCCATATCATGCTAGATTGTTTATAAGCA	0.105773236774238
GTCCGCGGAGGACTCTAAAATTGGAGTTCATGCATC	0.00813993070905678
GGCTAAATCCATCTCGTGGGACCTGCCTATTTAGCT	0.254479114805549
GATAATCTACGCCAGGTAACACGAGAGCAACGCGTA	0.301715062118259
ACTAGGAGTGTAATTCAGCAGCGACGCGGAAGGAGA	0.160736774921933
GTCCACTGATAGGGCTTAGCCATGGCCACCCTTTTT	0.0580994743546284
CACGTTTCATTGCTGATGTCTTTCAAGGCACCCAGG	0.0184999283406927
TTACTGTCGGTAATAGAGGGGTAGTCGCGTTTCTCG	0.306512857126657
CTTTCATATAATAACCCTCGCGATTGGCAACGGCTA	0.289207947018944
CTTCCCGTGGTGATGGTACTGTACTGGCAAGTGTCT	0.00390800368712925
GAACTGATAAAACCTTAGTTATATCACAATCCTCCG	0.14758292292716
CTTATTGCAAGCCCTGTTTAATAGCTCGCCGTGCGT	0.00481954026746553
AGCAATGTGTGTGGGATTACTCCACGTTCGAACTCG	0.0464575437452276
AATTCTCACATTGCCCATCTAACCTCGCATTGTAGA	0.0595083555244617
GCTCCTAAGGAAATAATCATTCGCATGTGCCGTCAG	0.0539276186272159
ATACCAATGGGTTAATGGGACACGCTTTCGGCCACG	0.514169212187684
ATCCTAATTTATCGCGCACTAGGCGACGCCCTACGC	1.04632003410715
GATTTTGGAATGGTCAATTGTTCTGCACGACACCAT	0.116317025367503
GGTTTGTCACTAATGGGACCTATAGTGGGTGGATCA	0.986807635214411
TGAAATTCGTAATATGTTTCGCACGCGGGGTCAAGC	0.00782972252431432
ACCTCTTAACCTGTAATGAGCGGCGGTGATGTACTA	0.663151259823564
GATGTGGAGGACCTTTCTGTACCTAAGTGCCGTCGT	0.0797171660570039
TACCTTACGCGTCGCGTAGTTGATTGGCGCAAGAGA	0.00406709700090502
ATATACATGTGGATTCCATCGTGACTAATAACAGAA	0.0852980969201102
GACTTGCGCTACAATTTCCGAGATCACTGGAGACCC	0.00339699248374714
TCGTGGAAGATGTGATTTAGGTGGCGGGGTAGATCA	0.00659918292610352
AACTATTGCAGTATCGTTGATGTGAAGAGTGGGGAT	0.0770736147805124
GGACGAAGCAGAGCACACATTAATAGACCTCTTGGA	0.51129156356
TGCAGTAATAATAGTAGTTACTACAGCTACAGGGGA	0.248892756661791
ACCGTCCTCGTGTTAGATCGGCCCGTACCTAGATCA	0.0103790366735576
CTTGGTCACAGGTAAATGTACTGGGGAGATATCTCT	0.0777809973280032
TCAGCAGGTAGGACCATTATGCTCTAATAGGTTGCC	0.535935657257688
AACAGTCTACTAACAGCAACCACTGCCCTTCAGCGC	0.00111041821493221
AAGTTTGCGAATACCGCTGTAATTTAGATCTCGACC	0.10849234848255
ACTACTAGAGTTTATGCTCTGTATTATGGCGTAGAG	0.0386577212927613
AGACAGAATCGAGACATTATCGTTAAGCGTCGAGCT	0.0986833202447243
CGATGAATGCAAGCTACCGTATCGTAATGATTCGAC	0.263038139353124
GACTGATAAGGAAAGCTATTAATGTGTGCATTTGGC	0.50591595309778
CTTCTAATCATCTACGTCCCTGCGTGGGATAATGTT	0.590197612263989
AACCCTGTATGATAGCCGACCGATTATATACGGAGA	0.0494961173515438
AGTAAGTGTCCCATATATAGTGCCGCGTTACCCGCG	0.0485521596755981
CACCAGCTCATACGGCACTATATGATCTTCATTACT	0.134766715879495
ATACCAAACAAGCGGGGTTACCATAAACGGCACTGG	0.0363917002584221
TACTGATGTCGATCCGTCGATAATGGAACTCGACTG	0.0870590207976562
ACCAGTGATACATCTAATAAACTACGAAGCTGAAAC	0.300945315182405
TACGTGTCGTGTGCGATAATCTGAGCTTATGATTGA	0.0895589080069029
TACTACGAGTTATATTATGATGACCGGGTGTGAGCT	0.131481872332439
GTTATTTATGATTGCAGATGGGATTCCTGTGAAGAT	0.103627139442408
ACCTAGTATTCATTCATTTCGCTATCGTATGCGGTA	0.0798583721821209
TACTTAATGAGCAGTAGTCCCGAAAACTATGCCATC	0.956156677485992
GTACTAACTGAATGCAGGTCACGTCAACTACCGTAG	0.138725895945661
ATTGCGATTGGATACTAAATGGATCAACTTATTGAG	0.289637085872687
CGTTAAATTACAGGATAAGTACGTAACCTAAACGAT	0.483320005842828
GGCGAGATGTGCGCGATGCACTAACGATCATACTCG	0.0889125416263753
TTGGGCGAATAATTGCGCAACCATCACTCACGGCGT	0.261704425156881
ATCAGTAAATTAGTTCAAACTCCATCAGTTTATTTT	1.08519480391802
ACCGGGATAACGATAACAAGCGTGTGTATGCTGATT	0.371840203495488
CAGAGCCATACTTGATTAAGGGCTACTGAAACACCG	0.343992131486814
GGTCTCGCATATTTGCAATAGAGGTCTATCACGGCG	0.0118368289869498
GATACTGCGCCACTCCATGCATACGGTCGGTCACTG	0.0565031005528336
TTCTCCGGGTGATTAATCCATTGTCGGCCCAGCTCG	0.399652313155027
AAGTGAGATTAATTAGAGGAGTTGTAACTCTCAACT	2.13473113307768
CCACTATTCACAAGGCCTAACCTCGAGCCCGACATC	0.0676409248740978
ATTCACCAAATTACTTGTTCTCTTAAAACTTCACAT	0.736259504339095
AGGGTAATTCGGATTATGTAGGGCAAAGCGCAGTTA	0.985451617656267
CAACACGCTGGTTGACGTCGTACTAATATAGGTGAT	0.206781528046036
AACGCCTGAATGTCCTATATTCGGTGGTGGATAGGT	0.00939877744447702
TAATATTAACAATGCACTGGCCCATAATGATCTGTA	0.619535490127872
ACTTCAAACAGCCCATGGGGCAGCATACTAATAGTG	0.00421108304028053
TTATGTTGCATGTCACACGCGTTATTTGTGCAAAGG	0.0202137393740822
CGTCTCTGTGGTTAACGATCAGGTCGTGTCGTTTTA	0.265331343368446
TAGTTTTATTGCACCCCACTAATGCGTGCTCCTGGG	0.740724762590329
GAGGACTATTGTTAGTTGGTACCGTTCTTACCGGCT	0.0882672646996744
GAGTAGCTTAACGGTCTGGGTGGATTTATGGATACT	0.0798075344292509
CCGCCAACAATTATTTTTCGCCCAGGGTACTAAAAG	0.23174196964966
GAGTTGAGAAGGGATATATGAGCCTACTTCTCGTGA	0.0140727330998104
CGCAGCTTGATCCTGTGTGATTATCGAGTGTCTTCT	0.118277697313242
AGGCGATGATGATACTCCGCTGCTATATCCGCTGTC	0.00136522769403649
TCACTGCTACCGGTCGAGACATGGCTCGTTAGTCCA	0.145263696315745
GGATGGTAAACGAGAGCTGCGGTAGATCGCTGAATC	0.166362886142353
TCTGCATAACGATCTGTTCCCATTTGTTTTCCCCCC	0.133087211304924
CCTTCGTAATAATGGCGGTACTTTCCCAGCAATTCT	0.202857168952431
GTACTTTGCCGTATCACATGCGTAGCTTGAACTGAC	0.00181163552142305
GCATAATTGATCGTTAACTGTGTTATTTACGGCTGG	2.13289584098852
GCTTAGTACGTGCTGGATTATTCTGTCGGATAGGTT	0.0663633207879052
CCGCTTTTACAATATAATCATCAGCGAAGTCGACAA	0.085986724552506
GAACTGCACGTATTAAGTATGGCGTTAAGGCGGGTG	0.322199040760692
CGCATGCCCGAGCCTAATTGCTTCTTCGTCGTAGTC	1.47964928462727
ACACGTTAACAGGGAAATAGCCTGATGGTACCCATA	0.0068363501454154
GTTGTAGCACCTAATATGAATAAATCTATTCTCGTT	0.438215899886835
CAAATGCAATTAAAGCCAATCTGTTGAAGACCGCAG	0.996412552752047
GACCGATAGTAACGAAATTGGCAATATAACTCGGCT	0.265128611490417
TTCATTGCGTTAAAGACTTGAGATGTAATTGCGGAT	0.139876538022762
AAACCCAATCAGGCGATTCACGATGCCTACTATCGG	0.383023233576212
GACCCGTGTATATCTACGATATGCCCCCTCCGGCGT	0.0768382099867811
GCCCTTACTCTCATGTCAGTACCCTGCCGGTCGTGG	0.0220361010396699
ACCACATTGACCTCTGGCGTTATAGCCTCCAATTCC	0.152667489567408
GTATCTGCCCCCAAATTTTATGCTTACGTACCAGAT	0.0469367536283969
GACATATTGGTCTAGCAATTTCCCACTTCCTAGTAA	0.285671317478001
GCAGCAAACTGGTATCGGCATGCCGCATTAAACGGT	0.0939804724540398
GTAATTTCCATACACTCTCCCTCCGGACTAGATGCC	0.00607695373876911
TCGGGACGGATAATCGAATCCGCTTGAGGGCTCACG	0.502864837139571
GCACATAATCTGCGAGTACCCTCGTATCTAGGTCGC	0.426808047175446
ATATGTTCACATTGTTACAAGCTCGACGGTAAACCA	0.148581491800138
TTCCTCATTTACTCAATACCGTTGGTTCACCCACTC	0.269354947897622
GTATAATGAATGAGTGAATTCCCTTTCTAAATCAGG	0.567347840884034
GTTGCGAGTGAATTATTCAGCAAAGATCTTTATAAC	0.0797636831228295
GTAGGACGGCAACACCAGTAATAACTCACATGACAC	0.0822498478512608
GATGACTATCTACGCGTAAGGGTCCTCGATACCGCT	0.0763258675989498
GGTAGATGCGTCACAATGATGCTATTCGTCATCGTC	0.204291449298161
CCTATAATGCGTTAAGTACCAACTAAACCATTGACT	0.498286934586011
AGTTCCGTCGGGGTGGCTCAATTAGCACCCGGTGTC	1.62051564358427
CGACTGAACAAATCATGCGACGAACGGGGTATGACC	0.0280613436954475
CGTACTCATCGCACACTTAACGAGACGTTTTCTCTC	0.276805713481966
GTCATAATAGCATAGCACGTTGCGATGACAGTGCAT	0.150729770043742
GATGTCCCGATCTTGAGGCACCTTATTACCGCGGAA	0.196762069316703
GTGACTTCTCTTAAGTGAGTAAATTGTTTTTGCATG	0.616253332309161
CCATATGGGGTTTAAATCGCAGATCATTAGTCACCC	0.569973584510824
GTATTGTTAGCACCGGCAGTAAACGTTACCGCGGCG	0.0456257243352589
GCTAGTCCTTTTACGATCATGATCACGATCTTAATC	0.214796709007257
GAATGTTACCCTTCGTACTCCTGAGTGCAGCAAGGC	0.0803638158924327
GCCATCGTCTAAATTCCTCTCGGATGACTATACGTC	0.0698749993733591
AGTTGTGGGCCCCTTAATCGACCCAGTGGGCACTCC	1.27154466152973
GCATAGATTCCGGACCCTGTTACAAATGACCATCTT	0.230881136394053
TCCTTTCGGAACCTATTAGCCTCGCTCGCACAAAAC	0.369845444910732
CATACATTCCTTGGAATGGGTGGAGGATCCCTCATC	0.0244173723260336
GAATCTAAAGGAAATTTCTCCCTTCCGGTTAATAGG	0.352710234810224
ATTGTTGTGTCACCGGACTAACTGTGTGGCCACCCG	0.0589389692178171
TACACATGCCGTAATGGACACAGCCCAAAGGCATAT	0.153324688270384
ATGGTGTTAACCAACCTGTCGAGCCGAGGACTATTG	0.0647109909101793
GAGTCATAATATTGCTTCTCGCAAATCGTGCTCCGT	0.429169168056469
GAGTTTATAGAGGATCTTTGCATACGCATATCTGAT	0.0178194750715543
CACGTAATTGACTGAGTGCACACCACCCCTGCAGGT	2.19889058641877
CATTATTGCTTTGCGTTGCGCCCAATCCGGGAGGCA	9.22052913714247e-05
CGGCCGTCTCCTAAAAGAGTTGATTAGTACATTGGT	0.448764671509658
GTACATGTGAGGGGACGGGACACATTAGGAGGGTGA	0.382146324979397
AATGGTACTCTTGTGTTTATTAGTCCGATGTCCACC	0.51480531668572
ATGGTTAGATTCGTCGACATGGGGTGACGTTTAGTA	0.0357245982781867
GATTACACACATCATTGAACTAGTAGCAAAGGGACT	0.102953073584411
GAGTTCGTCAATTCATACTGAATCATATTAACTGTG	0.305447627596116
ATTTGGAGGCCTATTACACACTGACCAGGACGGTAT	0.147749014825579
GAGCTTAGAAGTACTATGATCGAGCTATCAATTGGT	0.10884561872254
GGACGAACTAGTTGGTAATACAATAACTCAAGCATA	0.162883005580338
AAATACATTTCGATTCGCACGTTGGAATCCGGATTG	0.0229285404227715
ACGCAAAACTCGCAAATTCACACCAGTGACGACAAG	4.2309090478222e-05
GATCGGCATTAGCTTAAGAGTGGCAATTCTCTTATA	0.136097241988434
GATCATTTGGCTGCCGGGTGGGACTCCTCCAAAGTC	0.0318914665609933
CATGATCGTCGTTTATCAGTAAGAATTCTAAATAAT	0.0472591134990262
ACAGGTCTGTCTCGTTGTATTTGCCGAATTCATGCT	0.0481166022638475
GGCACGCTCATGTTATACAATCAGCGTTTACCAACG	0.0312719744459422
ATGTCTCGATGCCGAGCTAGTTAGACATGGTTTATT	0.112317367078557
ATCCATGCATTATTCGGATCCTGCTATTCTGGTCGC	0.251954131636995
GGTTCCTGTGCTGAGAAGTCCCTTGCCTAAGTGAGG	0.0406876446484906
GTTCGCTCCCAGTTCGTGACTAGATTAGGCAGCATG	0.0949549431241346
GCGCACCCATTCATCATTGTTTCCACGTCCCAGTTC	0.0508922718780758
ACCGCCGATACTATGCCGGCCGCAATTACAGGTGCC	0.169953544739815
CGAGGACAGGCTATTAAGCTGGAATATCTTGGTGGT	0.339020434578116
GTAATCTGTCGTAAGCCAGTGCTGATATAAGGAGGA	0.0447604839457418
ACATACCTATGAATTCGTGCGGTTGTGGCTATAATT	0.544752122330547
AGGTGACATCGTAAATAGAACTTCAATGACCCCCGG	0.0103572218013495
CAGCAACTTGATTCATTGCCTATAATGGTGGGTGCA	0.256485941270825
ATGTGATACCATAGCTCTCTGGTCGGAATGAATACC	0.0385231348589326
ACTTTCTGATAGTTATGAAATCCACAAACCGATGGT	0.0418094202330929
CCGCTTCCTGGACACCAAGTAGAGATTATTGACTGG	0.0208963221553836
GCGGTTGGCGCGGGTTTCTCTCCATTTAATAAGCAC	0.0269523394845247
GGAGCAACCAGAATATCCAATAGCTTCTACTCCGAC	0.012986416762633
GCCGTGTAGGTATGATAGGATCTGGGTTCCCATGCC	0.0125279670606868
ATCATTAATATAAATCCATGGATCCGAACACTGGAT	0.283264471306108
AATGTCTTGTTATCGGCGTTGATAGCCTAAAGACAC	0.243776747965364
CAATAATCAGGGCTTACCGTTGTTGAACTGCCCCCT	0.209260872236468
ACATGATGGCAACCATAAAGCATCTCATAGCTCCTG	0.012086970011681
GTACGCATGTGTAGTTTATCGGGTCTCGCCGTACAC	0.0333435477298526
GTCGGTCACTGATAAATAAGCTGCTAGGGGTGTTGC	0.160803698450381
GAATTGTACATGTTCCCACTGAGAGCATGCCCTCCG	0.177324297341937
CGGAGCGAGCCCCCTAATGAGCCCTATCAGGGGCCT	1.65282718608127
GCTGTATTTATCCCTCTGTACTAGCCTCCCCAATGG	0.088096341746438
AGAGTTAACCAGACTAATTCGGTACGGACGTGTAAA	1.09910201144197
CTATAGCTTATTTAGGTCACGCTCCGGCAGGATGGC	0.0347032851900676
GCATTTTAAATAGTATCTCCCCAATTACCGCCCGGC	1.55566568993687
GCTGGCTTAAACTAACGTAATTTCGAATCAACGTAC	0.167666803818787
CCAATACATCTACCGGTATTCGGTAAGTCCGCCGAG	0.0808083454652275
AATTCGATATAATATGTTGTATTAGGGGACCACCTA	0.377815058318969
ATATACAGTTACGGTTTGCAAATCACGGGGTGAGGC	0.0260035612301464
ACCAGATAATCGCTTCAAAAAGGTTCCTCAGACTTG	0.00668061512802226
CGCTCGTATTGGCTTGCAATCATGTAGCAATTCACC	0.00419664840905136
GTGACAGATAATTGTCTCTCGATGTAGAAGCCTTAG	0.842104273088677
GCCGATATCCGCAATCCGCCATAATTGTATAGCGGA	0.188773066607624
CGTTCTGAGTCCGGCAAGAGCCTTAATTATTCTACA	0.767103178176763
GATGTGCCGAGGATGATCCCGCGACATTACCTAGCC	0.056311205056933
AGTTCCATGTGGAACCCTGGACGCGAGATAATCAAT	0.09887019194083
CCTACTGTGCCGCGAAGTATATTGTGGCATAATTGC	0.338032699325832
GCTCTTCATCAAATATACACTTGATCGACTCTTTGA	0.161044040152473
AATGCAAACGTAATCGCGGTCACAGACCCTGTGTCA	0.0358938404878973
CATATGTCATATCTAGCTTTTTGAGAACGGGGCACA	0.00964058523746061
AGTTCAGGCCGAAATTGACGGTAACGCACTCAGCAA	0.0863679672581735
GGAATATTAGGAGTCTGCCCTTCGCGCAAGCGTCAC	0.324959103886862
CCTCGCCCCCGTAAGTGACCTCGTGTCCGACGATAC	0.00985454651122237
GCATTACTTTTCCGATTCGGATTCCACTTGCCAGTA	0.0695659464078926
AACCAGAGAACCGGGTGCACTGGCATGCTCTCATTA	0.0465372473237854
TTCTAGGATTCTAATTGCCCAGAATGGGATGTGTTA	1.17039445222369
GAATGCTACTCGGAATGTTCGATATTAATTGGCCTC	1.55808174674795
TACTAATTCAGCGCGCCTGAGGTCCAGAGTACCAAG	0.312355205636829
GAGGTGCGAGTGTGTTTGATGGATTGGATCCGCAAC	0.0183677090345413
ACGGGATTATATATCCTTGCCCATGCAAGAATACCA	0.0173913374811622
ATATATCGTTAAAGCAAAATCTCGCGATCATATCAT	0.0840744771488097
GCTTTGATATCTAAACAGTACCTTGAGCAATTAGAG	0.40628001926594
GCGTCTTAAGAAGCTGGACGTATAACATAATTAGTG	0.912219363313392
TGACTGTTCTAACGATGTCGACTATAATCAATAGGT	0.361327378556987
AAGTTGTAGGCAACTACATTGCATTTAATGCGCGGT	0.0636940719949938
CCAGTTCTAATTGATTGCCAAGGATCTGTGGGCCTT	1.71719927586154
ACAGGTACGAGGTGCGCACAATTATGGAATCGGTAA	0.205077875693096
ATGTGGCAGCCTGGTACCGATGATAATCGATGAAAG	0.172935864492328
GTTAGTTATCTACCAGAACCCGAATACTGCGCAGTC	0.0218834648283109
CATTATAATGAGTAGGTCCGTACAGGGGATCCTGAT	0.757045616302409
GAATTTTCCGCGTTCACTCTTGACATAAGACCGATC	0.0344377450364764
CATCAGTTGTTTGCCATGTGTCATGTGGAGTAAATT	0.200683618577757
CTGATAACTTGCGATAGGGGCGGTGCTCCTGACTAA	0.016010011885442
ATGCACGTATACCTCTTAGCTCGTTCCGTGACTATT	0.128397869011098
CGATGATCAATCTATCCGGTGGCGCCTAACAGAGCG	0.189945111755276
AGGACGGGAATCAGCCCCAATTAGATATGGACCATT	1.1678841408213
GAACTCGCCCGGTAATGGTGAAGTGCACCCCTTTAT	0.0968705763231472
ATTCCCAGTCGAGCAGTACTGGCGCGTAATGGATTG	0.154421389534038
GCCAATACTCTAATTGAGCATGCACGACGCTGTTTT	2.06092859213999
CCTGTCAAGTTATTTCATGATATTCGGCGACGGTGG	0.0283781013944243
GAATTTCTTAACTAAGTAAGACGTTAGCACGGCGAG	0.197673449369915
CGATCCAATTTTTATCCCCATGCTTGCGGTCACCCA	0.0727237338728943
TAATTAGTCTTGATTGGCAGTTTGGCTTCCCAAGAT	0.114041117469304
ATGGGCGAATGTAATTGAAAGATCTGTCGAATCCCC	0.35143428298391
CTGACCTTATTCCATCGATCACTACAAAGTTTCCGC	0.00244653965524471
GAGTTGCTAGCATACGCGGATTAACGTGCGACGCTA	0.199672079097721
ACAGTGTGTCCCGTAGTAGCCTGCATAAATTGTCCG	0.064294088041456
GATCGTTCACAACTCGTCTGCAAATGATTAAAACTT	0.159893301614435
GCAGTTCGTTAAGAGGAGAAGGGCGTAGACTACTCA	0.209494149545734
GCGAACTCGGTAATAATCCTATCGTGTGACCCTACT	0.338185629341284
ATGTTTAAGCGTATTCTACAAAATTGGGAGGGCGTG	0.0707145854352675
GGGCCTGATCCAAGCATGTATCGTTTAGTTGGTTAA	0.0384077640744071
CTACCTCGCGTTTATATCGATCATCCATCCTATAGC	0.0629411195946351
AGTTCTTAGTCTTTCAAACGTATCCGGTCCTAATCG	0.145894377004747
GTACATGGTCGTGACTTAATACCATATGTCGTGCCT	0.188766166430321
GAGTGTCCAATTCGGGTAACATAACCCTATGCGAAC	0.0749703465755753
TCGACTCACATGCTGTCTAACGATCGATGGTGTACC	0.0851712533475804
CCTTCGGGGACTCGTCTCCTTATTGATCAGCTCCAC	0.00598068604930266
GTTTTCCATGCAAAGCGTAACTAATGAGCGAGCCGA	0.776233544370785
ACCTCCGCGGCTTAATTGGCGGAGTGAGAACCGGAA	1.64362605674448
AACGAACATTCCTACAGCCAATTTTAGTCGAGGCGA	0.0528665253023316
CTAGGTAAATACCAATTTCACTTAAGAGCATATCGG	0.244693850141089
CGCATCTGCACGATTGGCCTCGTTGTCATTTTACTA	0.0792494188803724
GGGTACGTATACAACTGGTGACAGGGCGTGTTAAGC	0.0787058970666139
GATGGTATTTACAGAATTAGGGCTCAGAGTCCAAGA	0.370238843597927
CGTTGACATATCGTAAGCATGTTTGCTTGGCTGGAG	0.0262851940492386
CCAAGGATCGACACTCGTTACCATCACAGGTTATAG	0.152764972519298
CGCGCCAACATACGGCCCGCTACCCTTTATTAATCA	0.109853102354611
CGGCCACGTCCCTTGGTTATTAAGGTATGGCTAGGT	0.0740200001905982
CTCGATCGCCCACGTTTGTATCCGCCATGTAATCAG	0.102696233676449
AACAACAGGGATAATGCACCAGGAGGTTTACGAACA	0.108936415178646
CCCTCGGTATGGAATTGACAATTCGACTGAGGCAGG	0.0255313945200419
TTTCTATCACGCATTAACACCCCCGAAGGTGACTAT	0.058282446521025
GAGCACGCATGCATTTACTTAGCACGTCTCGGAACA	0.0485856722528221
TCAGAACCATGCTCCCAGATGCTGCTAATACGGAAT	0.0265300655850524
TCATACAAAAAATCGTGTTTTGTGAAACTTCAATTA	0.123704045427575
TGAAGCGTTTTATATTAGTTAATGGAGACGTAGATG	0.557000068662958
GCAGACGATAATATGTATGCCAAAGGTGAGTGGACA	0.284906381224931
GGATCAATCCACTCGCGAGGGAGGCCAATCCATATT	0.0351834475212814
GTTATCATTAACTATCGTACAATCGCTTATAACGTC	0.638490821885716
ATCATCACAAATACAGGAGATAATGTGCGCCAACCA	0.205597824290149
TTTAATCTGATCGGATATGTAACGCTACCTATCAAC	0.0139972013193834
GATACATCCGCGTCCAAAGCAACGACGGCTGTCGAC	0.0146056240148659
GGAATCGGACCCAAGCCGATGATTAAGGAGATACGC	0.25248408329011
GATTATCTGTAATTTTTCGTACAACAGCCAGGCAGA	0.00224530325043428
CAGATTAAGCATAATCGGCCGAGGAGTTATGGCTGG	0.290123609342387
GTTCGTTGCTGGTCGCTCAGTAGCTATAAATACGTT	0.0096323701771338
GAATCAATGGTAGTCCGTATACGAAATTGAGTTGGT	0.364069102491141
GATTCAAGGCATGGTTAACGCCTGCTTGGTAATTGG	1.15816712578977
GTAACTACAATAAGCCATTGGCACCCAGATTCAAGA	0.0315808757806414
AACTTCATAGTGCATTTTGATTGATACGACGCGAAT	0.108734536387672
GTGTCACGGGGAGTCGCTTCACTAATAGAGCCACCA	0.40487897111032
AGACGATGGAGTATTATGGTCATTGGAACTCACCTA	0.0428821646235732
ATAATTAGCGCGCAATGCGCTGTACCTGAACGCGTC	0.243080848004753
TAGCGGACCGCGCTGCTAATCTAATCTTATTGGTGA	0.579013224461317
TATGCAAGTACCTTGTTACGATGGATGTACTACATT	0.072449504405344
GTTCATGCTTGCTACTTACGACGAAACTACTGCCTT	0.0282540876478577
AGAACATTATGTTAACCGGAAATGACACGCGTCCTT	0.0953544100109876
GAACCCTAAGCACCGCGATCCTAATGGTATCGCTAT	0.121056799030108
AGACTCAGTGGACTATCTCACGAATTAGACCCCTAG	0.0782579355209618
TCAAGTATCCGTGCTAGCTTATTACTTCGATGCGTA	0.145209934710542
GTTCCAACACACAATGATAGATGCCTTCTGGACTGG	0.0600298396095993
GGATCATTCCGTTCTTGACGAGCCAGCGTAAGGGAA	0.098371593255646
GGCCGCGTGATCATCGTACGTCACCATAATCATTGT	0.228854339332222
GTATTAGATTGCACCAATGCTTAACACGCCTTCTTC	0.278961781291036
GGAGCAGGGTTGAGATGATGCGATATAGTCATGGAC	0.0405995433790668
GCAGACCGTGACAAGTAACAATGGGCTCTGTTAGTT	0.0175642179503843
AGAGGATGTGTCGATTATCCTCTCTAAGGGAGAGGG	0.435117159875386
CCCTTAGCATTAAATGACGGGTGATTTCGATTTCGT	0.226983824671973
ACTGGTCTTAATTGCTGGTTAAGGCTGTGGAATTTT	1.75366875922435
TCTTAATCCGATATGAACTGCACAATAGGATTAATC	0.447796546393753
GGATAGGACTCGAGACGTGTGATCCGTGCTTTAGCT	0.0755169151265127
CCGAGTCGCAGGGATCATCTGATCCAATTGCCGAAC	0.0330720626787194
CTTCTATGAATACCAGCTAATTTATTCGCAGCGAGC	0.969959642340749
CGTCTTAATACTCTACCCATTCTTGTTTTCATACGA	0.0376328376237019
GGAATTGTGACCGGGCAGTTTAGTCTCGAGACAGGT	0.0531256716297406
GGCCTAGTTAGTGGCTACCGAGGTTAATCCCAGAAC	0.35095509285505
CATCATGGAAGAAGCTGCCATCTTGACCCCTAATCG	0.191259514356869
GCAAATAATGTTGTTGAGTGTGAAAGTTTCCAGTAT	0.081500643694341
CTTACATAATCCAATTTGCGCGACGATAGCGTATTC	1.73531860230206
CAAACTACTTCAGTAGTTTTGGATGGCTATTTATCA	0.00463559613466934
CCTGTTCGCTCCGCTGCGGCGAACCCTAATTGTGTC	0.364077529652634
GTGAGCATGTATAACCACGATGAACCCGACTCATGT	0.0339708922313694
TTGTCCTCGATTAATTACCTTGCTCGTCGAAGAGTC	1.75015243920219
GTCGAATTCCATTATCCGCATATTTTTGGACGTGGC	0.283112153169416
GATCAATTGGAACCCGTCTTCGCGGGCAACTGGGGA	0.164552477356816
TGCAGTTTAATTCCGTTGCTGTACGACATCTGTAAA	0.0430084900028083
GAGCCTTTACGGCCGATAATTCCGGTTATGCTAGGC	0.06673549225727
GCGTATGACGAACACATAAAGAGGGCCGTAATAGGT	0.0433118542788029
GGGCAAGATAATGAGGCCCCGGCCATGGGAAGCAAA	0.741098061297849
TGGACACTAGATACCAAATCAGTCATTTAGTAATAA	0.105642472545527
AGATGTGCAAGACCTCATTGTTATCAGTATTCCCAC	0.117447335918876
CCGAGTACGAATTTCTCGCAACCTAATCACCAATAT	0.324306028395366
AGAGTATGGCCTATAGTTCGTTACAGACCGTAGACT	0.0459702985414637
TTCGCCGCTACCCCAATGCACTCTAATTTGATTGGG	0.677936907057524
GGTCTCAGCGAAATTAACTCAGTTTGATCTTCGGTA	0.397904087491439
AACCGATATCTAACTGAACCGTTATAACCGGGGTCG	0.0795907583909513
GCGACAGTTATCGCTAATAGTGTAGTTTGAGCTATA	0.405265106269634
GAGTGAGATAATATATGCGCGCGACGGCCTGTGCAT	0.231690104651901
GATACGCGCTTGGCGGGTATTAAGATCATTACGACT	0.203034352758383
CCTCGGTAAGCTATGATCCACGTAGTTAGTATCTGG	0.0540117831512155
ATCACATTGTCTGTCACGCGTACACGGGGCCCGAAT	0.0585188239934554
CGAATCATAGAAAACTACGTTATGAGGCCTAGGTGG	0.0189777778033332
TAGTTTGATTCGACTGCAATTTGTTTCCCCTGCCTT	0.00698214127975063
AGTAGTTCGTAAGTGAATCTCGGACCATTTCGCAAA	0.0803276652514764
GGGATAGGATTTAAGTAATCTTTGAATTTAAGGTCC	0.0686997157954643
CTCAAACGACTGCTCACGGGTTAATTCGAAGACGTC	0.257376948953854
GTAGTACGTGGGTTGATGTTACTAGCCTGAAAGTTA	0.0760092969567394
GGAATACAAGCATATCAATGCCGCTTTGCCGTCCTG	0.270744450582995
GCTTTATTGGATATTGGATCTGTGACGGGCGTTCCC	0.505298185464562
TCTCAACGGTAGAGAAATTAGCGGCTGCCATTCGTT	0.0914065965249566
AGAAACACCTAAGTGATACGTTCAAACGAGTCGTCC	0.103138856909567
GATACGGGAACATTGTCTCGACTCCATAAGACCCCG	0.0316258941635864
GGAGAAGTTGCCTCTTTGTTCGTTTGATGAGGGCTC	0.0776876086383216
GCAATCCTAGTCTTACGCGTAATAACGATGGACTTA	0.0546904256801461
GTCATTATTAATTCCTTGTCTAACCAAGGAGACTTT	0.667782147410589
TCATTGCCTGATTGAGGGGCGCTGTGAGGCGATTTC	0.123706473778226
TAGCAATCATAGAGTTGGGCTTTTGCGAATTAATTA	1.05188222329857
GACACGGACCAAATAAATACTTGGATGACAACCTAC	0.0949983251543238
TCAGTCACATGGAGGTGTAATCGGTGACCGTGTATG	0.0601061202267763
CTCAACGGATAGTGGGGTCTCGTAGTGGGATGTTAT	0.0232641486085675
TAACAGATGCGAAAGACACAATTAAGCTATAACTCA	0.418856946872289
GAGTAAGGGATGGTGCGGTACTTAAAAGCCGATGTG	0.043266299051267
CTGGCTCACGGATCGATAAAATGCGTGATAATGACC	0.249339907432222
GTGAGTTTTACTTGCAATTGGTACTATAAACAGGCC	0.058990404850825
AGGTCACGTTTTGGGCAGTTTCACTAAGTGATTATG	0.322376695731655
GGCATCAAACTTGCTTCTATGTGTAGATATTCTACT	0.0644721378258231
TCCGAGCTAATCGGAGCCGCTGACGGGTAACCTCCC	0.0806056404789477
CCATTGCGTGTAATGAAAGGTCAGTAAACCCTAGAC	0.129511861854937
GACTACTTCCCTATCGAAGACGCGCTAACAAGTGGC	0.246956887913777
TATCTACCGTAATGTTCAAGTGGCGCCCGCATTCTG	0.0175681905231813
CGTGATCATGTGCTCTTACAGGTTAGTGTACCCAGG	0.0495081828273088
TCGCTCTCAACCGTGTCCCTGGTTCGTTAATGAATT	0.443361364690803
GATTGATCCTCCGTCCACGTACTATGTCCGTTGCGT	0.0206442006401729
GGTCCCGCGCGCCAATTATAAGACCCAAGTTTCATC	1.03781424122445
GAGGTGGCACGATTAGTTTCCGCGACCAGGGCCGCG	0.001385061023757
TAGGTAGCGTTGTTTATTACGAAATTATCAGAGGCA	0.114921483814457
TTTAAGTCAATAAATCCCTTTATTGTAGCTTACCTT	0.170484076052831
ACAATAGGGGTAGATGCCGACTTACGAGAAATAAGT	0.0115768674873094
AAACAATCCTAACAGACATGGATATTTGCGCTAATA	0.28950728904882
TTCAATTACTCTAGGCCCGGTGTGGAGTTATATCTA	0.107005704805309
CACTCGGAGAAGACCATTAGCCTACCTAAATGAGCC	0.370738250354095
GTGTATTAATCTTTCGATAGTGAGGGGATCCCCTAA	0.266925437409354
GGGTACTTATTGAATAGGGGTGCTATTCTACAGTTA	0.641822229421821
GAGCCTATTACCTGTATAGCAACGATTGCCCCATAG	0.850263473170509
CCTTTTGGCTGTAGGAAATTAGCTATCCACTTTTCC	0.34222730127061
ATGCATTAGACGTGGGGTAAGTTTCTCAACTTGATA	0.145620420031833
CTTTTAAGACCAATAAAAACGTGATTATCTGACCGC	0.172109480309543
GGAACAGGCGATCAACATCTACAGTGATCGTGCATA	0.189377028046319
CTGACATCACTAATGTAGTGGAAAGCCATGTTCCCT	0.357909043737923
GATACTAGATTCTCGGCGTCGCACTATCGTAGCCGT	0.0453418876639363
ATGAACCATATATCTACTGCGATCGCCTATATTATC	0.151233445038259
CGATCATGAGTGTCCTGTTGTCACACGTCAACCTGG	0.0358169359670976
TCGCACTAAATGGCCTGTATAATCCGTCGAGGGCCT	0.340416584357902
AGAGACAAGGATCAATGCTGTCTTCATGACAATTAG	0.0450096085835805
GCCACCATATTTCCCAATGACTGCGAGCACAGATCC	0.0722173648062382
AGTCATGTAATATGATAGGCCTCCTGATCTGGGTAA	0.237293587757151
GTGTAGTCAACCCAATTAAACGTGCCTCTTGTAATC	1.41113777047296
GACGACTAATAAAGAGTTGGAATTCAAATATCCCAT	0.379441699925801
AAAATGATTATCCACAGTACACGCGGTAACCTCTGG	0.368511501873316
ATCAGATCACAAATGGTCTGGCTATGCCATATGACA	0.0737285705094742
TGTACTATAGATGGGGACAGTCTGTTTCGGGGTTGT	0.107418871430114
GGTGGTAAAACCATGTCCGATAAACGAAGGGGCTGC	0.0805957455460719
GATACGCGATGTGCACTTGTAGTCTACTACTGAGCA	0.175760383240396
CAACAACACAATTGGTAACGCTCAGAGAGTGCAGCG	0.158601229159998
GTATGATTTAAATCTGAGCCATATGTGGACCCGCAT	0.246256904024905
GGATCTGCCATGCATGCAATCCTCCTCGCCGCCAGC	0.0975258421534333
GCTAATTGATATAAGTGAATACTACCCGATCATTAC	2.27120242944921
GACGTGAGCATTTCGAATGCCAAAATTGGCCTTAGG	0.112420021383407
GATCATCTTGCTGCAATGTGACCATAGCGAAGCCCA	0.0517327467485919
GCCGATTTAGATCGTAGGAATGTTGAATTGAGGTGC	0.00914323967316755
ACTAAGATATGACTGCTATAACGCCTTCGGGGCTCT	0.0261407164177347
AAGTGTTGATAATCACTGGTGTGCCGCCTGAGGCGG	0.154711649012202
CGGGAGAACTAATTAACTCGCAAGAAGCTAACACGC	1.99708306866931
GGGCCACCCGGAACGGCTTCAAATTAAGCTTGCCTA	0.0522630041250439
GTTCAAATATATTGAGAAGCGTAATCCCATCTGGTC	0.0388686641773341
CCGTATTTAACTACTCCATATAACGAGAGCCCGCTC	0.323937837726085
CACTTGTCCGTAATCTGCTTGTCTAGACAGCACTAG	0.301208968165303
TCCCACAGTGCTCATGGCTTCGTGTGGCCAATTAGA	0.804092057934019
ACATACCTGGGAGACATTCTATTTGTTCATGATCGA	0.0194440786810502
CAGAGGTTGTTAATTGTGACGTTTTTGCTTCAGGAG	0.75057337017504
ACTCCTACTGTCAATTCAGGTCCCAACACTCGCCAG	0.0162734804155636
GGTTCATTAAAAGATTTCGCGGTAGCCGGAACGAAT	0.370892129165737
CGGCAAACTGTAATAATGTTAAACCATTTGTCTACC	0.163851846662559
CGGAGTGGTAATGATCAGATGTTGCGCATTAGGGAG	0.730702418144127
GGATTGTCGCAGTCGATCTAATGGTTTGCCTCCGAT	0.253301935620073
GGGTAATGGACGGTCATCCAACTGGCGCGCTTATAA	0.190575451203427
GCTGTGCTATTAGTGGCAAGGGATAATCACATTGAA	0.50012661629712
GGTTCAATGCGGATAAGCGTGCATTGCTTCTAATGT	0.130854176262357
GTTGCATAATCGAGGCCAGCGTACAAATCACTCGGG	0.412897521856585
AGACCGTGCATTAATTTAGCGGATCTGTAGATCTAT	1.13153010989793
AGAAAATGGAAATGATGATGTGAGTAGCCATTAAGG	0.0389294829753222
GCAACTAGTTGAATTGGCCATTCGCTGGAGAGCTGC	0.287800464292703
TCACCAGGTTATACGAGGCTAACCAACAAGTAACCG	0.0105530667697661
CCGTCACAATATACACAGTCCGGGCTACGACTGCGC	0.0577334018669918
CCGATGTGCGATTAAGTGCAGTGACTGCCAAAGTGC	0.0987317079035659
ACAGTAGTTGTTTATACATGTACTAGTCCTCCGCGT	0.0801378551153237
GTGCAACCTTTACTCATCACGTACAGGAGGCCCATG	0.0182433455769271
CACTAGAACAAGTACCATCATAAATTTGGGACGTTG	0.0217565630819482
TCCGTTTGTACCTACCTGATTAGGCTCTGGACAATT	0.631878268449485
ACAGCTTGCAATAGCAACGGAACATCAATTTGTGGG	0.155289826002715
ACATGATCCATAGCCGGCCTTACTCCAATAATCTTT	0.0725358637722679
AGAGAAGATCTTCGGCTATCGTTAATTACGTACCTA	1.12455858603092
TTGAATAATGGCCTGCTATCCCAGTGTTAAATTAAG	0.136932965856422
GCTAAAACACGACGAGAGTGTTGTGATTATGTCTCC	0.00487148877434458
GATTGGCGCGTCTTGTGGACTCGATAATTGCCCTTC	0.695268745545448
GAGTTATCCTCTACGGCTGTGAACAGGGGACACTAT	0.0826273387339975
AATAATGTATGGATGCGTTGCTCAAAACGAGAGTAC	0.0456381251730804
GGATACGACTACTGACTAGGCAGGACTCATACGGAG	0.189912424969312
GATCAATCGCAGTCCAAGTACCCGGTCTTTCTCAGG	0.068184677419059
GCAAGTCTAACGCTATATACGGCAGTTAATTGACGT	1.40777864888645
TTATTAAGTGTAACGAGGACGACTTGTATCCGATGC	0.0530775001922357
GCTTAAACTCGTAACAATTTCGCGACCTGATTTAGC	0.106440562780273
CTTTGTCTGGCTTCGCGCAGCGCGTAATTAGCATTA	0.854908779097831
TAACGTCCTCATTAGCTGCTCGCACACGGTTTCTCG	0.828533785353868
TAAGCTGAGTCACCAATCACTTGTCCAATTGTTTCT	0.00815384644126828
CCCATGTGATGAGCAGGTGTATACTAGCAAATGCGG	0.0291630772454077
CGTCGCTTAATTCCTATGACTATCACATTCTGAGTA	0.319670272493786
GATTACACCATATTAAAAGTTAACGAACTCGTAAAG	0.31375714236638
GAACACAGCAGCGTGATTAGGTGCTACGACAACGGA	0.257821538144614
GGACTTTCGGCGAGCACTAATGAGGTCTTGGGAGTC	1.53460168193065
ACTGTAATGGGTAGCCTCGTTTACAGCGATCCCACA	0.381308941057409
GTATTGGCATCGAAGTTTTTGTTGGCTTGATATAGG	0.0422683918427939
TCTACGCGATGATACTATATATCAATGATATAGTCC	0.0839702077372722
CACTCAATATTTGATTGACTGCCTGAGATGCGAAGC	0.426925303410305
GAAGTGGGTAGAGGTCTCCTGGTGGGGAATTAACGG	0.197478918385146
GTGCGGCTTGAATAACGATCTCACAACAGCTGTTGC	0.0549634339703831
ACATCCGCTCTTTCACCAGGACATTACGAGAATGCC	0.0479251428227924
CTTTGAACGGGATTTAGCCCTTGTTACCCGTATTAT	0.061281403353476
TTAGCTTAATGACCTCTATCGCAGGCGGTCACAATG	0.906533056738082
TGGTTACATTTATCTGCAAGAACATTAATGGGTCTG	0.388436062315793
GGCCTACTCGCACTCATCCCGAGTCATTAGAAAGCA	0.0771452330946085
ACCCGGCATGTATTAGGACTGAGCATATAGTTTGGA	0.0461111240983359
CGTAACGCAATACGCGTTAGATGGAATTAATGATAA	0.0512017552235231
CGGAATATGCGATAGCCATTACAATAATGCAGCTCG	0.142867860719459
TTGTTATAATGATCGACGCGGTGGGTTTTCCCGAAA	0.193901507767871
ATTTCCGCTTATTGAAGGAACTTCCTGACAGCACAT	0.0385748182967066
AGTGCCATTATGTCAGTCGCCGAAGCGCATAGGAGG	0.106734852501286
GGCTCTAATCTCACCGGATGAATAAGTTCATAACCC	0.215535401025183
GCTGGAAAATTGGCTAATTACTACTGTGGTGCCCTA	2.53957927409676
GGTGCTTGGGGAGTATTGTAATCTGCGCACGGACAC	0.172920816919596
GGATGTGGTTTCTGTCTCGAGTGGATCGCAACTAAG	0.143003210020697
TTGATCGGTTGGACGTGCATATCATAATAATCGTTA	0.00865507692463779
TACATGGGTGGGGAGTCGACCTTATTATGCGTAACA	0.266123235395489
GATCATATTGGAGCGTTGGGTGACCCAGGGGCTGAC	0.130703023771149
GATCCGCAATGATATTTGATGAGTATCGTGGCGGTA	0.156421015045275
GGCCAATTAGACTACTGCAATACGTAGGTTCGCGTT	1.51397788565697
CCTGTACGGAGAATCACCTCCAATCTAATAATAGCT	0.0602021145372648
GATCAAGGTAGTACCTATACCCTATTTGCATCAGTT	0.147722850040432
AACCCTTCTCAATTAGGCAATCGCGTAAGGAAGGGT	1.14438635038903
GGACATATCATGGGCTGATATTGGGTTCGTCCTGCG	0.495308455018939
ATTCCGTGTATTTGAACTGAAGGTATTTCCTATTAG	0.00959975073987775
GATACCGAATACGTGCTTCATGGGAGTAGACGATAC	0.00894180133943242
GGTGCCATGCCTTAAACGATTCATCGGCCGTAGACG	0.241715232193322
AGAATAGATTTCTCCAATCAATAAAGGCCGCGTATA	0.227375925175937
ATCATCCGTCAATCTAACGCGTTAGGACCCGTGAAA	0.159652330823527
TTCCACGGAACCGCGTCGTACAATAATCACTTACAA	0.0522443691389464
AGCTTTTTATCTCTGTGGGCGGGTAACAACCATGTG	0.0436109326513629
CTAGAAGTAGTTAGAGTCATCCCCTGGTCATCTCCT	0.00334642519560123
ACAATGACCTGTTACGAGCGAGAGTGTGACATGTTT	0.070754830146702
AGTCGCAAATCAACGGTCTTCGTTACAATGGTCATA	0.208527248365093
ACACCCACGTGATCTTTTCGTCAGCCCGTTTAATTG	0.823352180245944
TGCGCTTAATTGAGCCCATTAGTCGTAAGGGGAGAT	2.31561619072507
GCTATCACTAACAGCCGTTTATCCCTACACTATTGC	0.320431083375403
GAACACATTCCTGCGACCTCCTATCCGATCGTACCC	0.0890289555847301
GCCATTAATATCGGCGAAAGGGATATCCAGCACAAC	0.0779281362594688
CCTAAATTAACATAGAGAAGTAAATGGTACCGAATC	0.585671973852127
AGGACATAACACTTCAAACTTAATTTAGGTTCCGTA	0.357071806316917
CGGGTTGTTATTACTGCTCTGTCGATCCCGATGAAG	0.115262833099122
TCGGTTTAAGCGACGGTAATAACGGACCCTTGATTT	0.00952221479294248
TGAGACGAATTCAAACTAGATAGTAATGGGATATAC	0.00816109231514165
GGCGTATTTCAGCTGAAACCATTAATCACGTTTTTA	0.229274840285244
ACTCTTGATGGCTTCAGGTACTACAACGTACTAAAT	0.0346075812032052
CGCACGTGTTACTTAATGCATGCGACTCTGACCCCA	0.360255933270583
GAGTGCATCATAAACAACTAAAGTATATTTCAAGCT	0.0119302149139942
ACGTAGGTTTCGCGCTGTTTACTTAGAGTAAATGGG	0.0180341595569847
GGATCTACACCATTTATAACAATCATTGGTCCACCG	0.544063586381051
GAGATACCCGCATAATCGCAATGCGGGTGGGCCGAC	0.137812598585712
CTGTATCTTAGGACAATTTAGCCGTACTTCTGCTTG	0.106939896651222
GAATGAATACCGCGACGTGTAAGGATGATCATATCC	0.0617644021552244
GATAATTCCACAACCGATACTGCTAGTTAGGGTATA	0.324802643093204
TTTATTTGTCTAATTCCCTCTTCAATGTACGTGACG	0.13760664830261
ATTCATGCATAACGTAATAGATGTTTAAAAGTGACA	0.0769159858602635
GCCCTGACTATGTATTACGTGTGCAGAGACCACCCG	0.110164475446765
AATATCTCTAATGAATCGGTCCTCCCAGACTCTAGC	0.793704552247432
TTCGCGATAATTCTCCAGGTTCTTTCTCTAGGACGA	0.0414143281189693
GAAACGACGTATAATTATCCTCGTCGTTGCAGGCAT	0.968533208660315
TGTACATACCCTCTTAATCCATATGAACCTCATTGG	0.157634009713631
GTCACTAGTCGAGCCCTAACTCGGTTGTATGGTCAG	0.122755244148648
GTACCGCTCGATTGATGTGTACTGTTACGCTGCGCT	0.175438602483034
ACAATTGTGAGGAATTGAGTGCGTAGATTCGGACTT	0.0475444728045569
GGACGCTCCTCTTATAGCTTCATTCATAGATTAACC	0.192369397105995
GATAAAATGGTGTGAAGTGCTAAATATCATTTGTAA	0.0828262009142909
GTCACAATGTGTACTTCCGGTCAGCAGCAATACGCC	0.0864802121200647
GCGACTACATAGTCCCCTTATCGTGCAAGAGCAGAT	0.0245477988868456
GCGTTATCCATACTGTACAGCGAATCCTATCCGTGA	0.101133028360255
CCCTAGCTGACCGTAGGATTAGCAGTAATAGATCGG	0.138199980400727
ATGATATGTAAGTAGGGCCATAGCGCTGCATCACAA	0.0677951717159697
TGACTTAACATTATTGATGGGCAAGGTGGTGTTACG	0.293514314917635
GTGGTGGTTAATGGCCACTCCCTTAATGGTGCCCAA	0.632093731805487
AAAAACGCATCTGTGATTGGTCCGACGAACATGGCT	0.0781184497898613
AATGGGTAATAGGTGGAAGTGCCTAGTTCTACAGAT	0.179287719776104
GCATTATTTTGACGTGTCAGCGCTGGGGTCGATTCG	0.0734428592951585
GTTATGTCCCGTCCTATTAACCGGCTATTGATGGTT	0.587142685615333
GCGTACTAACACGGGATGTGGAACTGACTGCTCGTT	0.0467962749347972
ATCTGTTCCCTGGCACATAGGTATCCTTGTTACATA	0.0309242867241272
CCTTTCACCCCGAAGGATCACTTATGCGGTTAAATG	0.0263865036139485
CCGATTCATTGATCGACAAGGCCATGTACTACGAAC	0.142286530917147
ACGGGACTGTTAATCCCTTCCTTAAGTATAGTATTT	0.0301171911880858
CCCGATGTACAGTTTCATCCCCGTCATTAGCCTCTT	0.266015270274718
TGTAGGTACTATGCACGCAAATTTCCATGGTGGTTA	0.131441954148913
CCTGCGTCCTTTTAGTCGTTTAATAGACTAGAGAGC	0.225254722430353
ATCTGAATCGACTCCCGTTATGGTCAGCAATCCACA	0.0618456904080581
GACATTGCCAAGATAGGATTGGGAACAACTCAACCG	0.0543968258445901
GTCTGATACTTGGTTCTCACTGTCCAGTTGGGTCAC	0.0404811356914536
CTGATAATCAACAAATTCCCAGTGTCTTTGCACGAT	0.237482012493945
AGCACTTAGTCTAATGCGTAGAGACGTGAAATGACC	0.050331613113773
GGGACTATTACGCCGGTCTTGCGAAGACGATGAGTG	0.0511675988884725
TTAATTAACGGGCCGTTTGTGCTCACGGAAATCCTA	0.185137825058734
ACCATTAGTTGCGAGCTAACAGGGCTATCAAGAGGG	0.10583267004277
GAATATAGTGGGATTCCGACATCGTTGTGGAGCTCA	0.0328756795266376
GAAGAATACAACCTAATAGTTTCTTTCCCGTTTCTA	0.0637701984491563
TACACGTTGGACCTTCTAATGCGACTCATCATGCGC	0.147475166325585
TAAACCGAGCTCTCGATATGAAACATTAATTAACGG	0.994116414504536
GTTTGCCGACATCCCTGATCGACGGTTGACGCTTGT	0.00119003157864141
GTCATTCCTGCATGGGTCGATGACGCTACTCAAATG	0.0444732362599272
CAGCTTCAATTCCGATAACACTGCCCACCACACTAG	0.0102998581010914
GCTACCATGTGCTAATAAGTCATGTGCTACCGGCGC	1.099020753455
CCTCGTTAAGTGCTGACACGAGCCAGTCATCAGTAA	0.0979228380079919
GATCAGATATCACGGCCTTGTCCTATCTGAGGCCTT	0.0527618377447269
GAATGGGCGCAAAATTGGTGAACAGAGAGCAGGGTG	0.187729586223148
CCGTAACGTACACATTACAAGCTAAGTCTTTAATGG	0.199527696463895
CACGCATAATGACATGCTAGTACAGCCGGACTCACA	0.49306475315227
GTGAGAAGTGGTCGATTGACTTGCTTGTTAGTTCTG	0.235435468646373
GACAACCATCTCAGACTAGGGTGTGAACCGCACTGC	0.0131946137464836
ACCTGACTATCGCGCTCATGGAATCTCTACGTACTT	0.117060570751074
GCAACTAGAAAGCCCATCACTTATAGCCGCACATCG	0.0589591606966692
ATCTTAAGTAAACAATGCGATGAGTACTTGCTATCT	0.0483486748108057
TCGTTCGTATAATGAGACTTCGCATAAGTCCCTAAC	0.272763808440695
TTGCCGCGCTCGAATTAACTGACATTTGACGTTTAC	0.328968226082532
GCATAGTATCCCTTCATGCAGCTGAATTCAAGTGCC	0.0382335556084723
TCTGTCACTACAGGTGAGAACCTAGGGTCATTAGCT	0.246519645332003
ATCTATTACTAAGTTTGCTTATCTACGTAGCTTTTA	0.144797779415009
GCTTATTTTCACAGTAATAAGGACTTTAACCTTCTA	0.314384138299959
GCGTGTTATTAAGCGCGACCCAGTCTTAGGTTCGGA	0.324834103876142
GCTGTTAGCCTGGTGTATTGTCAATACGTACTGGTC	0.0597772495008815
GATGTAATCAATCCGTGACATCCGCTGGGGTTCTAG	0.721686923608394
TATCCGACCTACAATCCGTGGGTAATGATGCTCCCT	0.0914910824935024
CTAACCATTAACGTGTCTGTTTCACCCGCGGTAGCA	0.163217455077098
GGTCGGATTACGCGGGCAGATGACACTGTCGCCCGG	0.0395969240656701
TGGTCGTTAAGTAGACCTAAGACAGGACTGACCTAA	0.0451201859387532
AATTACCGATTACACGCGCCAAGAATCGTTGCTCCC	0.0610453352625509
AGTAATAACCGTGCCGCCAGTCGCTAATTGACTATC	1.92173436561147
AGTGGTTGTTCAACCACCATCTTATTAGCAAAAGTT	0.2377530428653
ACATATGTCGATAACATCTAGACAGAGTCTTCGGGG	0.02765151323513
GATTCATATAACTTGATTAGCCCACAATGTCTTGTT	1.46005555454332
TTTATGGTGTTGATTAAGACGACTTTAATATTTAGT	0.391316562703482
CGTCCGATTGCTTTACACTGGTTCGACAAATTGCTC	0.123739349808765
ATGTTATCATTCGTCTGCCTATTGGATAGCAATGCA	0.187041189450554
GACAATGACAGCACTGCGGTAAGGACAGTTAAGATG	0.00849599683184207
GATTAACATGACTTCTGTATAGGATGGAGCCCACTC	0.103871746628431
TCCACCCACTACCTGATACTTTACCGGCTCTAATAC	0.0176545500770634
ATGGAATGGTTTTAGATGCTCATTAGTGGCCGAACC	1.14149971781883
ATCCTCGGTTACGTAGATTACGAACGATCGTCGGAT	0.206651595319904
TTTGTAACTTTTGACACATTACTCTACTAATCGCGT	0.0958093399803588
CCGGACCAAGTGGATTACTCGCATCACAAAACACAC	0.0262283084737697
GACGAACTATCCACGATTATTGGCCAGTATCTACCG	0.434632683142224
GATACCAGTAGCATAATAGTACGGCTAATAGACCGT	0.974052414812464
GGAAGGTGATGATAAACCTTGCGTGGCACCGCAAAC	0.124904004417502
GGGTATGACGGCCATTCCCACGATGCCGGTCTGCCG	0.00802907185959456
GTTATCACGGTATTAATAGAATCTAGGCAAGAAAGG	0.173602799017974
GGTATTATTTCAAGTAATGTCGAGGAAACAGATGGC	0.0796568230883008
GTCCCATCGTAGCACTCATGTCGTTATGTGTCGAAG	0.150842288384965
CGACGTGTCATTATATGCGTTCGGGATACAACTCAT	0.272804005910602
TGTCAAATTGCCAACGTACTTCCGTCTGCAACCAGA	0.0468778321391057
CGTACCTCACATAAATATTGCTCGAGTTACATGTAA	0.0874328938553554
ACATCCGTTGTCCCATGTGCAGATTCCCTAGCAACT	0.0441869528627558
GCCAAGTGTCCGAATTAGGCTTCTTTACCATTAATT	0.984114613370792
AGTCTATGCCAAGTGTATAGTGTTGGTACAGGGCTC	0.0365835875959021
CACAATTATTAGGAAGCTAGTAGTGATTCAAGACGC	0.323233304659254
TAAATAATGATCATGCAAGGGGCGACCTTTCACCGA	0.109442922010022
CCAAGTAAATTGGCCCATCTTGCCAACTGTGCAGGA	0.709784922098509
ATGCTGTTTCTATCCTATTGTTACGGTAAATCGGCA	0.118528462268063
AGTATCTCATTGTGTTCCAGTATTAATCCAAGTGTC	0.335476278778141
CCTACTTTACATCGCGATGTGTTGAGATCGTGGTTC	0.0311989043447512
CACTTGAGGATTGCGAGACTAATCAGGCTTTTAGAC	0.500117599955589
CAGTACTTCCGAAGTTTATCATGTTATTACCCGAAC	0.0868582839007274
CGCCGATCGCTCTCACTTAATTGCCCCAGGATGCAT	1.49483556677646
AAACCGATGTCGTTTAACTCTACATAGTTGGGGCAG	0.15475449345619
ACTTGGTATCGATCGCAATGAAAAATGCCCATTGGT	0.0506371015880386
AGTGGATGATTATCAGTGCGAGACAGATGCCATTGA	0.575287354840606
AAACCATTAGAGTAATGTTACTCCCCGACTTGCGCC	0.28430638265095
ATGTTTCCATTTCTGGTGTGGGATACAGTGATGTGT	0.0318365515483404
TACAATGTATTCCCCCACACTGGAGCCAATTAAGAG	0.89448057425612
GAGCCCTTAATGCGTATGAGGTTCAAGAACAACAAA	0.356393704659097
AGCCGCGGAATTAATTGCGTCACTTCACCATGAGGC	1.18705204216152
CGATCAAATAATTGACCACTATACGAGGACGGGAAT	1.27555242033804
CCATACTCATCTGACCTGATATTCCACGTACACGTC	0.129752369641321
GGAGATGCAACCAGTTCGGTTGCTCTCTGAGCGATG	0.0170905622743004
CGTTAACGAAGGATCTAGGGAGTGGGCCTTACAGTG	0.143348256542827
TGATTAGTGTCGATTGAGGGTTATATTCAGAGACGG	0.0270390357478517
GACATTTGTATGCAATGCCATCTCGGTCCGGGAACT	0.121073277196578
GAATCTCGAATTATAGTGGACTTTGACAAATAGTGT	0.399348556619656
GCCGACATGGTCTGCTTAATGTGTCACGCAGACGGA	0.161408205523042
TGTTGTGGTAACATCCGGTATAACAGACGTAAATTG	0.0842594768810144
ATTTCACGACGCAATTAGGGGATGTGACACCCGAGG	1.26062901733524
CAGATTATCTGGGGCAGTACGCTTCCACTTCTCACG	0.00235959528913035
GGGTTATGACATGTGAGCTTCTCGAACCTCAATCCC	0.121412237173645
GGTTATTACGTGATACATGGCCCTAGCTCTTTTCGA	0.322925211089813
GTGTGTCTATCATGATGGCGTGGCCACAGGCATCTG	0.0759443434228772
ACACGTCTGCCATCCTAGCCGACATTACTATCATAG	0.0149652593002979
GTATACAGGGATGATGGAGTCCCCCGAGTCTCGACA	0.0257049205597179
AGGACAATACAGGACCGCGAGCGCTTATTGGTCCCG	0.0370192904043322
GGTGAAAAATGATTGAGGCTATTAGCGATAACTAAA	0.563296128059266
GGTCTGCTCAGCGTCGTAGGATTCATGCGATTAATC	0.00541177778668063
CGCAAGATTAGGTCGCGAAGTCAATGAGCCCGGCTT	0.0304134210727501
GTGATCATAGGCCGCGCCTAAGTAGTTACCTGTTTT	0.218521538954233
GTCAAGTAAGTAGATCCGAGTAGGCAAATCAATCCA	0.107526366907449
TTGTAGCTCATTTTAATCAGACATCCAGGGATTATA	0.272757865544974
GAGTATCGGCGCTAGTACATTTACCCACATTGAGAG	0.00753923624566053
ATGAAGTCTCGGATTAAGATGGTTTACGTTTGACTG	0.0705362952335958
ATAAATAACTTGGGTAAGTACCTGCTTCTTTAGACG	0.0418285045980046
ATGCACTCCCATCAACGTCAACCATTGTTTAGACTC	0.0246062814692208
AACAACGTCCAGTTAATGGCAGTCGACATAGAATGT	0.101355140696719
CTAATTGGCCGTCTGCATAACATGGTACCCGATGTC	0.809094730101735
ATTTGTAGTCGTCTCTGCTGTCTGATAATGTGTCGG	0.0853624643797099
AACGTGTACACAGCTCCTCTTTGCTTATTATGTCAT	0.146683002299308
CATCTAAGATGGATATCGGCAGCCCTTCAAAGCACG	0.0151329492490037
GTCATGTTGTAATTCGGTGGCCCTGGGTTCTTCGCA	0.614255391970774
ATATTCCCCCTCTCCAATAATTGGAGGTCTGCTGAG	0.994140805680986
CACTACATCATACTAGTCCGTTAGTTGGGGTTCGTG	0.322676252894766
TGACTTGATAAAATTGGTTGGTTTACAGTTATTGTC	0.368732629026736
AGAGTATTAAGCACAGCCGCATGTGTTTGGCTTTGG	0.0398494189860334
CCTGTATATCCCCGGAGGTCGTTATCCGTGTTGACT	0.175277588163149
GCGGTCCTCGTAGTAATCATGGTTTTACCGTTACGT	0.00144484582872886
CACAGCCTTGCCGGATTACTGGGTTCCTTACATCTG	0.0524184124645954
CTTGAGTGACACGTATGAACCGGATGATGCCAATTA	1.12075620356788
GATCCTCGTTGCCGCTTACTTTCTTGGTATCATAGT	0.102041587459394
AGCACCAATTCGGAATTAGTCACGAAGCATATAACG	0.294753634162237
CTGGCCTATCTAATCAAGCGAACTACGTCGGTTTTA	0.498391603251351
ACTCGTTAGACGTTCGGGGCCATCAGGAACTAATTC	0.292279613791158
AAATTTAAGTACCTCAGGTATCAGCTTGATGAGTCC	0.0781497330166041
CGTTAGCTGTCCCATTAGCCACAACTAGTGCAAGCT	0.318706132944996
CATGATCTAGTTAAAATGTTCCCTTTGTTTATAGCG	0.134992973137202
CCTCTCCTATTATGTATTCGGTTCTGTGGTCGCACC	0.381482771197913
AAGTTAATTGTATGCGCTGTGGGATGAAGCCGGTTC	0.890761134856536
GAATGTGTGGGTTATCTATTCTTCAAGGTTTAGACG	0.0823828397920493
GCCATTGAAACTGGTCTATGCGATCTGGGAATTAGC	0.163971620056199
TAAAGCCACCTCCGTCAAATTATACTATGTCAACCC	0.0888360330907977
CCACCTGACCAACATGCCGTTCGTATCGCATTAGTT	0.164312969972598
CTCTGGATGAAGTCAATTGATGAGCCTCAAATAGCC	0.332366360813997
ATGTAGAGATCCTTATTGTGACAGTTCAAAGTGGAT	0.0599318465764455
TAACTCCTCGTTACTACTACTTATAAGTTGAGATGC	0.247131605085046
GGCACTTGACATGCGATGACGCACAGTTAGTGATGC	0.01623378402496
GATTAGGGTATCCACTCGTCTCTAATGCGCTCTTGC	0.43954841804028
TAGACGAAGCATGATTAAGATCTGGCTCATTGACGA	0.184183835812578
GGTAACTGGTTGGATCCTGAAATGTGCCTTTATTAG	0.269898566866186
CTGGATCGGTAACCTGGTTGGTCCCATTGGTTACTC	0.0207132484360229
GTCCTGCCGAATTAGCAGGTATCACAGGATTAAGGT	0.947738740079858
GTTATCTGCTGGATATCCACACAGTCTATTGGCACA	0.079288388347059
GCAGGGTACTGTTTTGCATGATTAGCTAACGTCTGC	0.462076353143131
GGGCGTTCACTTAACCTAGAACCGTAGCTATTGATT	0.1542785237029
GATACTCTCATAAGTTCAACCATGTAACTCTTTTGG	0.0580225487184177
GGAGGATTACTTTCACGGACATGTCCACACTGCACG	0.0792784841556103
GATAGTATAAATGCGGAAGAGGTAATAGACTTTCTG	0.209199579809138
GAAAATAATCCATCTTCACTAAACTCAGCGCCCTGA	0.129663482651231
GCCTCTACAATTATCGTTTCTAAACAAGACTACTCG	0.449790690111171
CTATCTACCGACCGAATTAATCTCGCGGAGTGGTAA	0.425283859127249
ATGTCTTGCATAAAGAGTATTCGATTAACCCAGGGT	0.277695730053432
CCCGTATTCGTTTGCAGATATGACATAGGAAGCGAT	0.0141985038019946
ATCTCCAAGTACTGCCGTTGTCAATAAACGGGGCTC	0.065818228219078
CACATCCAATATGTTACCGACTTCGTGCAGGATGTA	0.116919404760366
ATTACGATTCCCCTGTATTCATAGGCGCTAATCGCG	0.0376731728957274
AGAGTACCAAGTTTACAGATTATGGTTACCGGTCTT	0.0311138895448578
GGATTAAGGACCGCTCCGAGAAGTCAGTTTTAATAA	0.0345862728596345
GAAGTCCAATGATGTTGCTCCGTAACTAACCTCAAA	0.19525734386448
ACTCCATATCGTATTACCCTCTGACGCCGACTAATT	1.07050403384189
GTGTGTAGATCCCTACCAATCACGCACGAATTTAAC	0.0648085019539546
TATGGTGTATCGCTAAACTGAAAATTGACCGATACT	0.0458113481222416
GTTATCATCCACCTCATTTTGCTCGCGACTGTGTGG	0.209490953436186
ACATTTTATACCACGAGAACCTATAACGCTAAGTAG	0.149555693023991
GTACTACCGACCATTAGGAGCTGTGAAGACCGGCTT	0.184973556949554
CTCGTAATGCGAGATGGTGCTCTAACGTTAGTAGGA	0.0337687786453319
ATTCCGTCAGCGCAGCCGTAATTGCAACGCACTATG	0.239541860381006
GCCGTAACACGCGCTCAGGTCATTAATGCCCTGAAT	0.490588487900013
CAGTGACATAAGTAATGACCTGGCGTCCGGGAATAG	0.347751101348373
ACCTTTCTCCACGGTGATTGGATCGTACGGCCACAC	0.148351151055781
GGATTCATCGAGGCGGGCCGTTGACAGGCTCGATGC	0.0305328916937116
GGATCTTTACGCACCAGTTTAATCGGCGCGATGACG	0.429697243432838
GCTTCTACGCATACCCAATAACAGCTGGAGCGTTTA	0.0452334089923297
GTTGGACTGCGGATATACGATGGCTTGACCTAACTC	0.0328719978132227
CCAGGTTCGCCTAATTGGGGACACATCTCCCAGTTG	2.23483148490438
ACAGAGCCGAATTAAGTCTCAGCAGCCAGCCGTGTG	0.452842604911217
TACGGCCGTCAAAGGTAGGATCGCTAATTTGTCTGC	0.485968436438141
GGTCTCATCTCAACACATTGGCAAAGTATAATAGAA	0.0272637650684566
GAGTGTTAATACGCAGGGGCGGTTTCTGGGTCTGTA	0.420459368451524
TTGCTATATTTTAATGACTCAGTGATGACCCGCAGT	0.34018864950833
GCGTACGAACTGGGATTGGGCTCACTGGTATATCGG	0.0234848879055936
TCTCATCACGCTGTTAATGCGATCACAACGCCCGAC	0.20153796608645
GGATAGCATTCGAGGGATGTCCCTCAGCACTAGTGC	0.0284081768344851
GGACCTTATGAGTCGCTCCGTTATGGGTGAGCAACC	0.0948895814644157
GGCTAATCCGGTTTAGACCCGAGATTAGTAAAGGGG	0.496772848874717
ATGCCGCAATTTACTAAGTCACGGCAGCTTACCGAT	0.0781094560083399
GCGACCTTTGCAAATTTGCTAGGGACTGATAGGAGA	0.0828658984790184
GGTACCCATTATGTTTCAAACAGATTGATGCGCGCT	0.614077226622133
ATGCCTCGTCACCGTACAGGACTAATTTATGTATTT	0.558703619767984
ACCGTAGCGAGGGACACCTCATTAGTACGGTGAACT	1.03394809110263
GTTCAAACCTACAACTATATTTAATAGAACGATTAC	0.211689019860332
TGATCCGTCCAATATTATAATTTGTCATAGCAGCGA	0.574629046091844
GGGCAATAACGCATATCCCTAGTTCCCCAATCGAAC	0.0458129951595616
GCTCATCACACCATTTCCGGGCAACACAATGAACTC	0.0506212228484324
TAACCTCACGCTGACAAATGAGTATGGACGCTAAAG	0.003043788890904
GGATAGTAGGTAGCGAGTGCAACTAAACTTAATGCG	0.241065409135286
GACATTAATCGCACTTAGGAATGACGATGAAGGTAC	0.332252228548311
GGCCCTCAAGAAGGCTCTAATTAGTATGTATCCTCG	2.25503057352027
AGCTAACACGCGTAGTTATAATACTCATTTAGCCAT	0.231227938243091
GGAGTAAGCATGAGGTTATAGCGATTCGCCACACCC	0.267483958370711
GCTTGATTACCGGACCGAGGCCGACCGTTATTAGGG	0.349894179762552
ATGCCTATCCGGTTATAGATTACGCGTATGCCTCAC	0.139940013072613
CCATCGAGACCGATCGCACAGACGCTAGTAATTTGG	0.0299280532769681
GGCTTGTGATCGAATTTGGGAAACCCGCGCTAAACT	0.312201833264146
GGATTGTAGGGCAGTCGTTATTTTGCGGTTCATCCA	0.160937101570831
TGAATTCCGTAACTCGTTAAATATTGTAGCCATGAC	0.194530646119834
GTTTATCCCACACTAACTGACCATTTGACATCCACC	0.180752474011688
GCTCTAATATACCCACCTAATCTTCATGTCTTTTCA	0.625608367580222
GCATATCTCCGGTAATCGACAATCCCCCTATCCCAC	0.654685004549376
GGCACAACTGTCCAATCAGGAAGCAAAGGACCTAGC	0.0472470133625883
TAGCACATTGATATCCCAATTAGCCGCCTAGCACAG	1.55221225336515
GAAATTTAGTACGTTTCACCTAATCGCTGATTGTTC	0.381449747083363
AATCTACTCTATTTACTGCAAAAGCTATAATAGTTC	0.159619559498409
CCTCTATGTACACCAGTAGATTACCCCAATTTGTAA	0.603081991357372
AGTATATAATGCATCGAGACTCTAAACCCACCGATC	0.333278145640143
CCGTAACCATCTCCAGTACGCGTAAACCAATTAGAA	0.887026446451765
CATTTTACGAATATCCATGCTTATTTAACAGCTGAT	0.111871342484735
ATCAACGTTCACTTCGTTACGTACTCCCTAGCCTCT	0.130439042446823
ACCACCGCAGACGGTGGTAATCAAGAGCCCTGGTTT	0.0326575836785023
ATTAAATAATAGGATGTATACCGGGCTGTCGCCGGC	0.179579564329008
GATCAGTACACTCTTTAGGATTTCATGAACGGTCGT	0.0193094222000872
AATGAAATTCAATTGGTTTTAACTGTATCGTTACTG	0.495407278705272
CCTCGGATTGGTCATTGATTGGTAACTTCTTTACAG	0.29891767300677
ACCGCCTGGGCCAATTACCAGGGTACACCCGCATCT	1.90815892828875
GACGCTCATAGTACTTCCTGGAAGTTTCGAAGGCGG	0.00604705962582879
ATATTGCTATTCCATGGTACAACTCCAGTCCCTCAT	0.0675661689099287
GGCTTCGAGACGCAGTTGAACTCGTTATCGCCAGCA	0.0507522601232768
AGCTAGCTTACATGGCCTATCACCGTTAACGCGAAT	0.049107008424683
AGTGTCTACAGATAACTACCTGGTGTTTACTCCGAA	0.167768075042272
GGTGTGCTGTTTGTTACCGGATTTCCTAACAGGGTA	0.0498053907397773
GAATTTACATATCATCTTACCACATGATCAAGCGCT	0.219707067703031
GGTATTACATTATACAGATCCCCTTATAACAGCACA	0.23750075257831
TCTCCTGTGACAATTACGCCCCCCCCAGGCGCCTAC	0.0142390912098388
TCTTCCGGTCGCGTTTACTAGTGTAATGATCTTCGA	0.0662425954722919
GATGGCTCTCTCGCAAAGTACCATGCGCGTTCTGTA	0.0349468974355107
GGGAAGGATCATAATGACTGTACTGCACCAAGCCTG	0.403787003822093
TACTTCCCCCTCATGTCCCTAATAACCTTTACGTGC	0.121437248863117
CCAAAATACATACCGTGATACCGCCTGGAGGTCCTC	0.0728545371831665
GCTACAGTCGAAATTAGCCTAGAGCGTTAAGATTTC	0.201754134848392
GGGATTTAATAAAGTGAAGGCGATAAGCCGCTCTGG	0.257284464498907
ACCTCGCAGCACTTAATTCAAATTGAATTTCATTTC	1.29882795663031
ATCAATCGGGGTGATGATCGGTGGTCCGCCAACAAT	0.0108142833006418
GAGTCGCAGACTAAGTATGTGGTGGCCCCATTAGAG	0.362584116542401
CAATAGACGTTGCAATTTGGCCTGACAGCTACGGAA	0.0198485390123437
GGATTGACTACTCGACCCGGGCTTAGTCGCGGGAGC	0.090149473320766
TCACAACTAACTATCTAACCGGGCCCGCAAACGATT	0.155431983261014
ATCTTACTACCACGATCTGTATAGATACTGGACCTA	0.00747788405881236
GCGGCTAGTCATGGTATCCTTAAATAGTCCTCGACG	0.00815530173602226
ACTTCCGATATTACATGTTAAGTTACTAAATATATT	0.298496944098133
ATGAACACTCCTTTGGCCTGTACTTAATGGCGTTCA	0.0373736932083798
CCAAGTCTAATCGACCAGACCTGGACCGTTGTTCCC	1.01467261924339
TCGAATAATGTGCTTTGTACTACCTGTTTGTTGGGC	0.166742979789219
CCACCAATCTCAAGTATTAGTAGCCTCACGGTACTG	0.104657277978202
TCTCGACGCACTAGCCCTCGATGTCCAATTAAAAAC	0.403081660133199
TTCTTACATTCGATTACTTTTTGCTGCCTGAAGGTG	0.32100089491859
AGTGGTCTTAGGTGTAATGTTGATCTGTTCCACAAG	0.0762565859248863
CATGCGTCTTGTTAGTAAGTTAGACTAAAGCCGGTG	0.262472831125372
ACCATAGCTACTCCTTGGGGTCTCCGCTCCGAATTC	0.0306793036840902
ACTGTTTTACGCGAAGGGGTCTATGATTATACCAAG	0.15697317232868
GAAGTTATCCGGTAAATGAGCTCTCAGGCATCCTCT	0.595514952989118
AGGATTAAGGTAATTACTGATGCCAGTCGTCCCAGT	1.30779117220791
CCGATTTTAATGTAGAGCTAATTGAGGCGTTTCAAC	1.93023267672685
ACACGACTTCCGACTAACTAGGTACTACCGTAACCA	0.313707548802124
GGTGATTTGAATAGGACACACAGTCACGGACCGCAT	0.139069497010412
CAACAGTGTACCGACCACATCTGGATGATTGAGTTC	0.0984533814570807
AACCTTACAGTTTTACTCCGTCCTTGTTAAGCGGGG	0.0032771665218488
GTATAATAGAATTATCTTACGATCCAGAGTCGCACA	0.857481100514138
TACGCTGGGTGTTAGTTAGCGCCCGCCATCGATTAT	0.100530934178887
AACTGACATAGTCTCTCTAAAATCCCTTCTAATCAT	0.0172018360112558
ATCGATTAGTGTAAGCATACGGCAGGCGGAGGTCGC	0.279470851574244
AGAATCTATTGTGCTTGGAGGATAAGATTAGGGTAT	0.051984614601627
AGATCGCATGAATGGCTAATCCCTGGCTGGCCAACC	0.0380429929814078
AACATGATCATTATTACCCTGGTCTCCTGAACCTAA	0.600463524074089
ACTGGTTATATTGCTCATCAGGCCTGACTCTCCTAA	0.409199777558619
ACTCCAAACTCATGTTGCCATCGATGGCTTATGGGG	0.100047280377088
GTCAACATCGTCATCTTACAGTGATAACAGCTTAGA	0.0659840074428115
CATTGACTATGCGGGTATGCTCGAGTCTGTGATCAT	0.0251683380885889
CAGGGCAAATGGCCAGATTACCGCTTTTGAAACTCC	0.0182987311754174
ACTCCCGTTTGTTCGAACACCAGTGTATCTTAACTG	0.0138068408609288
GCATTATTCACTAATTTCTTGATCAACGGACAACGG	1.30430948057521
CTTTAGTCCAATTAGTTTAGGCTGAGTGATAGGCGT	2.01773481453451
TTTAGGTACAGATTAATTGCTCTGGGTGACTTCTCT	1.1696831405126
TCTAATTAGACGTCTTTCTAATTGTGGTTGAGGGCC	2.28697540838226
AGTGACCAGCTCTAGTTATGATCGATTCGAAATTTA	0.082655833234203
TTTCTCCGCGTACGACTCACTAATGACTGACAGAGA	0.463322474032339
TGACTTAACTGGCCAGGTGTAATTCCATGCAGTCGT	0.167920184981592
TTCAGGCTAATCACGTGCCCTCTATTGATTTAAACG	0.662471383181832
GTACTCTCAGTAGGCATTCTCGCTAACATATGCACC	0.0449118348243207
CACCAGGATACCACCCAATTTGACCGCTTTAAAATA	0.0977357798898569
GGCTAAATGGGCACTAGGTTACAGTAGAGATACGGA	0.18306109468527
CGCTGTCAATTAGAAAACGAATTTGATAAGGTATCC	1.39468942874099
GCAGGGAAATCATTATAAGGCTTAACGCTGAGGTCC	0.233350499764027
TCTACCTACTGATGTTCTAATGGCGTGTGCAAGTCG	0.0231817994957914
ACATGATTGCTGTAGGTGATACCTCAGGGGCTTTCA	0.12822385940742
GAAGTGGTCATAATGCGTGGGAACCGAATAGCCAAC	0.249440064312236
AAGATATACCTAGCCGATTAACTTCTCTGTAGGACC	0.191897094390048
GATCCTTATATGTGGAATTAGCTCACCCTGAATTAT	0.600218091628459
CCACCCTGTTATTTTGAAACAAAACCGTAATTTGAA	0.141682986022393
CACACAAAAATTTTCACAAATTGGATGAGGACGGTT	0.499136176981751
CACTCAACAATCAATCCTCAGGCTGCGTAATTTGGT	0.432150345287659
GGCGTACTCACTTATACAATTTCGTCTGACGCTTAC	0.220765824221766
CTACACTGACTGTTTATTAAAGGTGTTTCGCGTTAC	0.130005988513876
ACGTGTAACTCGATTTATCCAGGAAATGCAATCTTT	0.283848651883661
GAAGGAGCATTTTGGGTGGAGATAGATTAATGCCTA	0.0993140605469022
GATTTAAGCAGCCTAGAATTGACCTTTAACGAGGTT	0.181354833993183
ACAAGATTTATCACCCGTTAACGGTCCCCCGAGCTT	0.0391252217588148
CTCCCATATTAGAGATTTCTGTAAAATGCACTCACC	0.183718307850431
TCGCCTAATGAAACCCTCACGCAAACTCTCAATATC	0.369233041876101
GGAACTAGAGCCACGATGCGTACCCCCCGTGTTTGC	0.0315612559152643
GAGAAGTGATTAATATGCATTGGGTGTCTAGAACCG	0.981999869547488
CTAAATGAGCCGAGCAGAATGAATCGCGAACGCTAG	0.00212764968190139
GTCATTGCGCTGGAGTACTCATTGTGCAGGCATCTT	0.0622114598318247
TACATGATCACATAGGCACTCTATCTTCCACAGTTG	0.0571088633908296
CAGCCGGATAGTAGAATCAAATTGGCTTCGGGGTGC	0.360373640922657
GCCAAGGTGTTCCATGTACTTATCGGGTACTAGAGA	0.0835384606752238
GCTAATAGAATACGACAATGAGTATCTCAAGTGAAT	0.3434716114275
CTAGCCAATAAAACTACCCTAATTAACAATAGTGGA	3.25270659799274
GAGATATTTTCGGCGCCCAACCTAGGTTACTTGCAT	0.014552697871669
GCTGTTTGTACAAACACTTATGTTGTCTGCGGACCC	0.0436908115265424
AGCATACAGTGGGGTAACGGGTACGACGCTTATTGT	0.0277940545930145
TACCGATTAAGTAGTCGAAATGGATGGACAGTCCGC	0.267370557812544
CTAATTACATTCTCAAGGAACTCACTATTCTCTTGG	0.314800578923553
GATCTGATCCGTAATTCTAAGTGGTTCACTCGTTCC	0.714741087105204
CGATAATTTAGGCAGGTCAGATCTCGCGCACAGGGG	0.661693634948104
GGTGACGGCAATATTAGACGTTAAAACACTTCGCAC	0.0523694561956231
TTCGGATTGGGTGCATAATGAAGCAGGACTATTAAA	0.511657037424524
AGTTCATTTTTACAGAGGTAACAAGCTAGTTCCACC	0.169092509481017
CATTGGAGTGATAAGTATGCGACGGGATCTTGTTCT	0.012918787718936
GGATCTGCTGGTGCGTGATACCAGGATAATGTGAAT	0.0558721354477622
GCATCGTTTATATGTCGTTTTCAGTAATATCAGACC	0.411530486496231
GTGCCCGGGGATAGAACCTATTCATTAAGGTCAGGA	0.130155831284871
ACGACTAAGACCGAAAGGAATCAGTTAATCGGTGTA	0.0800235857959697
CAGGACAAGAGGCCTAATTGACCTAGCCTCAAGTGA	1.635939911946
ATAGAGCTATTACAGTTCTGTTCGTCCGTGCGGCCG	0.0415970379061065
TCTCGAACTGCAGATAAGTGATCACACGTTGCAGGT	0.0161028457213879
AGGGCCATTACGGGCTGTATGGACGTATTCACCTAC	0.0829844363504936
GGACACTGCTACTCCAAAATACTGCATCTAATCTAC	0.322111355950589
GACCATCACTAGTACAGATAATATGACGTTGAGAGT	0.322016518381359
GAATGGCTTCGATGTAGCGATGGTTGATGGGTGCTC	0.0954869751132233
GTGATTTATACACAGCGGCTACGACCCGCATATGAT	0.0193130644548169
ACTTCATCATTCGGGTGATGTATATCAAGCATCCCC	0.0290487114090082
AGTGGGCGTATCATCCCAGATTAACTATTCATAGAG	0.0907852436003129
TAAATCCACATCAAATTAGTCTCCTAGAGAAGAGAA	0.676662307384097
TCAAGTGTTCCAGCTAACGTACATTAACTACGCACT	0.136484404542547
GCGACCCTTCCACGTGCGTGTGTTAATGAGCGCATT	0.679994730230409
GATCCAATTCAATGTCACAATGCCATACTACGCGGG	0.318289207366945
CACCTACTCTAGATAACTGTAGCTGTATATCTGGCT	0.0629332263980535
GATCGTCACTACATACATTATCCCTATTGACCTTCT	0.472628764499055
GACGATGCATTTATAATTTAAGTGGGAAGGTTAAAT	0.790460277308248
TGATTGACGCCCGACCTTAATTAGCTCTAAACCAGT	2.63646655822812
TGAAGGTGCCTTCAGACTCACGGCAAATTGGTTCTG	0.239498818356207
GCAATTCTGTATTAGAATCGACAGTTTCCGGGTGCA	0.110815298741934
ATATAATACGCCGTTGCACGTCCAACCAGTCAGGCA	0.0900798907701283
ACGTTTAAGCTAATGTGTGAGCCATGGGTACGAACC	0.391236908735873
CAAAACGGGATATTCCCACAGGTGATTACACCCCGC	0.124890066539577
GTATGCATGACGGCATTTATATGGGGTGCGGTGCCC	0.0768895689975529
GTTTACCGTTTATGCGAACCTAAGTAACGCGAGTAT	0.119619635641797
CCACAGTACCTATCTTTACTATGTTCACTGGTCAAT	0.139606619099089
GCAGTGTGTTTATACTGTGGGTGGTATGGGCGCGCA	0.0374629702127224
CAATCATAATCAGAGTCTAGAATAGGATCCATTAGA	0.233318124102686
CAGTAACCAGATTGGTTGTATTCTCCATGGGCTCAA	0.162020783029472
AGATTGATAAGCAGCATCTAACATATCACATTGGTC	0.184433729522177
AGATCTTGTTACTTTGTGGCAATGCGATTGACTATA	0.278394842832368
TGTCCTGACGTGCGGTGGGTGCCTGAGTAATTGGAA	0.15232546832799
ACGTCGTTAGCGAACAGTCTTAGCGGAACACTATGA	0.0328601258118737
AGTTGTCCGGATCGACAGGATCAATCAGTCGTCCAG	0.0114309951759681
TGATACACATAGAGCCCAGTTAAGCGCCAGGCATCG	0.0828818484117228
AGATTCTTTGCAATTAAGCGGCGTATGAGCGGAGTG	0.514417036197626
GACCACATTACCCCGCTTCCCCCTAGCAAACGTAGA	0.0885375732590742
GCAGCTATTAGTACGTCAGTATTCATGTGCAGCCCT	0.384838669962802
CTTCGCGTGCTGTGATCAATTCCGGATTAGCGGCGA	0.0408881648570978
TGGTAATTATGGACCTACGATAGCCCATAAGCATAC	0.798648288869417
ATCTGGGCGGAGGTAATGACAAGGAAGGGGATCTTA	0.0355000761182796
TATAATCGGTTTCCTCTATTAGGGACCCGGTGCAGT	0.273858980486374
TAGGGGTTAATCAGAGCGATTGAGAGCCATTGCCTG	0.419780409952436
GTACTAGGAGATGCGATTAGAGTGCTGCAGAGCGTT	0.13694666912559
AGCCGATATGTGCTCATTGAGTCAATTAGGTTTAAA	1.10773883257346
CCGCCTCTCCTTGGCCCTGTTAATAAGACGGACAGA	0.139479736591725
CCAAGGTAATTCTCATGGGCAAATTGAAAGGAGATC	0.44302784554963
TCAAACCTCATTTATAGTCCAACGAGCACCTGGCAC	0.204139488064858
TAACAATCAGCAAAACTCCACCGATTACCTATCACT	0.0638593505380385
AGACAGCAGTTCCCTATTTAAATTTAGGCGCCAAGG	0.0904638847638271
AGACTCATCGTATGCTACGCCATTATGGTGAAAGGC	0.0382753453150588
GTAAGTATATGTACAGTAGACCGCTCGGTCAATCGA	0.0944119090671651
GGATCCCCTAAATACCAGAAAAGCGTATTTATGCGA	0.0203948224515083
GGTACACTGTCGGAATAAGCACGTTGTCTATGCCGT	0.148624773096291
CCTCCCAATATTGCCCAGGTACTAAGGTCGAGTAGT	0.0495576976574846
TACACAATGAGGAGATCGTTTAATCAGTACGTGAAG	0.489877541830862
AGTCGATGATAAGTAGATATAGCGACGCGTGGACCG	0.162796812788328
AAATAGTCTCATTATCTCTCAAATTAATTCCCACAA	2.01254412933805
GCTACATGTTACACCTATTAACTCCGGGTGGAATCC	0.634435469427993
GTGACCATTACGTCCTTCCACGGATAATTCTTGTCT	0.24434709784331
TTTCATAATCAATCAACATAAACCAGCTTTTGCCAT	0.401574836575727
GACCCGGTCACTCAATAAGGTGATAACGAAGACTCC	0.084743327624056
GAGCCACAATTGATGGCGGGTACATTTGTAATACGA	0.152752724110335
CGTGGAGCTTGATTATGCCCTCTAGCAGAGTTAATC	0.173696949817632
TACAGCGGCCGATTAAACCTAATCTAACGAACCTTG	0.503971930042776
GGGGTCAACGATTACTTCAACACGACTCCTAACACG	0.0940558377589946
GACGTTTATAACCTTCCCGCCTTACGCGGTATCGAC	0.0364458231651575
CAACCTGTTACTGATCCGTGTAAACACGTCTACTGT	0.114269753734599
GTTGTGCGACGGTTTCGCTAACCAATTTCGGAACGG	0.0652972627971916
CCCTGATCCTTATCCACCTATTTGCTGACAATTCTG	0.0663709693957649
CATGTCCAGGCTCATTACCGGGACGGCAAAGTTTTT	0.827683022398458
TTACAACTGGCCTGCAGTCGATACGGATGATTAGTG	0.295471869748582
CCTACCAAATACCATTAACAACAACGGTTGCGTTAT	0.271072626834195
ATATGTGGCAGGAGTAAATCGCCTTATTAAGGCTAC	0.390939267063219
CAGTCTAGGGAGGAAAGATAACGCCTAATTACCCCT	1.48559531023781
CCCATATATTTGTTGGTGTGGAGGCGCTGCAACTGA	0.0963607432174776
GGTCACTCATGCCACTAATCGACTTCTATTTGAGAC	1.41003955864944
CCTTGATCTTGGCAATCGTTTAGCACCGCACTCTAG	0.164209139448247
GACCTTGTACTGTCATACTCAACACACACCAGACGT	0.0621905136151506
TCGTGTGAGTCTTAAGTGGCATCGTGGTAGACATGC	0.158004656192131
CTCACATTGATTGAATTACTATTACGGATTCGTCGC	1.94681571116668
GCTGACTCGAATCATCCAACGAATCAGGTTGAGCTG	0.0668406631905157
GCATAGCCTGGTAATAGATAAAACGACGTCCGGAGA	0.117030735103624
TAATGTGCATACTAACTCATAGCCACTAATTCTGGC	0.317435128731708
ATGTAGATGCTGGTTTTAAACACTGCCTTGGCTAAT	0.0162302044596951
GCGCGAAGGAAGAACGTTTATTAGGTTATGGACCGG	0.172170630063893
TCGTCAATCAATGGCTCAATGGATTACGGGCCCATG	0.109258478529665
GCCTGGACAAATTAATCGGGCTACCAGAGCTTGATG	0.838896631902994
AACACTCGATGATGCGTGCGGCTTATTACGCTATGG	0.272762306727551
AGCACAAATCAAACGTACGGCTCCATATGGATTTCT	0.090899138446488
GCCACTACCTATATACTGACGTCTCTCGTTCAAGCG	0.10399168937253
TACAAATATCTAATCTCTAATATTAAAGGCCAAGTG	0.0652932067958757
TGCAATCGTACAGGCGTACCGATTAGCATTCCTAAT	0.277450412079897
AACACGACTTGATCTAAGCTCATATGATACACCAAG	0.0190290049185699
CCAATCATATATGTGACATCTAAGCTTTATGAAGAC	0.0124716341662018
CTTAATCCACTACCGCATCTGAAATATCCTCTTGAA	0.00633956231792611
CCCTTACTTCACATGATGATCCGACGTATCCAAGAG	0.0339475053829158
CAAGGTATACTGTGCTGTAAACGGTTTGCGTTAAGC	0.0249607722722778
CATGTGATATCGCAGGGTTGTTCGATTACGCCCATC	0.198164991603603
AGTTGTGTCCCATGATACATTCCCACCCGTTGGATC	0.032578491171742
AAGATTAGTGGCTCTTATTGATAGATAACTCGCTTA	0.246868791393861
GTGAAACAAATAATCTACTTTGCTTTACGGACTCTA	0.281280390183576
TTTTTCATAGAAAGGATAATGATCCCATTCGCGGTC	0.196511013638559
CGAGCACACGTCGATTTGCGTAAGTTCACGCAGAGT	0.0456661875318631
GCTATGTAGCTCTACCGGGCAATCCAGAACCCATTA	0.192079768618168
CATTCCGGGTGTTATATATTTGGCAAATTCGAACTT	0.101479087360433
GACATGGTGGTACAAGTGGAGGTGCGCGGTTGCAGG	0.0713748534254072
GATGCCGTATAAACTGTCGAACACCTTGTCTTTTTC	0.0526204502879936
GACCGCTCTACTTCTGGACATTATTAGGTCTACTGC	0.155396125974024
GTCGTCATCATTGAGGATTCATCATCCAAGTCCCGA	0.0133258294852214
TCGGGTCTAATTCGAGACACGATTCCGCACTAGCGA	0.358662201199673
GGTTTTGAACCATGGATTAGAGGGAGGCGCCGTGAC	0.0429385506544367
GGGATAATGTTGGCAGCGGAGAGTAGGGAAGGATCA	0.0675929349284801
ACCTGATCGAGTTGCCATGCGCTATCGAGTGGTCCG	0.0461016759286014
GACTAGTGGTTGGTACACTTACGTGCATAAACGGTT	0.164673677730568
ATGGTGGGACTGAGATTAGGTAATATCGACAGAACT	0.0474463832847501
GAATCGAAAATGGCCTAATACGTACGAACGAAATGT	0.254424273538306
GTTACATATGGTCAGTTTAATAAATCAGTTGGGACT	0.320276448548837
CCACCGTAATTATCCGTACGTTAGCGCAACGTTAGA	1.49623686300456
TCAGCATTATACTGTACCATATCTGCTGATATGTCC	0.178403402371933
GGCCTCATTACTTGGGGATAATGAGTTTTGTGGCAC	1.81374572569253
CCCTGGTGTTACAGTGGGAATTAAGTTAGTTTATCC	0.127572091736572
ACGGGGTCTAAAATACAGTCCTCTTAATATGCTGGT	0.210775575099684
CTGCTTCCTGTTCAATCTCTGTCCATTAACCAACAC	0.0963744635755663
GATCTTCAGGTGCCGCATAATTCGTCCGAGGCGCAA	0.374075256255521
GTCGGGGTGTTCTTCTAAGTTTAATTGATGCCCCGT	1.0413592321919
TCAGCGTTATTTCGTAGTAAGTGCCTTATTGGTTGG	0.206124918439663
GTCAATTTCTATAACCTGGCCTTAAAATTACGTATG	0.135168690101842
GACTGCTAGGGTCACATCACATAGAGTGGTTCTCAG	0.00128209514046247
CATTTTCCAACGATATGTACCTATATGGACCTGGCT	0.0372412507302959
GCGGGACAGCTAATCTGCTCCAGGGGCCACATTCGA	0.420172214915755
GACACTGCTGGAGAGACATTAAATGCTAACGGTTTC	0.0336566998922941
GGCTCTGCAAATATAACGACCTATGGTTCCCCACAC	0.105372085121359
GCAACTCGCCAGTGAACCTTAATAACGTCGGTAACG	0.154919660285094
GCTTGTTATTGATGTATGTTGAGGCCCGCATAGCAT	0.329637052188138
TGATTATCTCCAAAGACCCTATTAACAAATACTAGA	0.314869537136342
AGACGTTGTTTAGCGTCCATTTGATCTCTTTACGCT	0.00269204881895554
ATATGTGTATCATCAGAGCCGTTCCCGACATACGCC	0.108679782118239
CAGAATATAATTCTCGCTTCACCTTACAATCCTAGG	0.0719711313512781
TTGTAATTTATGCTAAGTCCGTAGAATAAGAGGGGA	0.0765428755627755
GATACCAATGACAACGTTGGTATTATCCACTTGCTT	0.0864056017727608
GTCCCCGTTAATGACCCGATGTGAAGCACACTGTTA	1.09703743205912
GTTCCTGCCTGCACAACAAAATACGTGTCGATGTTC	0.0152810115638081
TCTGAACTAATTGTGAAACCAGTCCTCGGTTCTACT	0.56346552023453
ACGTTGTGCTGACATCTCATATTCTGGGACGGATCG	0.0318999040128587
GAAACTCAATACTCAATATGCAGAGGTCTAGTGTCT	0.141064761521788
CAATAGCTCATATATATAGCAAACATGAAGGCGGCC	0.0321537270921403
CAGTAATCCGATTGTCGGTACAAGCATCCTGTGGGC	0.373927493136173
CTCGCAATAACTCCGATTGATGGACGGGGATATCTG	0.0202082309990608
ACGTCCCTACACGGCCCATTTAGTTAATACTCCTGG	0.0796024466780687
CGTCTGGATAGTATTATAGCTATATAATCGGCAAGA	0.0766068993742066
GCACCAAGATCACAGACAGTGGAGGTCATAACTCGC	0.047634325471476
GTCGCGGCATCCGGACTTAATCAGTCTACCCACGCT	0.632852981528384
ATAAGATTGATTACGAGAGACGAGAGCGCCGTCCCT	0.299627143120263
GTATATGGGGATATAAGTCCCGGGTGCCAACAGTAA	0.142105249788537
GGTAGAGCGTTGTCTGCTAGTGATTGTGACTATTGC	0.0972482565349737
TAGCCGCCGGATTAACAACGTGCTCTTCGAGTCGTC	0.0828121756047964
GGGGTGCAACGTCGGTCGTAAACATTGTTCATTAGA	0.0483327918778364
AGAGCGAATTACTGCGCGTTCATGCTCCGACTTGAC	0.799779850779359
GTCTTTGCCCTCTGTCAATAGGATCTTAACAACGAT	0.0148399358424999
CCTAATGTTCGCGTACTTACGATCTTCTTCCTCAGC	0.0817457182799031
CAAGGTCCGGGCCGATTAGTGGGGAGCTTCGAGGTT	0.636170961920266
CGAATGCGACATATGCAATGATGCGGCCGTTGATTC	0.130921436035584
ACCGTCCTATACCATCGTTAGCTTACCAGGATGTAC	0.244126366018413
GGAGGTACTGTTGCATTGGTTTGCTGCCATCCACTA	0.180470531839319
GAGGCTAATAAATTGTGATTTTCACTATATGTGAGC	0.771138345218897
GAGTCGGAATAGCGTAATGGTGGTCATTAACCGGAC	0.51107239427504
ACTTGTTCCATTGTGCATATGAATATCGACTTCCTA	0.0567475282351375
ATTGTCCTACCCAAGCATTAATAAGAAAAGGCGTTA	0.0350858137381573
GTTACTTGCATGGTAAATTAGGCTGTCCACCGATCT	0.815465997754001
GGAGCCTCTCGTTATAGAAAGTTTACCTTACTACAT	0.116010739083317
AGCATTCTTACACTTAATACTTATGATAGTCAGCCC	0.141279662152673
AATAGTATATAACCGTGTGCGAGGGCGGGTGCCAGG	0.0657075888245071
TTCGCCCAGTACGGGATAAATTAGTGTGGTATGCAC	0.548984984678188
CGATTGACCCTAAGTGAACATCACGAAAACCAGCAA	0.111378541605094
GTCTGACCGATTCAATCTTCTGGACGAATGCATGTG	0.0195655881719667
ACCATTCAGTCACGCTTTTTGCTTTTCCCACGTAAT	0.0244196315949861
GGGGTAATTGGCTTTCCCTCGATTGGGGTAAGAGGA	2.12131292696089
AAACGAGGACATGAGATCTCGTTCATTATTGACCCC	0.05286411002008
ATCCTAATGTCGCGTCAATTTACGCTCCGTGAGTGG	0.686609759871749
ATCGAGCCAACGGTTACACTAACTTGTTTGTAGATT	0.00303551748360586
CAGAGAGGTAATCAGTAGTGTGTGACCTCCAACATA	0.20910590294241
GATCCCATTGTATAACAAATATATCCTCCGGAGTTC	0.0679031278649688
CCGCAGGAGTTTGCAATTGTCGTACTTAATTATAAG	0.427198743281275
TAGCACAATGGGCAAGTCAAATTAACAGGAGCCACT	0.172085407670252
GGTTCGCTGTCACGATATTTGCAGATCCAGGCTTGG	0.0123952981592105
ACCCCTTTAGATCTGTCATTAATCAAACCAGTTATC	0.592137143473564
TTGACTTGGGGTCAAATTACTGACCGGCATAGTGAG	0.312683532558487
GTAGAATCATCGGACCCTCTATCACGAGCCTCCTCC	0.0135762053191042
TGAAAGAGATAATTAGCTTATTCTCCGTAAGCAAGA	2.02277179026139
CGAACACAATGGTGAATCATTACGCTCAGGTAGCCT	0.271317774913181
CTCCTTATTTGCTTTCACCGGAGCAAGGCCATTCGT	0.0545517827779188
TAGGGCAAGCGCAGGGTAATTGTTCCAACGTCATCG	0.228854118338964
TTACGGGAATCTTAATGAGTTCACATACCCCTGGTC	1.41484292464475
CGTCAGTACGCACCCTAACTTATGATGCAGCACACC	0.0376089404374505
GGCGGATAACGTGACTATCTCAATCTGTCCCCCTGG	0.0442305929054427
AATCTATACCAACCATATTATCCTCAAGCGCGAAGC	0.176064478685877
CTCCCTATTAATTTTGGCGAGTAGGAACCTCGTGCT	0.944296743410305
TGGGTTACTTTGATTAGTTACGCCGCTGATGAATAT	0.753738772175844
GGCATATTTAAAACTACTGATCCTCACTCAGACAAT	0.085389542179263
CTATCCAATTACTAAAGTTAGCGCTGCGAGTAGAAG	1.60002859271263
GTGTCTGGCTAATAAGAACGAAGTTAATTCGCGAGG	1.47574164333249
ACATTTCGGTCTGCTAATAGTTCGAAGTCAGTAGGC	0.316860667345316
CCGATTATCAACTACCTCGACTTGGGTACACGGATC	0.0182629272472173
CACCGATTGACTGATCATTAAGCATGTAGTACAGAC	0.529318518229019
GTGGGGAGTGTCATATGTTCCTGCATTAACGTAAGA	0.124984333529639
AGCCCTAGCACAATTAATTCGACAGTCGCCACAGTC	1.05130189614721
ATATATTAATTCTAACGTTCACGCTAAGAGGTGGCA	0.0682667457134575
GCCTGATCTGCTGCGTAAAGGTAATCCCTATCTACT	0.0662705132913506
AATATTAGTCCATACGTCCCCGTATGCTGTTAGCGG	0.011074446331627
TATACCCAACGCATTAGCGTCCGAAATGTATCAGAG	0.326076751655114
ACTAGGGCCTAATTTGTTACGGCTTTGTGTCATCAA	1.11014032549033
AGCGTCTATTGTATGGCTCTCAATAGTAATAATCAC	0.196915367682701
ATATCGTGAATATCGCTCCGATTAGGTCCATCGCTT	0.301665535970463
AGCCTCTGTCTTCGTAGCATGCACCCATTAGCTTGT	0.19724399187949
ATAACGCACCTCTGCCTTATTACAATACCATTTCAC	0.159837052685766
GGTTCCGTGATATAGCTAATCGCCTATCCCGAAATC	0.411145353584548
GATGTCGTTGGGTAATTCACTAGGTTTACTCTGGGA	0.582794963671042
AACTAGATAAATTGAGTATTGTTCGACCCACAAATT	0.493275569281185
ACTATACAGTTTATTCATACACGGGTGCCTGCACGT	0.0448468666298164
CCAACGTCGAGCGCTGCAAACAGTCATGTTAATTGC	0.250993524574591
ATACGTATTAATCGCCTCCTTGTATATTTCGTCGGC	0.615634043293393
TAACTAACAGGTGTAGTCTCAATTACTACGACACGG	0.563903439180186
AGATCGCTAACATTCCCCCGTGTAATTCAAGAGTAA	0.0406533875176143
GCCAGCAATAGCTTTATGGTCTACATGGTGCCACTC	0.00107882624618559
ATTTGTGGCATGTAATTCGAACCATCGGGCGATCCT	0.390787878430475
GTATGTCAGTGTAAATAACGAGGTCCTCTGAAAGCT	0.381643077439324
GGTTAATGTGCAACAGGTCCCAGGTGGTGACACCAT	0.502421176777464
CTCCTTTTATTATTTCTCTGGTTATCTGTCTTTGCG	0.255632606357155
TTACACAATGTTTCATTTGTGCCTAGTCGATAGGCT	0.00148929418675333
CACTAATAGTGGCTGAATATGAATCCCCCGTAAGTC	0.406650907809181
TTTTCTGGCCGGATCAAATTTCCTGTTCCGCTAATC	0.130658279128103
ACTAATAGAAGGTATAATTGGCCCGAGAGACAAAGG	2.30371632579892
GTCCTCTCTGGTTCCTCCGCATTAGATAGTCTTGTA	0.0449074296426875
GCTTCCCGATTGATTAGTCTGCATGATGTGCGGCGC	0.745004115524917
TATTGGCTTCACCCGACGTCAATTAAGCCTATCTTA	1.28517331661823
CATGGGAACTAATGTACGTTGTAACCCCTAAGGGGA	0.313034477287891
GGCTCGATTACTGCCCCATCCCCCGCTTGTCCGGTA	0.192533614744235
CATATCGCACCACGACCAGCGTAATAAGTCGACATT	0.0630570658565117
CGCGAACTACCGATAATCTATCGGCAGGAAGCGAGA	0.0214308669413052
CGGAGTAGTTATTGTAGGGGCTGTCTCATGCGCGCC	0.203326229465601
GAGTCCGAATCCGGTACAGTAGTAATTACAGTAGCA	0.507309459733378
GTGCAATTAGGTAGCCGGTCATGTTCTTTTTAACTT	1.05142706044508
CAGTGTTATCGGGTGGATTGGCACCTTCTGCCCAGT	0.0506328541937413
TATCACTAGTCTGATGATTACCGATGGTGGTCCCCG	0.160090135772316
GTGTCAGTATTAGCAATCTGCTGCTCGGTTGAAACG	0.110737809033449
ACCTCTTTCAACCTGATTGTGCCGCTTAGGGGTATA	0.0614969570473783
TCGAAGCCTCATTAACCACTGTTAGAACTGGGCGAC	0.765024771716158
CTGTAGTATATTAGGGTTCCCTAATATAAGCAATGT	0.859691356217598
GGACGTAAAATCGTCACCGACACACATTACCGATAC	0.263368855114274
CAACAACATGCGATTGTAGCCTGTCTAGTCGTTGTA	0.0481253211420002
CGCTAATGGAGCGGTCACACCAATAGCGTAGACCGA	0.705737640801794
CCTAGTAAATGGCTGGTGAGCGCGACAGAGGTGATG	0.0335197039170743
TGTGTACATTAAACGTCAAGTATATACCATTGCCAG	0.247185158915394
GTGTAAGTGTTACACTCCGACCAACGCGGACCTGCA	0.00565483489740183
CCGCAGCGTTCTCTATTATCGAATACCTAACCTTAC	0.118578182688666
CATAGGGCCCTACTAACTGGTACAGGTTCTACCTGG	0.000551059749220224
ATCCCCTGATTGTCAATTATGGGTAGTATCAACGCC	1.64059687870244
ATACCTAGTGCTGCACCTAAATCACGCGCAGATAGG	0.0458577033817516
GTTTCATAGTGAGCCAGGTTTATCCATCAACCTGTA	0.00644762605997932
ACACCGCCTTCCACTTTAGTAATTCATCCTCGGGTC	0.167871038757255
CCGCAACTAATCAAAAGAGGCCAGATATTTTTCCGT	0.52894798108949
GCTGTAGATTTGCATCTTGGTGTCCATAACCGTACT	0.130649021556344
GCTACCTAATAAGTTTACGACGACGTCTATCCCCAG	1.11708970120171
TATAGCAAAGCGTGTGACGTTAGGTTATTAGTGTGA	0.0888583783872182
CTCTCGTCATCCTGTAGATGTTAATTAGGATCCGGT	1.8087658242252
CCCACATCTCAATCCACAATAATGAGATAAGTTAGA	0.502367482726654
CGCGCATTATCGATTTGCTCGGCGTGACAGGTCTGG	0.190763651640142
AAGTGAAAGTAATTCACGGAAAGTTCTTAATTCTTG	0.180533680768261
ATGACCGAGTTACGCTGTCGAATGAAAGTGGTAATT	0.193072288739364
GGATGCGACGCAATGGAACTAAGTATTCAAATGGCC	0.0283678002361588
ACCAATTAGAACGTATCTATGGAGCTTGCCCGATCG	0.842575481044742
GACTCCTTATCTATTTAAGCGGTTTACCGTAGCGAG	0.364951300549371
GGGTCACCGTCCCTGATACACTAGACATTAATGTAC	0.0127423688118961
GACTAATGTAAACCCGATCCTGCCCTTTAATGCCTG	0.387804137983771
ATGCAGACTATGATTGGACTTGTATTGCTGACAGAA	0.0887961804830889
ATGACCAATCATGTGCGTCCTAACGTCTAGTGCATC	0.153613574999042
CTTGTCATCGCTATTGTCACTCAGTGGGGATGTTAA	0.0494727564365634
TGCCATCAGTCTGCTTACCACCGCTCGTTACATTCC	0.0225733607064984
CATAATTGTGATCAAGCTTCTAATAAGATATCGCTC	0.747558848338046
CCGGCGATGAAAATTAATTGAACTTATACATGGGTC	1.54722998571048
CAGAGCACCTGCACAAAGGGTGAGGTAATTCGTGCC	0.0286238052148019
GCACCGATCTACCCGGAAACGCGCATTACGCTGCTT	0.1214823448597
CTTGATCTGGTAAACGTTCTTAGTGGGGTTAGCGGG	0.0275815911041706
TCCTAATAAAGTTGGACAGTTAGCTATAGACGCGAG	0.241454548142876
TGCGTACATTTAGAACTTTCGATGTTGGCATTAATT	0.459234103149425
ATCAGATTAGAGGTGAAGTCGGTATTCGTCGGCGCG	0.23925244831089
AAGGAGAGATGACAGAACAATTAGTGGTCAGACGGC	0.823351433341825
CTTCACATCAACATATCAAGCCCTTGAAGTATACCT	0.0124617604317825
CTCAAGAGAGGGGCATAATAACCACTAGTAATGAGG	0.676857184086284
TACAACGCGTTGATCGAATAGTTATAGCCAAACGAT	0.0571843189964591
TTCCGGAAAGAAAATTAGGTGGTTGGAAGTCTGGGG	0.175111864937757
TGAGATTTTATTGCCTTTGCCAAACCTTGTAGTCAC	0.0476602849562474
AGAGCGTCTCGGGGACTAACTAACATACAACGACTT	0.0227027501181249
CCAGTTAGTAACACGTGTCCACTCCTTGTCGTACAG	0.0753036728532871
GACAACGTGGTGATCTGCTAGCACGATGTTCATTTC	0.0270963030451174
CCCCGCTAATCGTCCGTCGAAATAGGCGGTAGGACA	0.487920558033164
TGGCATTGCCACCATCATTATATTTACAAGCGACTT	0.0634559685165078
GTTTGCCTTTTCACAATGGTATTAAGTGACCAATGA	0.233060184867328
CTCCAATTACACCCAATGGCTTGCGCTCGAAGCGGG	1.04176472216343
TTGCATCACGGATATTAGTTTCGTATGGCGGGTTAC	0.0692420727685618
GATGCATGATGATATAGGTTTTCTTGTCTTATAGGA	0.129331999670225
CACCATCTCTAACACCAATTACGACCGTCTTCACAA	1.26278261670024
CGTAAAAATCGTAAAAGATTAATAACTGGCAATTTG	0.109407338711658
TCCCCCGACCCTAATAATACGACCTGCCAAGTTAAC	0.116702502988659
CTGGTAAGTCCTTTATTACCTGGGCGCAATCGGACT	0.154274541921182
GAATGCATGTGGTTCATGCGCATACCATATCGATCC	0.131076520997823
GCTTGGCGGCGCGCTAAATAGGATGCTATATGTGCA	0.00836121589324525
CCTGGATTTATACTACTTCGTTAAACGGGCGCTGCT	0.0655859455272852
ATATACAGCATGTATGTGGCTGCTGTCGTTAGTACC	0.147305336886007
CGCACGCGTTCATTTCTGTAGTTATTAATCTAGATG	0.218761356512007
AAATCTTGATGCTTTGCCACAAATTAACGCCTTTCC	0.526588074248978
ACTAGTAACACTCACGAAGTCTACTGATGGCTCTCT	0.00699684152254106
ACTTAACAATTATGCCCGTCGCAACAGCAGCGATCG	0.473475936967191
CACCGCACCGATTTGTCCCTGATCTGTACGTCACAG	0.0217473225400201
ATCTCTCTACTATATAAACCCCACATCAGGGGTTGA	0.0378312980244833
TCTGCTGTACAGACAAGTAATTTATAGATCATACGA	0.0652156757428962
AGCAATTCTAATAGGGCATGTTTGACCACATCGAAG	0.307746220379698
AGTCGGAGATCAATCATCTAAACTGATCCGCCATCG	0.019286528310888
CCGAACAATCATATTGTGATCGTCGGCCGAAACTAG	0.0487416566978242
CTATCAATGAACGCAACTCACCCCAATGAGTCGGAT	0.073485068453842
GTCATACTACTGGGTGGCTGGATACCTGCAGCATGT	0.0688167560354853
CGGTACGTGCTTAGCACTACTAATTTCGCAGAAATC	0.12257198304099
ATGAATGCCTGCGGAGCTGGACTAATCGATAAGGGT	0.464144341416951
AGAAACGCTAGGTCCATAATCACACACTCATAGAAT	0.0373220929120118
GAACCTGGTGTCATGGTCTAATTGTCTGGATGAGCA	1.05674344774455
GGAGCATATCTAACCCTTATGGTAACTTTAAACTAT	0.10721418752891
GCATACAGTCTTTCTATGGTCCGCTGCATCGGTTAA	0.0624470230928393
TTAACCAGTCATATGTCGGATTAGTATACCGGAGAC	0.243989959822762
CGTATAACTGCCCAAATGGGATACTGACATTCCTGT	0.242953246146095
CACAACCCCGCTAGTTATCGTCCCACTGCTTCTTAC	0.226356996103447
CTAGGACTACTTAGCTCCACTAACACCGCTTGGACA	0.143773919502351
TATGACAATAACGATTAGTAGAAAGGGCCCATCGGC	0.149805195664206
GAATTGCGTTATCTCTATAAGCCTATTAATCAACTT	0.862658568161228
ATATCATCAGCATTCGTGCCATTCGCATTCATGTTG	0.0953170226382363
CCCCGAGGCGGATATAGTCGACCCTGCTAATTGAAC	1.09509528116236
AGCGATCTAACGACTTCATTGCTTGCAAATATCGTA	0.0676902336825744
GGGTTGTAATCCAATGCATCAGTCGGAGTATGCCTG	0.240188229389697
TCTAGGCACAGGTTGTGATCACATCAATTATGTACG	0.702307791091886
GCATTTAACAATGTTGATACACAACTCAGCTAGGCC	0.148511772229626
GCATTGATCTCGTGCCGTACATATCGTTCTAGAGCT	0.0809129485016757
TGGTATAATTACGGAAATAGTATGGAATGAGTTCTA	0.905417995225913
CTTCTTCATTATACGTATTGTAGTTCGCCAGCCGCG	0.261016858848068
GTCATGTGTTGTCGCAACATTGAGTAACGTAACGTC	0.0519482427022903
GAACCCAGGATACGCAATTACTTTGAGCGAAGAGGC	0.222655866099138
CTAAGGATCAGCTAATGAATGTTGTGTTCCCACGAG	0.566741312802514
TCGCCACATTAGCGGGCGCGCACTGGATGAGTTCGT	0.171557045260339
CTGACAGGCCTTCATATTACCGTTGAGTCGGTACCA	0.0331413440087412
AAACTCATTATGATCAGGGGTCCTTAAACGTGGAGA	1.39961157482923
TGGTTCGTCTTATGAGTAATCGAGATACCATGTCTT	0.0529429607217078
GAGTGTCGTCATGGTTCCCAGTGGTCCATCTCGGAA	0.0235222527946179
TCTGCGTAATAGTTCATTCGTATTACTGAGGAAAGC	0.10941182888452
TGTCATCCCGAAAGTGCATAATTGGAGCGCACCTCG	1.05222658691705
CTCCGCACTATTAGCCAATACGGTACCGCTGTCGCC	0.300875211060513
TACTTCCAAATAACTCATTACCTAAGGTGGAAGCCG	0.398098240335528
CTTCGTGATTATTACTATGAATGACAAGCCCTACGG	0.365082593373237
CCCTATATCGATAGCTGCTGCTGAGTATTGGCTATA	0.0516290956954377
TAACCGATTATCCGTCTACACGGGCGTTTGGCTGAG	0.0827794420974398
AATGACCTTCCGGTACCGGCGTGTGTGCTAATCGAC	0.194696854320202
CAGAGTTGGTGTTGCTGCAGGGTATTACTTATTAAG	0.0264586430658137
ACTGGCATAATCCGGGGATATGGTGGAATCGACCCT	0.164524386695012
GAAAAGCCATTATCATGTCTAACTCAGATACATACA	0.237589386689106
GCACCACTTTGGTCTACGGGGCCTACCATTAAGCCA	0.0411393641835568
GTAAAGCTACTCTGTGACAGATGTAATCCGCTGTTC	0.103653366579779
GTCGCGGCTATTTAGTGTCCTCCTGAATTGCTAGGA	0.162096735924936
CCAAAACCCACTTATTCGCCCCGCAATGGCCGAGTC	0.307736053840558
GAAGATGTCGTTACCACGTGCAGGTAACCCTCGAAG	0.258339965445377
CGTCCGGAATTGATGCGAATCGTCTGGGTCCGCGCG	0.0463561658639516
CATATGGTAGACAGATTAGTCACTGGAGCTTTAGGA	0.447909493002991
TACAGACGTAGTAATTTACTCTGTAGACCCGTAATA	0.579348722543189
GGTAGTGAAGCTATTGGGTATGTGAAATGCGCAAAC	0.0643275809092315
GGAATAGCCGCCCCGCGGGTCAATTGAGAGAGATGA	0.0804139102055949
GCGGCCTAGCCCTATTAAAGGGACCAAGGGTCTTGG	0.257831058510849
CATTCGGACCGTATTACAGTCGACGCCTTCGTAATA	0.0434463795043841
CAATACTCGGGCATACCACCTCATCAACACCTCGTA	0.0664272405789454
TCGAATAGATTAAGATTACCACCCTTCCGAGTAGAG	0.320045491171711
TGGGCCACACTTAATCTCCTGGTTAAATCTAAATCA	0.14407889504936
GATGCTGAGCAGATTACGCTCGCCACACATCAAGTC	0.17882095868883
ACTCTCGTAATGTCTCCCGTTGGGGCGGTAATCTAA	0.162551839251713
GGGTCAAAAAGTGAGTAGTAATCTGTTCATCACAAG	0.0549640378718991
GGACAGGCAAAAAATTAGTAGGGCTCTAAGAAGGGG	0.116744461943811
CCTCGGCCCTATACATGTCTCGCGCGTCTCTTGATT	0.0144547289603439
TGCCATTCCTATAATCATGCTAATAATCTGATTCCT	0.896387432280587
CGTGCTTGTTTATTGGCTCGTGATGCCGAATGCCGG	0.24378100893843
CTTGGGGAAATAGATCATGGCTATGTCGCATCCTAC	0.0180771892996073
GCCGAGACGAAGACACGAATGGGCCTAATCACAGGC	0.00195147593031068
GTAATGGCAGAATCTTTGGACCTATTATGCTAAAAG	0.0883049378423906
TTAACAACGATAGTATTGATCACAGATTCATAATGT	0.0252115503954983
CGTTGCTGACATGGACCTTCCTTATTGCCTGCATGC	0.0547554271863659
TCTAGGGGAGTCTAAATTGAGACGGAATTGAATATG	0.352307054977506
GACCAAAAAGCCGTAACTATAAGTTAGTCATAATTG	1.01026233492802
AGGGACTATATTAATAAGCGGGCTCCTTGATTCCGA	0.954266265317097
TAATATACTAACTAGCGCACTCTGTCGAGTTTCCTC	0.475929376861325
TCCTAAAGTTTACGGGCTAATATAAAGTTGATGTTC	0.107543022167483
GGATGGATGTGGATAGTGGTACTAAGAAGCCATCGT	0.170675295648893
CAGGTGTACCCTGCTCCAAATTGACATTAGGAACCA	0.275677103160044
GCTACCGGCGCTTGCCTGCAATACCGCTAATTGCTC	1.0548628565139
AATATGCTGGTACTATCGGTTTGGCTGGCCCGTTAC	0.00286102943072996
GGTAATGCGGTATACCTATGCGCCGTTCCGAACTGT	0.178592394378104
GCCCCACAATCATCGACCCTATGCTGGTTAGCCGGA	0.051299125765338
GCATCATCTCTTATCTTGTAACCGGCGCAAATACAT	0.0149856945292428
GATATATTTCACATCACTGCTGCTAGTGTGGTCCAT	0.307251917236998
AACCTACACTCGACTATAGAGTCCATGTATTCGTCC	0.106907087128903
ACAATTCATTGCACGCTCTCGTACAGTACAGGGCGT	0.0182885389762354
GATCTACACAGCCACTTACGTCACGGTATGGGCTTA	0.432836740642119
CGATATGACCGTCATTCTGGCGAATTTGAGGGACGA	0.0151737604680394
AATGATCTATGATGTTAATCTCCCCCAGGACTCACT	0.0879325296016748
GGCTAAATTTCGGGATAGCCACGACGTCCCTCTGTC	0.00620297605988801
CTGCATATTGAGACATAACAACCTTCAGTTGTCGGC	0.140452306944001
GCACTCATTGGCCATAATACCGGGATTGCGTGTGTA	0.293454476170458
GGAGATTTGCTCCTATCCATAGTCAACCAGGCACAT	0.0933118797283656
TTCAGCAGTACACATTTACCAGTGAGGTGAATTATG	0.0258614438812921
ACCTTGCAAATGAGCGGTCCATGTTTAGGTATAAGT	0.249069945625297
GACCCGAGCGATAATTGGAAGCGCTCGCGGAGATTG	1.35430252541741
GCTAGTAACGTGATATCTGAGTAGACTCATTTTACC	0.0906969826476129
GATCTAAACTATAGAACAATGTGTTAGGTGGATCCA	0.117120997427113
CCGTTATCTCCTATCACATAAGTGCTGGGTGTGGAC	0.12697789885298
GTGATGTTCATGCTATAGGGTCACTGACTTTGGATC	0.115831418994628
CTCTGTTATTGAGACGATTAGAACTAATACCACGGT	0.304701940992189
GCCGCTTATGTTTACTTTTCTCTAGTGTATAAGGTC	0.0488477086475009
CTTGTAACGCATTTGGCTCAATACTAGGCTGGGAGG	0.0311939002722153
CGGGTAGACGCACTTACCGGGAGTTAGTAATTGCGA	0.125326820972915
CCAGATTAGTGCAGACAACTGCCCCTATTATTAATG	0.547233433230875
CGCTATAATACGGATGCCCGCGGTATTGGTTTTGTG	0.249798785233081
ATCTGTTCGAGTAGATATCATATAGGGTACGAATGA	0.0930890970867524
TCGAAGATTAACGCAATTATAAATGGAGATTTAATC	2.35893906036511
CCATTACATGCCCCCGGCGTTTATTATACCTGGCAC	0.156735458993613
TCTATTTAATTAAAGTTCCAAGTATCTAGTGGCTGT	2.26759396770408
TCACCCTGGCTTGAAAATGGAGTACCCGCTGATTAC	0.00633006847593705
ACCGTAGACGCATAATATGTGACGAGACGGATTACA	0.107171376517396
GGGGATATCTGTATACCGCTAGAACACCTAATCAGA	0.311329748660349
CACTAAAGTCGTACAGTGGTCTACTTCCTGATTCGC	0.00709227393585882
ACTTCGGGCGGGTGGACTAACAGACTGTTGAACTTT	0.0221178460512156
GTCTTATATTTGCGGGCCCTTACATTCTGCCTATAT	0.149450481255905
CGCACTTGAGTCAAAGCTAATCAACTGATAAGTGGG	0.812637894604411
ATAGGCCTACGTATTATGATTGTTCTGAGTATAAGC	0.0386483748331312
TAGGGTATGTACAACCTTAATGTGCGTGTTATACCT	0.195815894270828
GATAGCTGGCGCATTACAGACACTATGAAAGTGAAT	0.133151753808989
GCAAGTTTGTATTTGCTATCCCCCTCATCACCTCTG	0.0341375835025285
AAGTATGACACTATTACCGTATCTCGGATAATCATT	0.341119611977853
GTATTCTTTGTAGCTATTTGCCTACGTCGATCCTAC	0.0955792419207137
TCGATCACACACGTGCTTATTGTACCAAACACATAC	0.0131091418403776
GGGGCTCTAATGGACTGGAATTGCATTCAGCGCCAA	0.495756104692257
GTATGGGCTTATTCCTATACCTGATCAAACTGGAGT	0.0891660128720949
ATACCTGTTGTAAACCGCGCATCAACAGTTCCGTGG	0.0107052846910141
ATACGTAATCAAGGCGGACGTTTATGTGGGCCACGG	0.372303618332809
AACCTGCTAAACGATACTACGTTGGGAACTAGACAC	0.179343184631133
GTCCTGACCAATTACATGGTCCGTCTATGATCTATA	1.46110948979958
GATAGTTCATGTACTGTTCTATATCCCTTGAACCAT	0.231255978040967
AACAGCTTAGAGTTATAGGTAATACGCTAGGCACAC	0.0737192527247686
GATTCGGATCGGTACTTCCTTAGGCGTACGGTATAT	0.0184541853502546
CCCCCATTACTAGATAGCTTATAGCTAACGCGACAG	0.238497862112085
GCTATTTATCACGATGCTATGGGTAGGGCTTCCCCC	0.123985254960566
CCGGTTAAATAAAACCATTCTTCCTTAATCGCTTTT	0.211658782629299
ACACTTAAACAGCTTAATCAGGTCGGACTCGTATAA	1.51405564109286
CGACTTGTAGTTATGGGCGGACATATGCGTACCCGA	0.12951707522447
CAGGGACCTTTCGACGGATTAGCCTATGATCGTTAG	0.13374520385032
GTAACAGGATAGTTATCCCCCGCGCACGAGCTACTT	0.100050474745522
ACGTAGAGACTCAGTCTCACTTTTCCTTTTAATTAT	0.314493468519883
TGATAGGCACTTATAACTACAGCCCCAACATCCCAG	0.0404824064522531
CTGGTTAGGATTGATAATTGAGCTGTAGGGGCGACT	1.80767975783416
CCGAGATTAAATTCAGTGCTGGCCGTCTTTGCTCCT	0.0372487376077099
GAAAATACTAAATTAGCGCAGTTGACTCTCGTTTCA	1.16205814793354
ATGTATATCCGATTGCGCCGGCCAGGCATTCACCGT	0.0583671885548838
AGTGGTTTTGAAATGCCTAATAATATTCTTTGGGAT	0.124984560199088
GAAGTCTAATTCTGAGGCCCATCGTTACAGGGGCGG	0.372732814876824
TACGAATGTGCGCGCCATTATTACATCACGCACCCC	0.0907421893990743
ATTTCAGTACTCGCAATACTCTGTAATGGAATCATT	0.0411546553511576
ATTACATGAGCCAATGCTCGCATATAGTAGTTGGAT	0.0184912939971893
CACTGCTGTTGATGATATGCCAGCTATTCGGCCGCG	0.00752212580812902
CCACTCGGCATATTGTAACTGTGTACGGCTCAGCGA	0.0531963336961884
CTCTCGACGGTTCCATTATATATTGAATTCAATCAT	0.202873940501162
GACAAGACGACATATATCCATCGCCCCCCCAACGCG	0.0852888643458446
TCGGTAAATTTGCGTGGTGAACACCTCAGAAGGGAC	0.113731626532979
GGAAAGCACTAACACTCGAGAGCCAGAGCACTGGCG	0.0897758854838585
GTTAACTAGGTCTCGGAGAAATGGCCTCGCGGTTTC	0.070304357217953
GTACGACACTGTACCCAATACTGAGGGCAGTCCGGC	0.0975560894924704
ATGAATTAAGCTGATTACCCGTGCGCACCAGGATAC	1.5408619430767
ATATGTCATCCTCTTCATTCAACTCCAAGCCTATCG	0.0404316704188633
GATCGCATTTATTAAATACAAGTGGCAACCAGGGGC	0.789685761369914
GAATGCTAGGATATACGTGTTTATAACACCTGAGGC	0.127860744594393
ACGATTTGTGTCTCCATCGGTGATCACGTTGATACC	0.0958230349932323
CCCGCATCGACTGTGTCTCGAAGGGGATTAATTCCA	0.0290486078826
GCTCATAGATTCGTTCTGCCGTGGATTTACCCTGGC	0.0300649363507378
AATGGAGGGGCACGCGTCAATCATGTTTACGATTAC	0.0370245192832026
AAATCCTATCAACATGCACTTAAGTACAACATAGTA	0.0942906531158206
GATCCCTCCACATTTAGTAGATTAATTTTCTATGCT	0.708791134307882
AAGCGTCAAATTGATGGGTTTCTCGTTGAGTTATGT	0.525655432692963
GTAGCCTCATCCACTTTGTTAGACACTGTCAGGGTA	0.022385582201613
ACTGAATGACCCCGTGATTGACCGTTTGTTGTCCTT	0.193185751153417
GGTGTCTGCTTATGTGAACGCGAGTTGCCTGTAAGT	0.0335940022979821
TCTGGTCCAAAATTGCAAGCTGACGCTCATTTGCTA	0.00937657983791453
TCGGTAACTTAATTCTCCGCCAGTTGTCAAAGAAGT	0.179330824317703
GGGATTGAGCGGTTAATAACGCGCCGGAAGTGAACC	0.167786457107188
TAAAATTAATATCCTATGTAAGGCCCAGGTCAATGC	0.177323699704587
GAGAGCAAACCGGGTATCAATTATTCGTCAGTACGC	0.457822137026543
GGGTTGGATGTTGTCTCATTGGCTTATCCAACGCTT	0.195363135315171
CTGACTCTCTATTAGTAGTGAGCTGTTAGGCACGTT	0.368014479275038
GCCTCGTTTGGTCAAAGCCGCGGCCAAGTAAACACC	0.00202083498823125
ACATAGCGTAGTAATGCGTAATCTAATTAATGCGTT	2.86213407376474
TTCATCTAATGCACCTTTCACTCTAAACTGTGAAAG	0.067972348841163
AATTCTAGTCCTTAGCAATTTATTGGGTGCTGCCCC	0.0883905922118181
CTGACTACGCGTTTAATCTTGCTCTAAATAAGCATA	0.0479489051396598
GGCTTACGTTAGGACATACCCATTTTCATTAGTAAA	0.148977213312706
TCTCATTAATTCAATGGTGTTCTCCCGAGAGCATTG	1.00143862091283
TGGTAATAAACGAATAAAGGGGATTCGCCGAACTGC	0.502761603697722
CCGCGCACGTTAGGGTCGTAAATTAATCTAATACCG	0.676387160626253
TGGTCTCATTCACTACATTACGCTTTCCGGGACTGG	0.18538092030057
TACATCCTGAATAACTTTCGTCGTATCTGTGTTCTA	0.00293897028829186
GGGCACACGTACATGCTGCTGCTATCACCTTGCACA	0.0112569220742776
TATGGGTATAATAGCGCCTGCATATCGGAACTGGAG	0.0267205333993518
CAGGAACATTTACTAACGACTCGTAGACGTGGCTGC	0.240154685005421
CATCGAATAGCATACACAAATACGCCTTGTCATCGC	0.126447494502029
GCAATTCTTCGCACGTATTCGACTGGCCGCAGCTTA	0.0653885214214377
CCGATCTCAACTGGCGAATCACTTAGCCGTCGTTAC	0.306637242431148
TGAATCTACGAATCAATTTATAAGGATGCACAGGGG	0.355204511561604
ATCACCAATATCTGAGGGAGGGCTTTCAGAAGTATC	0.171710815080406
CGTTGCGGTTTACTCATTTGCGGCCGGTTCTTTGCC	0.0304906973457382
GGCTTTCATACTTACGCACTGTGAGCCACCCCGGCT	0.0247273940614216
TATATATACTAATATCAACCCTGGCCTAGAATGAGT	0.0528222955496805
ACCCAAACTTCGATGTCATATGGCTTATCTTTGTTT	0.0155831951800254
ACTCATGTCTCCGATTCTCATGTATGTCTAGAGTAT	0.0212160744853766
TGTACACTATACTCCCGGCCAAGCCAATTTACTGTC	0.16802861386864
AACGTTAACACTTCGTTGGCACTTACCACCTTCTCG	0.0313551547432555
GGATAATGCCTTGCTACGTCAGATCCAGCAGGACGC	0.232693797105547
GGTCGTAATCTATGGCGAGTGTGAGGTGAGAATGAT	0.231439713540689
ACATCGTATAATATCTACTAGCTGTGACTTGTCCGC	0.146246462735066
ATCCCGAAATCATTGATTTACGTATACTCAGACTAA	0.199609141149041
CCCACTAATAGCATTTACTCTCGCTGGCTGTCGGTG	0.340141416120514
TAGTGCGACATCAGCCGGCTTAATCCCGTAATTGTT	0.0509193756167119
CTACAAGGATCTCGTTAGCCTGTCACTGTCTCGTCC	0.338288048487582
ATCTGTCAATTTTCCGTCAAAGCGCTATTTGCGGCA	0.0518061696544494
GACAGCAATACTTTACAAATAATTATGGCTTCTAGT	0.704428190955885
AACAGCCCTGTTACCGGCCCCGATTACGCATGCGCG	0.0578640395580974
GGATGGAACTTACAATGTTACTATTTCCCATGTCTA	0.163030208859806
CCACGCAGGGATTTAGGAAGCCTCACATTATAATGA	0.056313226813585
CCTGTGAGTATAGTCATTAGTCCTTTGGTATGCTTG	0.476757692985445
TCTTCGGATAATAGCCTCTCATCGTACCGACTGACA	0.0188363971673185
GAATTGGTTAAGGACACCTATTTCAGTGGAGTTACT	0.264147176940284
CTCCAGATTCGGTCAATAAGCAAGGGGTTACTACGA	0.136402563816416
ACCTCGGACATGCACATTTGTCTTAAACCACGTGCG	0.00292778194863465
CCTATCTGTAGCGGAGATAAGTACTCGGGATTAATC	0.183263380206549
GCGTCGATCGTTGGCATAATATAACTAAATACCTTC	0.263863879373781
ACGGAAGTGGATTGGAGTTAGCAGCTGGTGTTCCCT	0.00123862382118582
CCGAGTTTTTTGCTGATCATCGCTGCGTAACAACTC	0.110631092954141
TGTGTTGCTTATCACATCTGTTTGCCGCTGCGACAG	0.0776851978569531
GCGACTAACGATTTATACCTGAGTGGTATCGAAATA	0.363713285578665
ATAGCTGTCACCGTAAGAATATTATCAGGTGCGCTG	0.0439450832213375
CTATGTATCGATATGTGACTGAGGTGTTTGGGCTTC	0.121078780295051
ATTGTCCAGCCGCTATAGATGTAAGGCGACTAACGA	0.0291518256112588
GCTGTATAGAACAGACATCTCGGATCGCTTGTTATA	0.0263120257709385
TGACGGGTCGTTAACGCTGGCCAATGATCCTGGGGT	0.259406864781012
GCCGCATTAGTGCTCGTCGTCTCAACTCGGCAAGTT	0.347170754765661
TGGAATATTCGTCGTTATCTCACGCGCCTTAGCCTA	0.0086196202811751
ATGTTAATTGCCTGTCTGTTCAACTGAATGAGAAAA	1.48619081530816
GGTAATTTGTTGGCCACTGGTCGGGCTGGTCCACCT	0.504982463584619
GCTGTAGAATACCAGTATTGCTCTTGTGGATAGCCC	0.0784738618216519
CGTAAAATACTCCTACTCGACGATTAGTCAGGTTGC	0.0498912878692679
ACCGCAAGCACGGCCTAATCGGTCTTTTCACCTTGT	0.215338310739261
AGCTACTCTAACTAGGCTGACTCTTATAGGGGAGAT	0.235982123087096
GACTGAACCTATAGGCGGGATTACGGCAAAGAGGGC	0.00591015164604679
GGTTAGGCAATAATAACACGAGCATGTAGGGTGCCC	0.201671679543069
GATACCTCACTTTTATCCAGATTTGACCATGGACCC	0.0792501584800757
GTTGTCGTAGTATATGGAACGTGCCCTGGCGCCACT	0.0348512958604404
GGAGTAATGCCCAAAAAGGTGTTCGCGTCTCCTAGT	0.0569855581146785
GTACTATGCCTATTCAATTTGGGTTGTATATTCGCA	0.455979600188835
ATCTCCGGCCATTCGACAATTACCTAGGACGGTCAC	0.110677417330635
GACGTGGCCTCGTATGAGATCTAACCGCTAATCCGA	0.160738032452477
ATAATCGGGGAGTAGAGTCGGGAGTTATCGGAGGGG	0.0121571913384936
CAGGTACCAATCATCGTAAACTTACTTAGATCGGTG	0.146974849699748
GTCATAGGAGTTCCTCTTAGTGCGCATATTCGTGAT	0.0655325510102388
CTCTATTCGAGCACCTACGTAATTAGAGCCTGCCTG	1.33516485031852
CGGAGGGTATTGATTGACCCGGGAATATCACGGATC	0.27100646542725
GAGCTGTTTGCGACTCACGTATTGAACATCTTGATC	0.00921757794919481
CGACTACCATTTGGCGCCCTATACGACAACCTCGGT	0.0324890439044426
AAGCAGAATCATACGAATAAGTGGATCGAGGTACAC	0.098841282938406
AGATCCAAGTCTGCTCATTACGTTTGGGACACGTAA	0.837392533984878
GAGTCCAGTATCAGCCCTCATCTACGAAAACCCATG	0.0588006751647467
GCATTGTTATACCCCCCAGGTAGAGTGGTATTGGGC	0.0869780186185166
CATCAATTGGGTGGAATATTGTGAAATGTCGTCGCG	0.218982964538799
CATCTTTTTAATAACGGTAAACAGGTTGCGGCCAGC	0.0466666333996135
GACTCGTATAATTGAGGGTGGCGAGCTGAATTTTTC	1.62037589199422
CCATCTTTGTTGATTATTCAATCCTTCGGTAAATTT	0.35933174276241
GCTCAACCACATTCGCCAAAAACTAAGTAGCTGTCT	0.00832258093907047
ATTCCTGTATTCCCGACAGGTAGATTATTAATCGGA	0.269637854682801
AGGCATATTGACCACCTATAAATGAGTCAGGCTTGA	0.133364349516083
AGACTGTGATAAAACTAATTCTCTAAATTGGCTGTA	0.763019150600488
TCTGTAATCAAAAATCCATATATTGACCCTTCTGAT	0.0241955055938087
GATAGTGACCAACCTTACGCAAGCAATCGTATTCCA	0.022899644822195
CGCCTAACAATCGTCAGTGAGCGGTAGATTCGATGA	0.0373167354872661
CCTGTCCAATGCTTGTGTAACATTGGATTCGATTTG	0.146343325907874
GGATGGTCGAAGGTCGACCAGAATCACCCGGTCCCG	0.0191752768898497
ACAGTAGATCATTCCTCCTAGGTCGGCTACTATCAT	0.0675160727487096
ATGGTTATCGTAGCAACTGATTGGTCTCTGTGAAAT	0.273408390657678
CGCCCATATTTAAGTGACTTTATGAATGTCTTGCAT	0.389952402994575
GTATGGTCGCCGAATTATTGACGAACATTATCGGCG	0.425850722231723
TCACTCACTGATTTGCCGATGGAGAGTTTGCACCCA	0.00198165440030728
GAGCATGTTCAAGATTAAGCTGCCCGGACCTGTCTC	0.131381913451446
CCCTAGTACTATGGAGCCACGATGCTCCAACGACGG	0.00719780420973559
ACAGTGTGATCCCGTACATGGCGCATGCGTATGTTT	0.0586958041538648
AGCGTCCATAGTCCGTTTTGGACGATTAAGCAACCG	0.0288630607624228
TGGTATATTGAGCGATCGATTCTGGGAGTTCCGGTT	0.12562800963303
CGTTTACTAAACACGTTATGGATAGGCTCTCCGTCG	0.0489584987287055
TACAAGGCAGGCCATTATATTGGTGTTCCACCATAC	0.11775424755467
GCAGAATATCTTTACACGTCACGCTTAGGTTATCTC	0.110129137915474
TAAAATCCCGCTCTCTGATTAGATGAATTCGATATA	0.379385423391052
GTATTGTTGCGTATGTCACGTGGTACAAAACCCAGG	0.180136128607943
GCTATAACCGTCGTAATGAGCTATACGGTTGCTTGC	1.77480953934431
GATGTCGTGTCCCTTACCGTTAAACCGCGGCGAGTC	0.0470630805660413
TCAATGAAGACATAATGCAGGGATGAAGTGCCGCCA	0.0321391637539207
GTGGCCCTTAACAATACGTTGCATCTTCTGTCGCGT	0.147895100435257
GGATTTGCAACAAGGGAACAACCGTTATGTGGTAGT	0.0538703130705717
TACCAACCTCATACATTTATTACGCGGCACTGAGGC	0.0347162458636046
GTGAGAATGATTAGGCAAGTATCGATGGGTATTGTA	0.571108953334471
CTCCAAGTTTTGGACCCGGGTGTAAATTAGCAGTCG	0.315564938018497
CTTATCACGGCTAACGTCGATGGCGAATTATCTACA	0.276826718295495
GTGATTACTGTTAATGAAGCGCCTACAGTATCACTC	1.03346352403752
GGACCTGTCTCAACTAAATTCGATCAAAGGGCATAG	0.274417087561252
AATGTAACTGCTTATCAAGCTATTATGTGAAGTATG	0.315376093895458
GTATCCGATGCCGATTCGCGTTGATTCTTGGGGTAA	0.0195759570701154
GAAATGCCAATAAAGGATATCGAAAGTGTGGCTGGT	0.203874438722753
GCCTGAACTGTCGCTCAATGACTTGGATTCGTGGGA	0.0596328595922678
TAGGTTGATGGAACGGTGGTACCTGTTACCCTAATG	0.0304522324228928
TGAGGTCTCTGGGCCATTATCCCACGGATCTTTACG	0.0342704455763173
ATCCTTGACTAGTCACAGACATCAATTGACACTGAG	0.104700746806005
GGACCTATAAACCTCGTATGCAGCGGATCCAGCCCG	0.231156910812347
TTGGGGCTGGCATTACATAACCTGATAGACCCTTAT	0.0177568846377626
ATTCTTCATAGTAGTAGCTTATATTCGTAGGGATTA	0.0369301228188952
AGACATCCGTGGGACCGATTACTATAAGCGAGCGGG	0.0584355250972962
ACGCCTCTCTTCAGCGACGATCTGCCTAATCCATCA	0.0373284672702497
TTTCACTCTGTTGGATTAATTGACTCCTGAGATACA	0.988393768359916
TGTTAGATGAGCGACCGCAATAATCAACCGGCAACG	0.0155257420541853
ACTTACTGCACTAGACCATACCTATCCCGCGGCGCT	0.0940290092659758
ATGGAGTCATAGATAGACGTCAACTGGGCGGGTGTG	0.0452717412600766
GGAAGTCAAACGAATTATCGGTGATAGTAAGGTTAT	1.09958637907538
GGAAAAATTGGAAAAGCCGAATGTAGGTGGTGTCTG	0.162580531170092
CCAAGTCAATACGCTGATATACAAGCTAGCAGGCTC	0.0928142836649725
TGCCTTGTAATGATGGGAATACACTGTCTAGGACAC	0.154894749595035
ACATCTGAAGCCGGAGAATCTAAGTGAGTCGGCATT	0.0350497644896371
CTGTCACAATCAACCTCCACTTTCCTACCGGTTTAG	0.022402264514441
GCTACGTTATTGAAGATTGGCCATGTATATGTGAAG	0.373294432091136
CGACCAGTAGCTGCCCTGCACTAAATTATTATTTTA	0.180964207949864
CCTTACTACATCGCCAACTGGCCATACAACAATCTT	0.0399847599115274
GTTACGTTATGCAATGGACGTACAGTATTCCTTGGC	0.105892577538695
CATATACGCTCAGAATCATTATCGAAGGTTACAGCT	0.348956820125763
GATTTCGTGGGTCTGATTATAGTAACAAGGTTCTTA	0.554390672121339
GCTATTTAAGGTTGCAATCGGGTGCTCCTATGACGG	0.0146188070867146
ATCCTATGGACTGCTGCGATGGTACGCTAACTCGAG	0.0550906012927474
TACTATTAATCTCAGCCCATTGTTCAAGCTGCAGTA	0.01058756473458
AACTTTCTCACCACCTACCAACCGTGCTAAATTGAC	0.113738424255282
TCATATAGTACGGTATTGGGCCCCGGTTCGCTTCTG	0.000847504818480125
ACCTTATGACGATTACTGTGGGCCCACCGTGCCACT	0.0808811244008966
GCTAATTGAACGCGCTAAAGGAATGGGTACTCTGTA	1.30224036789518
CGGCAGCTTTAATGACGTGAATAAGATGTTACTGCG	0.329354997206267
GATATCTCCTGGCATTCCCGAATGGGGTTATGGGTA	0.0745304252873513
CCGTAGGACTGACACGGAAATTGATTGTGTTTAAGC	0.0639405816213397
ATACGGTGTTGTTCCGAGGCTATTCATATGATCTGT	0.0385724537051269
CACAAATTTTTAATCCGCAATTGCGAGTCATATAGC	0.166230360342681
AATCAATTGGCGTTGTTGTTTCTTTTACGCACAGAC	0.20268093102301
TACCCGAGGCCAATTGTACCTTGTCTGCCCGTATCG	0.0247497175182575
GACAGACTATAGGGCTCAATCAATACGAAGAGGGTG	0.17214809590454
CATATGTATCTCATCCACGCCAAGACACGGCTGACT	0.102400281688334
GACGAGAACGAGCCGTAATCCGTCTGAACACAATTA	0.422065633997438
CCTCACTCTAACTCAATATAGTCCAGGCTTTAACTC	0.318362726212552
ACCAATCACCACAATACTTCGACTCGCTTATTGCGA	0.154708082676187
GCACTAATATCCGTTGGGCCCCTACCGTCATCCCAG	0.413625212419291
ATACTATCCTTATTCGTCTTGCTCCGCCACCTGAAT	0.0352116123644555
CTCAGTGTCCCTCATTGTACGAGCTGTTATATGGTT	0.00964087196578777
ATATTGCCTAAATAGGGACGGGTCTGATGGCGCGAT	0.103226150927586
ACAAATTAGCATCTAGTCGTGACGAAAGGAGTTGGT	0.462024875841346
GATTAGTGAGAGGCAGTGTGTAGCGGGTATGTAGCC	0.0622008101745558
GGGTCCTCCAATCCTTACGTCGCAATAATAGGTGTG	0.046748565941534
AACGACGATAATTGTGGAGTCACGTCACTCGGAGAA	0.600249683946404
TGAGCCGATATCGTACGACTGCAGGTTAACGACGTC	0.0105181665566135
GTATTCCCTGTGCTTTGACAGGGCCGTGCTAACCCA	0.0095640386792346
TAGTGGTTATTATTTGGAGACTCATACTAGAAATCA	0.191353225187391
TCAGTCGAGATGTCTGCCCAATAAATGCGATTCCAG	0.0630233613403338
TTGAATTAATCGTATCTACTGAAGCGTCGTACTCGC	0.290542471191428
TCTCGGTGCGATCTAATCTGGCCCTTCAACATGGTT	0.144949514732158
ACATCGGCGGGACTCGTTAGGGCAGTGTGGGATCTG	0.240117603696245
GGAGTTTTCGAGGGTAACATTCAATAACGCTGCGTG	0.183796825432599
ACTACGTCCATTAGTACTACATCCAACGGTAGCAGG	0.872445962293137
ATGCTCTTCCACACGGTAATCAATGATGATCGTCAA	0.576088864273117
CTTTTAATTATTACGTTGCGGCTCGCTGCCTAGACT	1.66300458497096
GTTCAATTCCATATCTAATGGAGGTTGTTCGCCCGG	0.493515137647402
GGTACTAGAGAACGGATCATTGATGCGTCGAAACCG	0.171547446505928
GATAGGTCGCCTGAGTGGGGCTCCATTAAACCCCAT	0.287178002055972
GAGCCTAACCTAAGAGACCACGATCATGCCTGGTAA	0.00180405441129593
ACTGTTAACTAAAGAAATTTGTTATCCGGCTTTGAA	0.119596102251551
TACGTACGGTGCCGAGGTGTCCGCTGCTGATAATGA	0.148619103373544
TCCGTGGGATGCTGCAATAACTATAGAGGTTGATTT	0.00450686177222951
AGCCGTTATTATAAAACAGTGCCGACGCTCTTCGAT	0.0553152828689887
GTTAAATAGGCAGCGGGTAGCTATTATAACTCATCT	0.231677000867579
CCGAGATGGGGAGCTGTAGCTTAATCCAACGTGTCT	0.0324440523278641
TCCGTTAATCAGGCGCCCTTAGTTGTGCCAGCGTGC	0.992990348266277
CGGTCGCCTCGGTCTCATTAGTCTAAATATCTGGGA	0.764732272645474
GTCGCTTACATCACCACATGCACACAACGTTGAATA	0.14521121192605
CGGGTATTGTCTGTAGTAGTTTCATCATTAAAAATA	0.0733675797539319
ACCTGACAATTTACAATCTCCTCGAAAACCGTCAGG	0.0532238960031277
GGGAAGATCATTTATCTAGTTTGAAATACTCAAACG	0.0272498864257795
AGGTTGTAACTACTGTATTGTGTGCCTACCCGTGTA	0.10125166786549
TTCCTTTTGACCATACTGATTGTTAGCTAATAGAAT	0.181663970886839
AACAGCTAATACATAACTGGACTACACGCCCTCGAG	0.321853215525402
ACGAGCTACTTGTCGCAATTAATGGGAAGTAGGTAC	0.693708724130597
GATGGTTACATCATAACGAAACCTTGCCGTTTTCTG	0.11660761723217
AATTGTTACATTAGTCATGGGGCTGGTTAACTAGAA	0.571898230431249
CGATTGGCTTTATTCGTAATGACAGCCTCAGTGAAA	0.0161050970434252
TCAATTCAGCGAATTATACGTTGGTCTGCTCTTATC	0.506530127605474
GTTAATCATCCGATAAAAAGGCTGCCTAGGGATCCG	0.419911073370465
GGAGTTAATTACCGCATAAGACGGTACTGAATGAAT	2.37254049900765
ACGGAATAGCAATTGAGGGGAATCCGGTGGTCGGGG	0.0865146556102044
GTCACAGACTGACGATAACCTGCTCTACTGGTGTGA	0.0754447252842477
ACCCACTCAGAATATTTCCACTAATGAACAGGCGTG	0.943633027149297
CGGCTAAACAAGTAGCTACAGGTAGTCTAAGTGCCT	0.0563331681256623
TATGGCCCGTTTACCCAATTTTGTTCATATAGTGGC	0.121599903983379
GAGGTGGCATCTAGGGGTTGACTAGTTTGTTGCCTC	0.0117748888010551
AGTCCTGTCAATATAGCGGTTACGTTTCGCTCAAAA	0.00439072504451312
AATAACACTATAATAACGAGAAGGGTTTAATTGCCA	1.04541001183602
TGAGGAAGCTTATACGCGCTATTAACGCATGGCCTA	0.0570438186302619
ACATACCACAACAGTCTGATAGGGTAATTTCCTGCA	0.346140754832916
GACAGACGAGATAAGTATAGAGGAACATCTCCCCCA	0.0348434501254243
TGTCCGTCCTTAAATCACTGGCCACATGACTCCCAT	0.0597892510244778
GGATATAGGACTTGGAACCGATCAGGATGTCGGACT	0.252025573981638
CCAGCAAAATCAATAATTTATCCATAGGTGGGAACG	0.741372884075007
GCCTTAACTAGAGCTTCACTATGCTGCCTACAGAAA	0.128776308304304
GGTTTGATACACTCAGTTGTTATAAGAGCGTAGGCA	0.0133424242875998
ATCAAATACTGTACTTATGTTTCTCCAGCACTGCCT	0.00179580286285822
CGGCGTATCTATTAGAGGTCCCTCGGATAGCACAGC	0.10105093346099
AAGTGACACTAATTGCGGGACGCATGCGGTTGGCGC	0.949626767687436
ACGCATATTACTGCCGACGTGCTCGACGCAGGCTTG	0.148732194440798
GTTGAGTCTACGGAAAAACAATTATAGGGTCCTCAT	0.15300183442163
CCCATCATTCGTACATGGAATGATCCTACCCGGTAT	0.11335938284999
ATGCAACGTACGTAAGTTATCGAGTTCTCAATGATT	0.0985512288921075
TTAGCGGGCTTATTATCGACCGTGGATCCCAGAGTC	0.257899296102129
ACATCTTGATCTTTATGTGCCTTCTAACAATTAGAT	0.232084633121099
GGAAGGTTGTTACCCAATAGGTCACGTAGGTACCGG	0.182242828346492
GCGTTGCCTATCTTGTCTCCTAACGAGCGTCATCTA	0.388128784725591
TCCTGCTGCATTAGAGTGTACGCAATCGAGAGTCCC	0.15264638838546
TTCCGCCAATAGCTAAGCTACTGAACTGTGTAGTTA	0.005751977921151
GCACTACCGAAGATGGTCTGTGTAGAAGTTGGTTCA	0.0308337711633612
GTGATCTCCGACGACCCGGGTAATTCCTCGCTTATA	0.0719943423000214
CACTAATGCCGTACGCCGGTGGGTTCAGGAAACACT	0.157333814776552
TAAACTGGAACAAATTACACGTAAATCTCTTGCTTC	0.224060677534385
GGCGATCGAATGAGGTGCTGCTTACCTAATTACATT	1.20146056522909
CTTCGGGATTGGGACTGGGGCTACTCATTCAATCAA	0.084729248387527
ACCACGTCACTAAAGCCACACTTCGCTAACAGGCAG	0.109549772611753
AGCAATACACTAGCTGCACAAGTGGCCGTTTTGCGC	0.0145934837873453
TGATTTTCTCATTAGAAGCGTTGTCGATCTTTCATC	0.592932085546824
GTGATTGATGCAGCGGTGAAGCCTCGCGCTAACGTC	0.0203541250607243
GTAATACACAAAACATTGTCGTAGGGCGATGTACAA	0.0792134376315461
CTCACGCCGGTAATGAACTCATTCAGAGTCCCGAGA	0.991152732224889
CTCGGATTTACTTGTCATCCAGCCAGCCAACATCAC	0.0487347755507837
ACAACCCTATTGGACTCGCGTTCACGTCCCCCTTAG	0.0699701396309642
GGTTCTTTGCCTTTCGTGCGTTGTTGAGGACATCAC	0.0311840318539072
CTCAATTGATATCGACCCAAACCTTAATCGTAAAGC	0.238814429216865
CAAATAGGTGGGTCATTCGAGAGGCGTGATTGATGC	0.178905678898641
TTAATAAGCACCGGTCGTGTGATTAGTAGCGGACTC	0.208048441978033
ACGAGGCACAGCCTGATTCTAATATAATTGGATTAT	1.628674982293
CGTTATATTGTAGTGTATGCGGCGTCTCGCGCTCTC	0.0130231549579251
ACCTGATTAACGAACGTACTCACGCGCTAATTTCGA	1.55622904291633
CCGGGCGTGTAGAGGATAATTTTCATCAACAATCTC	0.0401737320552073
GAGGTTGAGTGGTTTGCAACCTGGTGCGTATATATA	0.0383413711520646
ATATCACCAATGAGATGGTGACTCTCCCTTGCCCTT	0.0242612609375827
CCGTGAGCATAGATGTTACCCGCTAACCACCCCGTG	0.0775037006628131
CGACAAGATGGTATTGGTGCCAATAACAAGACTGGA	0.0846065621266355
TTTGGTACTCTCCACGCTCTTTTATTAGCCTAATCG	0.449261194445704
CGGATAAATCCGTAAATGAAATCCGGTTCTCTATCT	0.0235829562576709
ATAGGCTGCATTACCTGAAATGCCGGGCTCTTTTTA	0.0654591913018999
CTTGCAACCGCGTTTTATTGGCAATGATTACCTGCA	0.272852878728045
GCATTCGCTTGCTAGTATCGCTCACATGGTCACTCG	0.0176642226882175
CCAATTACTCGGAAGACCGTAAATCTGGGTTATTGA	0.183355764114063
AGTCCGTCCCGAAGATCATCATAACATTTATTGGCG	0.0214507647419339
AGGGCCGAACTTCGTTAGTGCTACTCTCAAGAGAGG	0.0030832670897649
AATTGACAGGTCATTGTACATCGGATGATTGCACCG	0.174279028987974
AAATCATAAATAGTTATCATTTCAGGACATAAGCAG	0.0996938126610258
AACCTTTAGCCAAATTATCGTAGAGGTATAATGAAT	0.937985907346048
GACTATCTTTGCCGTGAGTAGTTCGACCTCCAGTCG	0.10474184599029
ATCGAACTCGCCAAACTCTCGTATGTGTACTCGGCT	0.00291836939952826
CTACCGCGCTTAATGAGAGACTTTGCCATGCCAGCC	1.03086660979105
GAGTACATTCATTCAGCCTCATTTCAAGGTATTCAC	0.226401227342553
GCCGCACTAACAGGATGCAACCCACCGTGATGTATG	0.182968207302381
GTACTAGCTAGGATACTGCGATGTAACTTGTTCCAT	0.0293396273929002
CGCGGGAAAGCATATTAGCGCGTTTATTGATGACGT	0.776135609943199
ATGTAATATTGCGCTCGTCTAACGAGTAGATGAGTG	0.369903761274827
GTTTACACAAAATTAATCCTTACTCTAGCAAAACTA	0.155499807046135
AATAGGTGCGAGATGTCATAATTACAACCTGCTAAA	0.41511690263503
AGGGCACTAGAAATAGGGAGTTTCGTAATTAACGCT	0.741167707946983
GATAGTTTGAATGCACGAGACTCGACCCCTTACAAA	0.00410709446032508
CGGTAATGGGAGGCGGGACTGTGGGCGACATCTACC	0.0431843331101794
TAGTACGCGTCGGTGCAATAATGATGCGTTTAAGGT	0.0644742849850267
GTCCCGAAAGGATGACAATGATAATACATTGCTCTT	0.0144598280343251
TGTCTAAATTATCTAAGCATATTGCGCAATGTAAGC	0.73273656110345
ACTTCAATGATTAGAGTTTCAGCGTGCAACGCAGGC	0.173211751034205
GGACGTTGCGGGGATTAGTCTCACGATTATGAATGC	0.185875272655093
GGATCTTCGTGTAGTTAAAGGGTCGTAGTAACGTAT	0.0776092466998696
CGATTACAAATAGAATGAGATTGGTACCGGCTCACC	0.15213710289654
ACACGGGCTACTAAATACCTCCCATCCCCCCGCTGG	0.0513191295958486
GAGTGATAATCGCCAGTCGACGGAGGTCTGATCGGC	0.421126075468827
TGGACTGTAAACAAGGATATATTTGCACCGATTGAC	0.035738639735043
TACGGACAACACGAATAATAGGCCACTGAGCGACTG	0.184749843151708
CTCAGACTGATTATGTTAGGGCTGACTGTATTATAC	0.5698053422461
AGTTGAAATTGGGATAATCGGTAGAACGTGTTCATC	0.60519736277269
GGAAGAACTATTCCGTCGCGCAGGACGACTCCATGT	0.0803826153646459
CACCCTCGAATTACTATTTCATCTTCCCCCCACTCA	0.268960961431629
AAGGGCGTAATGACTTAACGAATGCGCTGCTGGGAA	0.830449978752871
CGCCAGTATTGACTCATTCGACTAAAACACTGTATT	0.085974899492636
GCTGTAATGTCTATTAAGGCGGTCAGCCGACATGGT	0.804753317822628
ATCGATCATTGTAATTCTACACACGTGACCGAGGAA	0.216037295636049
GTTACTAGTATGGTGTGTTACTTCGCAGCTCCGGGC	0.208435013773169
ATGTCAACTAAGGTCATCACATAATCATATGCTGCC	0.370284203798579
AGCTCCTTGTTAGCGCTAGCTTCATAACGGCACTAC	0.368098141590443
AGTTAGGTAATCCTATAACAATAGCCCTTGCATGAT	0.0773846072731572
GTAATATTACATTCCGTTTAACCTGCGCGCCTACGG	0.27141867083983
GAGTAACAAAGCCCTACCTGAAGCTAGTTTGTGATT	0.00800335439654622
AAAGATGTCTATAATCGCTAACCGTAAGTGTAAGTC	0.00697923375603411
GAAGAGTAGGTTAGTGGGTTGCGCACTGAGGTTTGG	0.117281881707145
ATGCAGGTCTATGTTATTAATTATCCCGCAAATGGC	1.7400169057358
TTGAGAAGCTCGGAACGATTAATGAAATTAGGCATG	0.845389361554156
GCTTGATATCAATTCATCTCATCTGATGACCCAGTC	0.229923696571599
ACTAAGATGACTACGATAACTTATTCACTTCGGCGT	0.0229469949539717
TACTCTCTAACAGACCCAATGAATTAGAAGCCGGTC	0.00911012626773
ACCGCTAATATAGTCAGAAGGTAAATATGTTGCTAA	0.798951964630816
CATCCAACATTAAGGTTTCCCTCACTTACATGATAG	0.0908846743756406
TTCCAAATCCGATTAAGCTCAAAACATCTTCAAGTT	0.659051307473203
GTAGTACCAAATCCACTTGTAAGCTGGCCATCGAAA	0.0776149164739583
AGTATGATAGTGCTATGCTTTGTCGTAATGCATCTG	0.273112340458534
AATCCAAGGGGAGTTGAAGACTCGTTATAATTTTCT	0.0498882689803375
TTTTCTAATCAGTCGGTTGCCCCTTGTTTGTTTCGC	0.230658810378565
GCACCTGTCCAGTATTTCGATTAATGGTTAGGGTCA	0.195946076128576
GCATAAGTGTCTTCGTGCGTGACCCCGCACGATCAG	0.0125121491445842
TCGTTTATTGTGTCTCTTAGTATTATGCGACCAGAA	0.0300959039366513
ATTGTAAGTTTCAACCTATAATCGACGGGAGAAAAA	0.186715838938504
GGCCCCATCCGAATTATATCAATATATGGGGCCGCT	0.426672335666738
TACGATTAATATTTGCATGCTGCGCCTCCATGCCGT	0.169154727140443
AACCCCACTTGTGGTAATTAGAAGGATTCGGAGTAA	1.48119099379241
GGATTGAATCATCATACTGCAGAATGAGAGCAAACC	0.242373079548612
GGATATAAGCGGGTAGGGCGCTTGACGTCAGACCTG	0.165922028075921
CACGACACCATTAGTATATGCCCAAAGTCCGATGCG	0.348731979550891
GATTGCATAAACCTGGATTGAGCCTGGGTTGACTTT	0.0458943713171453
GGAAGGCTTCATGAGGATACCTGTTCGCCGGCACGA	0.0716843632984569
GTTTGACCCGATAACTCACCCAGGCCCGACGATCGG	0.0778009023477358
CTCTTTACGCTAACAATCAAGTTCGCGCCTAGAGCC	0.0853257417542202
ATAGGGTGTTCTGTCGTTTATAGACTCGTATCGCCC	0.01315239855823
CTCTTGTAATCAACGGCGAAAATGACTCAAACTGAA	0.146624565308668
GCGAAATACAGTATCTAGATTACCTGTTGCTTTATG	0.209098079004105
CCGGGGCAATTAGCCAGGACACCCACCTCTTCGCAT	1.95089024327979
CTAACCGCTCGCTGTATAATTGCAAAATGGGAAGCT	0.187905689610493
CCAGATGGGTACTACACTACTATTAACGAGCACACA	0.242301157422585
ACTCATCACTCGTTTGTGGTGTCGTGTAGCTGGAGC	0.0426277493453843
TAGATAATGTCATATTATCACTGTTCCCGGTAACGA	0.449233613394569
AGTCGTAATAAATTAACTGCTGCAGGTCGCACCATA	1.00775049691449
GCCTTTATTAGAGTACCACACCACCTGACAGGTTGG	0.222951052591336
CTGAGGCTGTAAATGACTTCAATAACCAGTTCTACC	0.0502479739447296
GGATGCTATCCACCAAAATGACCAAAGGCTCATTTA	0.120481180527429
GGCATTGTTGCTAATTCATGGCTTAACAATGGCAGA	0.9157995395039
GTGGTTACACTCGTCATTATGCTACGGACGCTTAGT	0.1542346159672
AGTGACTAATTCACATAAGCCGATAGGGTCTTTGTA	0.718625974304664
CCATCGCCATTTGCAGGCAATTTAATCCGTTTAGAC	0.437851162627871
TTGCAATCGACACACCATAATTTAATCAACCACGTC	1.02303353143515
GTAGTGATGATTATGCTGAGGGGAAGTTACGGCTCA	0.424708485945676
GATAGTAAATTTGAACACGGTACGGTGACTCGGCCG	0.181502200220548
GCTTAACATGTTTTGGCCGTCCCGTGGAAATCTAGT	0.00761477055183563
TACCCGATTTAACTCAAGTTATCAGTGAAGATAACA	0.0546005915316055
GAACCTCCCGCACACGTATTACACGATGGGTCTGTT	0.043251167406505
AGTCCTAGTTCTTACTGATTAGTAAGCCCTTAGCTA	0.733011046900351
GACGAAGCACCTAGGATATGGCATCTGATTCGGTTC	0.0485679523919112
ATTAATCCACACAAAGACCTTGCTATAGATTCGGCT	0.0214408083556148
CCCTTACTGTGTTGGTTGGATATCATCAAGTAGTGG	0.108056016334785
TTCGCAGCAAATACCGGTAGGGCAATTATTTGCTAG	0.236282850216375
ATAACTCTCCTCTCAGTTAGCTGATCCTGAGACATG	0.0205619997701321
TTCATCAATTTAACCTATTACAAGTCCCCGAGATTT	1.17796714444271
CCCTCAACACGCGTCACCTGATTATATCGGGCACGT	0.361267595644971
ATGAACGGTAACATCAAACTGATCAATTTGCCCCTC	0.424825972328095
TGCCTTACTAATTCTTATTCCTTGCATAGGTCCGCG	0.493982138635557
ATGATCTTCTGGCTAGTGGGATAAATGGACCGGCTA	0.0805860855488926
ATGTTTCGGGCGGTCAATATTACGCGAGTGGAATGC	0.0888175349267146
CACTATCTTACTTTCAGTTCTTTATCAGATGACGCC	0.0196187558623233
GATTATCACGTAATGGCATGGCGGTAGGGGTGCGGC	0.511446222741505
GTAAGCTTGTCCGCGCGGGTAATCACTTCTGGAAGC	0.3213137038884
AGTGCTTAACCGGCACGGATTAGTGATGAAGCGAGT	0.297750335925034
ACAGAACTCTAATACGAAGCAAAATACTAGTAACAC	0.0290607859505103
CACTCATCTAGAAATCGTTAGCAGCATTGAATTCCG	0.0544226534055537
TTAGGGGTATAGTCCATATCAGATCTTAATGCACCG	0.110477294938716
GTCGGCTAAGTATTAGGGATGGCTCGAAGAGTTGGC	0.0105035692055348
AAATTGTAATGAATTTGTTGCAACTAGATCTATGAC	0.159364858204943
TGTAGTAACCTTAATTCATCGGATACTTAGGAAGAG	0.599955466111892
GCATACGACATCGACGTCTTATTATGAACGTAAAAG	0.0601649491683312
GATACTTGGGCTCGCCAGTTGGTGGTTATGTTTGAT	0.0266216304401422
GTGGCAGCATTTTATGTACGTCTTAGGTAATTGATG	0.875187095160808
AAAGTGGTGTAATTTGTATTATTCCGGGTTCCGACT	0.431616838690923
ATCTCCAAGGGTCCACCTTAATCCGCCGCCCAGTGT	0.147958365093604
ATATTCGTGATTTGGCTAACGACCTTGTTCACTCCC	0.521264783610839
TACCGCGATTTGCTGTTAAAGGCATAGGACCAATTA	0.513032874908505
TTTTGGACAACCAACAGAGCTAATGAGACAGATTTT	0.466272031399872
GATAATACCATGACAAATTCCAGACCGCATTAGGAT	0.216353362049748
GTTCGGATGATCCGTATGGACTAATGTCGGTGAGTT	0.17987240351514
TCACATCGGTACAATTGCGATCTGACTTGCATCATA	0.018741645442398
TCACGCTAAATCCGAGAAATTGGTAGCATTCTTGGT	0.00653109836092087
GATATTTGTAAGTCGCAGGTGCTTGCAGACGTCCGG	0.0960910673680444
AGATCTATGACCAACGTATCGAGTGAAGGTACGTCT	0.000750237270242094
AAATAATTAGAATAGCAAGCAGCTGCAACGTTTGTT	0.981098868421954
TGGTTAAGATGTATTCTTAATACAAGCTGCGTTACG	0.0117304830370753
GATAAATTATCACCTTTTGTTTTTGTTACGAGAAGA	0.746429246631383
GATTAGTCTAGTATGTTTGGTCTATCCCTTCGACGC	0.133926131933143
ATCACGCCATACTCGGCTATTAGGTCGGTCCAACGA	0.191528541748458
GGTAGTACTATACTCATAAGAATGCTTGGGGCACGA	0.163490960029844
TTACTGTACCGATAACGATGTGTCACTTGATAGCAT	0.361500238879169
TTATCCGTGAGTCTAATCTGTTTTAGCTACGAATGG	0.367048641108379
AAAGGCGAAGCAAGGGCGGCTAATGACAGTGAGCAT	0.189725825630306
AAGCATTTAGATCAATCTGAGGTATTGCCAGCGGTG	0.126388471147299
CATGAATCTCAACAGCGGACCGAATCCATTATTAGC	0.202620704862245
CATAGATTGTGGTAGTCGGATTAAATACTCTGACCG	0.320306490385336
ATACGTAATGCCTAGGAACTCGATACATGATAAACT	0.148536495505393
TACTTATTCGATTTCAATTGAGTTCTGAGGAGCAGT	0.299986434757745
CCATAATTGCTATTTGTATATCCATAATTGACGCAG	3.3754023413604
GCCGTGGTTAAACATAGTCACAGTACGTTACTGCTC	0.0501818226464663
CAGTACCACGACATGCTCCTAAGTGGGACAACACAT	0.18590928220526
ATGAGACTTAATGACACTCTGCCCAACTTTGACTAT	0.558263489239757
ATTGTTTATTCTAGTCTAATTTACTTACACAAACCC	1.12127190255608
TCATATGGCCATAACTGGTAGCTTCACCACACTCAT	0.0183835884806933
GGCATATATTTAAACTCGGGGTTCTATCAGACAAGT	0.0853717811866048
CTGCCTTAATTGAAGGGCCTCGTGTAGGAAACATCA	1.40063776743502
GATGATTAGTGAATCCAGGGGTCGTATAAAAAGTAA	0.407905740036709
GATAACTGGATATGCTGACCAACGACGAATGCGACA	0.0830635067305108
GAGTTGGATTAGAACCTTACTCCCGCGTGCATTCAG	0.134534735225007
GGGTACAACATCACGGTTTATATCATAGCCCAATGA	0.0987297006078791
AAGTAATCGATGCGGAAAGTTACCGTGTGTTAGACT	0.190502702223801
GGAATTAACGGCAATCATATGACATGCCTCACTATC	0.451352236371168
CGGGCTGGTGACATAATCGGATAGCTACTTGAATAG	0.058801084312919
AATTAATTACACCAGGCCTCATGTCTGATCCACCCA	1.18220823696247
CGGCTAAAGATCTATTAAAAATCGACCCGCACTACC	0.160526080144427
AGAGGCAAATTAGCCCTCTTTGGTATTTCCCTAACA	1.09893732944077
CATGATAAACTAACAATTGCTAGATGGGGTACTCGT	0.110547837689192
GGCGTAAACCGTAACAACCGACATCGCACATAATCT	0.0296014296303352
CTGTTAACTCGGATCAATTAACCGAATACAACGGCC	1.52513429621207
AACATAATGCCAAATGGTAGCCTATAACTGTACAGT	0.141584392297527
CACCCTGTATCCGCAGCAACAACAATATGATATATT	0.0506880556738135
TGTTGGAATGCCCATGAACTAACTACGATCTCTGGG	0.00329223031501782
GCTTCACTTCGCATGTCAATCGAAGATTCGTAGCAA	0.0116205299481127
GGTGGGGATTATACTAGACTTCCGCAATGGATAGCG	0.122935142873675
CGAGTGAAACATAATATACTCGTCTTCCCATATGTG	0.205969257301044
ACCTCGGATGGTGCACATACTCAATTGTAGCAAGTA	0.0527410345641555
GAATGTCTATACCTAGGATCCAAGCTGTGGACATTG	0.186188477780955
GGATCCATCAAGAGTCTCGGAGCGGCCTCGTCAGAT	0.197371665353459
CCGTGTACAACCGCGGATTCCGCCCGCGCATTAGTA	0.107475805646391
GGTATGATGTGACGCTTGACTACATGAGAGAAGAAA	0.0985929268629481
CCCGTTAAGTTGTGCTCGCAAAATGTCAATTGGGGA	0.129773193356738
TTATCACTACGAGATTAATGGAGCTACTTAAGCAGA	0.576245839931163
GGATCGATAGTTATTGGGAACTCAGTTATCGTATTG	0.68583668909128
GGAGTACTTCTTAAAACGCTGGCTTTATGTACTCTC	0.0763908619888282
TTCGTATCATCGACTGATGACGGGAGTATTAATTGT	0.325863141107026
AGCCAGGCAGACAATTATCCGGGTAAGACCGTTGAT	0.575927214350772
ACTAACCAGTATTAGAGGCGGGGTGTATTTGGTGAT	0.313513655647619
CAACGTCATAACCAGCTTCACGAGTCTAGATGCTAT	0.0926637855704884
GGGCATGTCCCCCTAATTCGTCTTGCCTAAGAGAAT	1.24719229407524
TTAACGTTAGGGAATGGTACTACCAATTATACAGTG	0.45088549323073
CTATCGAGCCCAATGTCTAATTTGGAACTAAAATAG	0.488176241680091
AGCGGCGTTATAATTTGGTCTCCCCCACCCGGGTTT	0.36404057674717
CCAGAAGATAACGATCGTGTTCCTGCCCCGTAGAAA	0.0336119949805661
ATCAAGACCCTGTCGACTCGTTCGTTCAAATTAGCG	0.371664615012376
CATTGTGATTAGACTAACATTCTTCGCTATGGATTG	0.249064473241702
GACGCCAAATAATTTGTTTATTTATCGTTCATAGTT	0.811726193968294
CTTCGCGGAAAATAATTGTAACTAACACTGTCTGCC	0.0959718538957797
CCCTGATTCATGCCCGGGTTTATGCGGTGGGGATTA	0.00458104941606136
GTATCTATTTTCTAACTCTAATTATCGCCGAACCCG	1.83604327609241
ACATCAATTTAGGTAAAGGCTAACCCCCACTTAGCT	0.819754596469463
CAAATTCACTAACAAGGCGCTCTCGAAGTGTCTTGT	0.613466922941674
TTACACCACACCAATCATAACGTCCATATACCTCGA	0.0615226835955733
ACATTAACTCTATTATTCTTGGCATATAGCCGTCCA	0.449549591369285
GGGATATGTCAATCTGGATGTGGTGCTCCGCACGGC	0.226209344692351
GGAACAAACATGCTGGAATGGCTCCAGTGACACCAG	0.0796266191418438
GTTGATTGCATAGTGGGAGCTTCCCTTCAACTGTTC	0.0407647349592421
GCATTTACCATCAGCTTCAACAGGTGTCACTAAATT	0.159746322785012
GCAGTAGTTGGCCGACCTTGCTTGCTGATTGGACAG	0.173391822983356
AATCAGCTCGAGCTAATAAAGCACCCTATTTTTGCG	0.5534491911488
ATACATGGGTCTTTGCTTGAATGATAATGGTAGACG	0.0394986957931659
GCTAACAAACTTGTGTCCTCTGGAGACTATTAACCC	0.111316440865729
TTCCGAACTGTTACAATGTCTGACCTGCCGCAACTC	0.00955648906104186
TTGTCGTGCATGGTTGATACCATTTAGTACCGGGTT	0.0625054013465475
GATCGCCGTACTATTGGGAAACTGCGTTTCAAGGGT	0.008191825165842
TTTGATAAATTACGTGACTGTGAGACCACCTCTCCA	0.324375454314261
AGTGACTCCGTAATCCCGAGATATACCGGATGTAAT	0.00527576996930135
ACCAGATTAGCCGTTGCCACATGTTTCGATCGAATC	0.590998167924376
CCACTTAATGCCCATCCCACTATTAAACAGAGATGA	0.352009750411509
CGTTGCATTAAGGATAGCCGTTCGTGAGCAGTGAGA	0.38173686995224
ATCGGTGATGCATCAGGTAATTTTTGTGCTTATAGA	0.211691879741208
CGTTAATGATGGCCCGGGATTGGTGTCCTGCCTGGC	0.616447214007895
CCAGTCAGGCAAAGCATCTAGCGCATGCTAATTCGA	0.385970034902604
GCATCGCCTATGAATGTACCAGCTTAAATAGCGGAA	0.0321765508309198
GGATGCGATTCAGAATCAGCGCGTATGGCAGACTAG	0.00690952064260002
CTCTATCCGGATTAAGCCAAAGTTCGCACTCAGTTT	0.087441119900181
TAACACTATGTATCTGCGATTCACCCGTTGTGCTCC	0.00820994334628505
CAAATTACCACAGTTATTTCTGTCCTTCCGTTTTGC	0.174130247812251
GGCAAGTACTTCATTTAAAAGTTGTGCCGCGCGACT	0.0425524086583702
CAGAAGTAGCCCTTTGATTGGCCACCATGGTTTGTC	0.271142430497436
GACCGCCACCTATTATAGATCGATGTGCAGGGTCTG	0.257061167131401
ACATGGTCATAGCTACGTTCATGCGTTATATAGATG	0.0659286484691627
GGATTACTCAGTAAGCCAATATTGTGGTTATCCTTC	0.27047526004644
ATGTCATGTGTGACTCAATCACAACTGCCTGATGCA	0.10916728383427
GTTCGATATACCGCCGTCTACAGTTTTCTCTGTTGC	0.00493212179616362
GGACACTTTTCCCAAACGTGATACGACCATCGAGGG	0.0415487369640982
GCATGTAGTGGTCCTTGACGTGTAGATCATCGGAAT	0.104831325752543
AAAATGGGCCTGAATAATGAGGATAAGCCCCCCTAG	0.132470855525265
CAGCATATTTACGGTACCAGACGTGACAGTACTTAG	0.0203812070946436
GGGTAAAACTACATCGTGTTACGTCCTGTTGGTGTT	0.209356705165181
GCTGACCTAAGTGGATGTCTAAATACGACTAACAGG	0.428058158957583
ACCCACAAATTGTGCATTGTCGAACCGCTGAGGATC	0.45983461514134
ATTGTACTGATATTAATGAATGGCACCGTGCCGGAC	0.789996465618761
AACCCAGCACCTATTTAGACCTACTTGGCCTTTAGC	0.0590335933431806
GAGGTGTCAATCCATCATGTCTCGTCGCGTTATTCC	0.232160439653173
GACAGGCTACATTTTTTGATGTCTCCACTTTATCGG	0.0461268844025532
CCCCCAAATAAGGCTAAGTCCAGGGTCTGCATAACG	0.0173015858789732
TCCAACTAACCACTTATATGCGAGATACACACCGAA	0.229675502146314
GTAATCCAGTATATGCATGGTTTGCGGAAATTGCCC	0.399398786890615
AGCTATGTTTAGTAATCGTAATTAGGCGGGACATGT	2.94134538135104
TAAAAGAGACGAAGTACAATACGGTTAATTAGCCGA	2.39602685246885
GCTTCATCGTACAAGTATAGAAAATCCACGGCAGTC	0.0300241362107673
GTTAATCCTGTCTACCCGAGCCGTATGAAAACCGAC	0.0353452569451566
GTTAGGTCGGGTTGTAGTTTAAATTAACCCGATTAT	0.938403316090942
TATGTAATAAGTAAGTTGTACCTGCTCGAAGGGCCG	0.283007740537831
GAAACTCAGATGGTACTAATGGAGAAACGCCTCCGT	0.602439257791204
GATCAAGGCTCACTCGATTAGTCGCCAGACACTAAT	0.957462817155635
CACGTGAGGGCATTAAGGTGCTTGGCTCTCTTCGTC	0.0177305398345099
CCTTACACAGATTCGATTGATTCACTATCTTGGAAG	0.184511521861546
AGGCTTCCAATATAGTATGACATATAGGCAGTTGGC	0.0448682035575202
TACGGACCATAATAAGGGTGGACCAGTAGTACGATT	0.42147751538048
CTGCATGTCAAGTAGTTAATCAAGTACCGGCACTGC	0.699486291501391
TCGTGTCCTAATATGGTATCGTATAAGGCTACCAAG	0.484995295117462
AGATTGCCTATGTACTCGTGTCATTGATATTGGTCC	0.18644375091244
GCAGACCAACTAGATTATATGCAAAGTAGCTAGCTT	0.19074312864462
AAGTTCACTTGATTTACCGCGGGTTAGCTGTTGGTG	0.112183959308502
GGCTTATGGGGAATCGCACTACTTGTTAACTGGCTT	0.251735434509413
AACCGTACATTTGCTTACTGCGTGCCCAATTTGCTT	0.354823702408153
AGAAACATCCGAGATGTTCTAGACCAATTTGGCTAC	0.0331108932883345
GGCGCACTAATCGGGAAACAGTTCCCGTTTGGCTAT	0.440139860998657
GGCTACTTGTAATGTGTTATACACCTGCAGATTGGT	0.372788046483336
CACCCACTATGACCCAATTACGTAATCGTCCAAGCC	1.64110191842266
CGGTGAGGAACTAGGTCAATTGCAGATTAAGAGCGT	0.0362431463219924
ATTGTGTTGCTCTAGCTAGCTCGACATTAGTTACAG	0.0160890415971828
CGGTTAATATATAAGCAGACAGCTTGGTGCCATGCC	0.221643360626591
ATATAGAAATTGGACTAGATTTTTAGCCGTGGAAAC	0.0380618331118026
GAAATGTTTGTGATCTTATGCTCCAGCAGCGCGGCT	0.00645025294449891
TGGGATCCACCACCTAATGGGAGAGCCTGCGGTCTC	0.0641552759799512
CAATGCCCCCGATTAAGGCCATTCATCGTGCAGGCC	0.0943732148271544
ACGGCAGTTTCGGATCATTATACAATAGATCGTAAC	0.109841123882532
CAGACTCTCTGGTAAAGTGGTATGGTTATCAATCAG	0.0430690328481337
ATACCATAAATCCGCTTTGAACATGACACCTCGTCG	0.0907359586842496
GATTTATCCGCCTCGTTCATGGCCCCCGCCGCGGTG	0.125558330526269
GATACTTATCAATGTAGCCACTACCCTATGGCGGAG	0.463849165100766
GGCAGTCGGTCGTTCCAGATATTAGGATCTCCACGT	0.0729981512100729
TGGTTGCCTCATACTTAAATGGGGAGAAGTCAAAAA	0.0387355754122121
CACGTCGTTAAGCTCTATTCAGTATAAGTCCAAAAA	0.127313072856324
CTAATGCTCGATTAGGTATGCGTCATAGCGAATTTT	0.60557587116271
TTCCTGTTAACGCTTATTTCTCATTGCTTTTGGTGA	0.0458163410511058
ACAATCCTCCGTATGTCGAGTACCCAATGGACCAGT	0.0223746345807388
GCACTAAACATAGGTGTTTTTCGCAGAGTAGTGTGC	0.0664558998235614
GAGTGTAGACATGGAGGCCATCCCTGTCCGTACACT	0.057717947831215
CGAGTCCACCTGTATATTGGGTAATGTGTACGCTTC	0.403391085996523
ACGGTTAGCGCCAATTTGCCATCTCACAGAAGTAAG	0.524099160682434
ACCTAAGCTTGTTGCGTTGTGTTCATGTCCGTTTTA	0.076996565982513
TTAGTAGGTGTCGGCCTAATTCCAACTGTCTAGCCA	0.107410179166052
GGCATATAACTATCGCTGTCCCTCTACAGGTACGAG	0.273287245025742
GGTCTTGTTAAATTTCTCGAGGTGGATTCGGTCCGC	0.419470022336628
GACGATCTAACTGTCAAAATGTACTACCCCAAGATG	0.0292210761229568
GAGTCTCACGTGGCCCAGTGAACTAATCCACCGAAC	0.241657984601162
GCGCACCTAATTGTCGAAGATACCAAGAGTTCCCTT	1.44426244327704
GATATCCTTCTCCTGCTGATTTCACCAGCCACCAAT	0.00286014649735366
GCGTAGACCGAGGCAAGTGTTAATCTATTTGCGCAC	0.242794128563819
TGATCCTCCAAGGCTGGACACAACTTAATTACTTCA	0.770315926436826
TGCTTACCGTATGGATATTGATAGGATTACCTCTAC	0.103367935278027
GTTGCAAAGAATCATGCAGATTCATCGCAATCTGGC	0.0136427734728658
AACTGTTAAGGCCGCAGATGCTAATAGAGATGTGCC	0.262497229211222
CCGATAATTGATTCAACGCGGTCGAGCCCGGGTAAG	1.65147271910605
CATAATCGACTAAGCCATAAGCTAGTGGCAATAAGA	0.249917711172544
GCCATGGCGCAATATCTTATTGAACTCCTATTCTTG	0.0109923230467379
TTACTAGTTAAAGACAGTCATTATACCGCGCCTGGT	0.0444099376207179
ATTCTCTAATGGTAGTATACTGAGGAGTCGTCTGCG	0.147772914829938
GGGACAGCCTTAACGATCGCCAAATTTCCGACCGAG	0.224356099904247
GCCCAGACACTGTAGAACGAATTGCATCGTCAACAA	0.0701786171838129
CCATCAACTACACTATATAGGAAGACATTGTGGCCA	0.0850656351229581
GTTACAATTGGAATGGCGTTGCGGTCATGGTAGTTC	0.194855965679069
AGTCAATAATGAATATCATGAGTCGAACCTCGTAGA	0.47257829700237
CTACGGAGGGATATCAGATTAATCCGAACGTGTCCG	0.342820180256543
GTCACTTTTTATTCAGCGTTCCCCGTTTGTGTAGTA	0.0557330397381028
CGTGTTACCATTGACCTGGTTTCTCATCAAGAGGTC	0.00845235902067466
TGGTGAGTATGGCTATACATGCGAGTTGAGTGGGCC	0.0289078322732399
CACTATTAGTGTTGGCTGTTAGATCACGGAATCCCA	0.279179578788043
AGCTTGAATTAGCATACGAAAGAGATCGCCTTCATA	1.11050474090481
CAAGCAAACTTTATCGCCTACACCATGCGCTCCTAT	0.035745080623778
AGCAAGTTTCCTATAACGTATTTCATTCATCAGCAC	0.0527799326834557
GCTCTGCTTAGGGTAATCAGGGACCGGAGATGCAAC	0.314070930989716
ACATAGAATGTAATATCCGCACCTTCACTTAGACTG	0.163567986540507
GTATTGATTCCAATCGAAAGGGGTGCCCTTTAGACG	0.0633599432782247
AGAAAGACGCCTGGCGATAATCATCTTATGTGCCGC	0.347113739409108
GCTATGACCATATGGACAAGGACTCCATAGCTGATC	0.0276848254537574
CTTCAGTTCATATTCCATTTATTTTGCCTGGTTTTC	0.09013496442821
GAACAATCAGGCCCGGTTCAATTTAATGATGCAAAA	0.602027830902191
AAGGTACGTTATCTAAATCGTGGTGGGTATCATTAT	0.0280570478758266
GCTTACTTGAAAACATCCGCAGCCGTGTAATTACCG	0.635430447627037
GGAGATGATACAGTAACATGAGCTCATAGCATCTCG	0.0836982754215282
TACTTATACTAAATCTCGTTATTTCCGCTCTAATGA	1.16295291811036
CATTATCGGAAATTTAGGGTAAGTGACTAGCGATAC	0.0678228413115163
ACGCTAAGTAGTCTGGGATGTTGATTCTGAAACGAT	0.312615102350753
ATTCAATACACGCCGCCGTTAGATGATTAGGAGGAA	0.176578441412437
GCCACGTTAACTTTTGTACAGATGCTACCGATTAAG	0.144678419073701
TTTCTTGACAAATCACAATTATCTCCCGGATACGTA	0.202911899049606
GGTTAATCATGATCCTAGAATAAACGGACGAACTAG	0.436179557613423
GAGGTACTAGTGTTCGTGACCTCTGCATGCTTGGCA	0.00444353833154117
TTGGTTCTTCCTAATACGACATGTCAAACCTAGCCA	0.0423219087516515
TCGTAATTGCCGTAGCCAATAGTTGGGCACTTCACG	0.599576794364007
ACCCATTGCATCTGGTGGTTGCTGAGTCATGTTGTA	0.0343151067911457
AACCGAGGTATGCATTGTACAAATTGAGGTTTTCGG	0.00477075395569544
CTCGTTTGCTGTAATTGGAGAATGGATGGCTGAAAC	0.727100594642833
CCCCCGACATAAATTACAACTACGGGACCGTGTTCG	0.0130811319800522
GATAGAGTTTGTATTCATCAATCATTATTCTTTATG	0.267995568865009
ATCTTAAGTGTTGCGTTCGTGCGACGTATTAAAATA	0.0485075948135559
GCACGAACAATCTGCGCCTAATAAGGCCGGTAGGAT	0.985171496877876
TATACGAGGTATTATACCATTAGGTTAGAAGGAGCT	0.0292802355982205
GGAAAGCGTCAGCTTATCTTGACCATCGTGCCGCAT	0.00966107076262929
CTTTTAACATAGGCTTTCACATCTAGTTAGTTATCT	0.138461258023785
CTCCTTGACTTTGAGGAAACCCATTAACCCGTGGCC	0.226375599267255
GTATTTCATAACGTTGTACCAACTGTTGAGTGGAGG	0.203048095301128
CCCGTAGCATGAGTTGCTAAGTACTGAGGTGAGGTA	0.0543488509618665
CGGTAGAATTTGCATCGCAAATTGCACTGAATGCTT	0.180294907160717
AGGGGTAGGCTAGTCAATTGGACTTTCGCATCAGAT	0.112747845654504
GGACTCCCATAACACGCTGCCCCCCTATCAGGTATG	0.0747228579194322
TGTGGGCGTCTACTCTGCGGTAGTGATTAGGATAGG	0.0544994440339045
GCTAATAATTACTGCCATGCGACGCGTACTGAATAT	1.42324359543932
CCTCGGTCGCCGTAAAATGATCTAGAGCCGTTATTA	0.0271107845753113
TATTCCGTTTCGTTATCCCGTGCCATTAATGAGCTT	1.02917237994975
GTCGGCTTGAAACCAATTTTCCTCTGTCGGGCCTCG	0.0916694790087822
CCTCGCTTATATATGTTTCAGTGTTGTGGAATGATA	0.00261550521137329
CGCATTCGTTAGTCAGCTACCCACACCTCCCTCGCC	0.0905240319560941
CTAGGGATTAGTACTGGTAATACCGCGTATGAAAGG	0.00713653226290259
GAATATGTTCCATACCAAGCGGGCCTAGATCGACGC	0.0293748021397742
CGTGTTATAGAGGTGAGCAGTATCTTGTATAATAGG	0.0553595718384581
ATTTGATTGGGACATTTAGTGCTAGGAGTTAAAGCA	0.140860915218773
GGTCACGTCGTGACTCTTACTCCTAATATACATGTG	0.0925919755957852
CAGCGTCGCTCCCCTAATCACGCCGGACCGATATTC	0.271580623127189
ATAGCATTCCCTTATTATCATGGTCGTATGAGGAGA	0.328258099390719
TCAATGCGGCCGGCAGAGCGACTAGGACATAATTGA	0.168992160491599
CTACGGGGCGGCATTTCAATTATCAGTTTAGCCCTG	0.437090964194806
TCCGCATCTTACCTACGATTTAATTTGAGAGGTGAT	0.230549639374468
GGTTTGTGTGTTAGCTCCATATTAGCAGCAGCAGTG	0.390008880750158
AGGCCTTCTTTATAATCTGGGTCTAATGTAGCCCTC	0.131228581110832
CTTCGTTACCGCACGCTTATTAAGAGATACTGCGCC	0.521740310129548
AATCTGACTAGGTTCCCTTAATTACAGACTAGCCCA	1.21061067990235
CACAAACGGGGAACTGTTATTTATCCGGAGAAATTA	0.149527683403444
GCTGATCCAACATGTCTATAACCCCCCGTTGCACTC	0.0374946952646536
TTCTGTGAACACTTTGGATTAGTCAACAATTCATTG	0.0472376100928821
GCGTAGTCCACTCATGTTCAACCGGGTGTTGATACC	0.00164202066830273
CCCAATGATCTACCTATCTCATGGGTTTTGCGCAAC	0.153984074508141
GTGGCTGAGTTAGCGGTCGGATCTGCAAGTCACCAA	0.00781078535370673
GCCACATTCGATGGTCAGTAGCCCTAGTCCAGACCC	0.00595887852643568
GCCCCTGACAGCCTGCTGATAGACTGAACCCTATTA	0.144917120992612
GTGTTTTACCGAGCAAATTAGATTCGGTAGGCTCGG	0.906304421931824
ATCGACACATGTACGTGTATGGGGTTGGGGAAGGAG	0.164602229775006
AGATTAATAGGACTTACTTATGCTCTTCGCACTCGC	0.602374434674514
TGAGGGCACATTTATTCTATCTCTCTATATACCACA	0.0397555838759335
AATCAATTTCCGGCTAAGCGGGTTTTTTCCCTGCTT	0.153786892409735
AATGAACCCAGAGGCGTACTTATCTAACTATTGAAT	0.0134560186801159
GTAAGATCATACATGGTACTGCTGATACCAGATATC	0.114503124854596
TAGAGTCTATTATCATTACTCGAAGAACGTCATAGG	0.434610023515966
AGCCTAATTTTCCGGTGGTTCCCTGACGTATTTATT	0.67042819142871
GGCGAGTACAAAGAATATTGAGTTATTCGGGCAAAT	0.0232962664444869
CCGTCTTACCGTAATTCCTTCGAGGTCTAATACCTG	0.107975682171771
GGTTACCCTATGTTAATTTTTCCGCAGTCGGCAGTC	0.275926329251114
GAGATAATAGGCAGTCCCGGGATAAGTCGGTCGAGA	0.606127189854259
CGGCTTATACATTAACGGTAGCCAACCGTCCATAAG	0.0769283437775991
GGAGGTCTAACTGGGAACGGCAATGCGCCCATATTT	0.0384150331564322
TATGTTTCCGGTTTAATGGAAATATACCCGGGACGT	0.0210004155553624
TCTTGCTATCCATGTTCGTTACGCTGAATCGAGGAA	0.0491794633328413
GGTCAACATTCAGCCCGTAGCCCAGCGTCCTGTAGC	0.0480079155102917
CTATCTACACACAACTATGCGGTCGCCATGGAAATG	0.104918323503999
GAAGGTGACCTACGAACTATGACAATTCATGATGGT	0.0104670007904607
CATTTGGGGTATCGATGTACGAGGAACGGCGGGTGT	0.0124792931237806
TTGCTCGTTTAAATAGACGACGCTCACCGTGGCGAC	0.0254768776872507
GCATTATGTTCGTTCTATATATTCATATCCGACCTA	0.330195050844866
ACTTCTTTGGTCATTATAATATCACAGGCCCGTTGA	0.703042450521438
TAGAGTTGCACTAGAATGCTACAATTGTTATTAACA	0.0183139394597575
CGCGCTTAAGAGATTAGTTCCTACGTATACGTGATA	0.113319547227173
GCATAGATCTATCCAAGTCATAGTTTCACTCGACCC	0.166211626911668
GTCGACCCCTCTGTCGTATTAAGCTACTTGGTATTC	0.200505305121016
GAAACATTCTTTCGACCGTATATTGTCTACCTACTG	0.0708598210906554
ACACATTGGGCCCAAACAAGGTTTAATGCCCCCTTG	0.0347839346618594
ACAAATAAAGCGACCCTCGGTAATTCGATAACCGGA	1.02747910745226
GATACACAGTGATTAGTGCGCTGCGCGGCGAGCGCC	1.08066860371606
ACGTCCACAGTAAGTAGTGAAATGCAGTTCTTAGTC	0.00170637881330556
TTCCTTCAGCATTTTTGTGGGGCCTGGTCATTAGGG	0.163413627552206
CAGTGACGTGGGTTCCGTCAATTATTAACTTTTTCG	0.663332988845893
ATCGTTGATCGTCGCAATGTATTATTTGCCTCTACG	0.0906637419707486
GTGACCAGAACTCAGATTACGGGATTGATACCCATT	0.0552052855126938
ATTTGGTTGGCGTATTAGGAACAGCAAAATGCCGGT	0.0201413482042595
GCACAATTGCTTTCGACGATAACACATAATTCTACC	0.19778022088165
GTTATTATATCCAGCTACCTGACGAGAGCAGGCGTC	0.063193813732161
GTCACTCAGATTTATTATTCGAGGAGGTAAAAACTC	0.0548618505475786
GCCTACATGACGGATTTGGGTAGATTAGCGGAAGCA	0.429675395230098
CTATTATGGGCCGTGATCCCCTTGATTAGGAACTTA	0.159358287016915
GGTTTATTTAAATGCGACAGGCAGCAAGACCTTTAA	0.0534266843003961
ATAAGGGCATCGACTAACAACCTAACTCAGCCGTTG	0.107047491373948
CTTCCCACTTATCGCGATCTCATGCATTAGCTACCT	0.52927038806166
CTCTTCATATAAGGGTGATGGCATCGTTACGCCCTT	0.0942738353787577
TTTATGGGCTTTGGATAACACACTTAGTTCCCATAT	0.0175620936226212
CACGGGAGTGGTAGACTGTATATCGAATATGATCTC	0.0566503932025482
GCAAGATTGATGGTATTACACATACTATATGAGTCC	0.338863804562997
CTCGTAACGACCTCCAAAGCGCCGGGATATCCTTAC	0.042554537298208
GTGAATTGACATGGAATCCGATAATCCTAGTACCGG	0.19212169229594
AAGTGGTAATTGCTTTAAGTCCTTACGGGGCCGGTT	1.61608214194213
CGCAAAAGATAAGGGGTACCAAACTACGGGTAATCC	0.0771277492283386
TGCACCGGGCCCCACCGGGGTTGATTGATTATCTCC	0.0942509331895656
ATCGGTTAAAGTAACTATATTGGGCTTATCGGACCA	0.271238569327207
GCTCCCAAACACTCACATTCGTTCCTCCAAATCTAC	0.00702798910141595
AGGCCAATTAATGACTTTCATGTTACGACTGACCCC	3.73471855497044
GAATCACGCCCTCATCACATGTAGCCAGGCATGTGT	0.155092608663913
GTAGTGAGTACAGGGTCAGTACTCCACCCTCCCTTC	0.00549049541642538
TCCCATCGACTAGGTTATTCACAATATTACAGCTTC	0.0101939095838487
GATAGAAATCGAGCTTTGTATGACTAAGGTCCCTGG	0.0767200827594281
TGCCACAATTATACTTGTGTTATCCCACTAGCGGTA	0.724986810253793
AGCCGTCATTCGAATCCAATTATATTCATGAGGTGC	1.97134011821358
GAAATGAGATTTACGGAGCCTTTTATTTGGGTACCG	0.0940041537572965
ACCCAAATGCGTAACGATCCTCATCACCCACTTCGA	0.314226470700726
GTCGTGTCGCAAACAAATCAGATATAGTACACATGC	0.027062339359978
GCATTGGTCCTAATAATTGGACATAGGCCCGATACG	1.50977105974237
GGTGACGCACCCTTCAGCTTAATTTCCGTGTACAAC	0.149302249198402
TATAATTCTTCGAGTAACTACGGGCTTAATTACGCT	1.18641278719793
GGCGTAATTCGACTTGAAGCGCATCAAGCTGCGCAT	0.7520729349489
GCGACGCGGCGAATTAGTCGGCTCACCTAACTTAAT	0.839406522195042
GATTAATTCCAGTGTAAGCCCGTCTCTGGTCACTTG	0.197087115369734
ATACTCACCAGGTCTATAAATGCACTTTGGTTATGT	0.058626970257842
GCTCTCATGACTCTAATGTTCTTACTATAACATCAG	0.0809967546631483
TGGGTTATTGATCGCGAATAAGTTAGCGTACGTGGG	0.0706093677462898
GACAATAAACTCCATCAATATATCCCCCGGATTTAT	0.105410386023644
ATTTTAAAGATGATTAACTCTGAATGCCGTGCATCG	0.367556182643385
CACTATTTACCTCAGTGTATTCGCTAGTGGACTAGT	0.131671034947105
AACGTTTGAATTATGATCTTTTAACTTTCGCGCACC	0.147012981519588
CGCATTTTAGTATTCAGCTGAGTGGCCTCATGCGAC	0.0226742105914003
GAATGCTGACGTGTTGTACAGTCGCACGTAAGATGG	0.0383685497326026
ATGTGTTACTGTATTTCACCACAACTGAGTGCCTGT	0.12760454361206
CAAAGCCGTGATCATTCATAATAACGCAGGCTGATT	0.0389620508518309
GCGACATGTGATTCCGGCCAATGCACCGATCCTGGA	0.0123762780660245
GAAAGGAAGATCCATTCCAATGCGGCAAATTTACCG	0.00341042051847235
ACTGGTAGATGAACTTAATTGGAAAGCGGTGAGGTT	1.56768565265892
ACCGAATAGTGTTATTATTATTCATCCCAGGAATCT	0.197777813931486
GTCTCCCACGTCTTACGATATGATTTGGCGGGTCCC	0.0162591737359404
GAGGATCTCTATATTAACTTCAAGTCTGAACAGCCG	0.236918066794345
ATACGGCCAATCTACGTTCTCGCCGAGCAGTCGTGT	0.110462448489454
GAGGGTAATCTTTTGGCAGATGGCGTTGAAACGCTC	0.02678214027452
GTGTATCGTTGGACATGATAGATCAAGCGTAGAACT	0.0676040050769402
CAACTAATCTCCCATGACCCACATAAAGTTTTTGGC	0.461542085474488
GTACCCACCAATACTGTTTTTTGCCCTAAGTAGCAT	0.224822364976825
TCGGGGTTTGATTTACAATACTTAAGTAAGGTTGAC	0.118628999381771
ATACCTGATCTATAGGAGCGACCCCCAGGTGATTGC	0.0405358119468191
GAATAAATAAATGTGGCTCGCAGTACGATGACATAG	0.270126037096279
GTATAATCATAGATCCACTCATTCCTTCCGGGAAAG	0.430551442864529
GCATTGAATGTTAGGTCGTACCCGACTTCTGCGGCC	0.0838673421770711
GGTAGTACGTTAACATAAGTCTTGCTAACGTTGGCG	0.114200434208951
GATATCTTAATCTACGTGTCTCACCAGTTAGATGTC	1.08406109409995
AGATTAGTTTGATAATCTAGTAAGCGCAAAGACTCT	0.308725888977999
GATCCGACTGTATGTTAAAACCGTTAAATGCGTACT	0.0544178026017304
AAAGAATCTAATCAGCGCCGCGACCGGAACCCAATG	0.592863548259664
ACAACTTGGACATTAGCGACGCAACCCTCTTCAGAC	0.0595783969722914
GGCTGTGCACTAATACGGCGCGTGCGAGCGTTAACC	0.306476052927215
GTTTCCATCTTCGGATCGCGCACACTTTCATGCATG	0.0212173966346926
GACGTGCCATGCTAATCGCTATAATCTAATGGGCCA	0.898059183828373
CACCGACGATATCTGATCGATATGATCACCAAGTTC	0.0604972248191743
ATTTATCGGGGTCTCACCTATTTTTCATAATTTTAA	0.0102750964923295
CGTTCTGCCCGTTGATCACATGCCGCTTATAAAACT	0.0121488338515423
GACCGTGATAGATATAGAAGTCAGAGGGGTTGAGGC	0.0334327206048165
TTTTAATGATAGTTCGCTGTAGTATGAATTAGGTCG	0.182035258653101
ACACTTCTTCGTAACGCGCTATCTTGTTAGGGGAAG	0.162617085738296
TGGGTCTATAACCATTATATGAACCGTGCATGGGCA	0.0580335038644975
ATGAAGTGTCATCAGTGTAACCGGGTACGTTGCAGT	0.105726184788353
GTTAGATTTGCTGAGCCGCGTATCATTGGTTGTGAA	0.201997480311161
CAACGCATTGCGCGTCTAATGCCGCTGCATGTTGCT	0.0988799434271292
CACTGCACCCTGCACTCGGCACTAATCACCTCGCCG	0.885519765456225
ATCATCAGACAATCACTCGCTCATGCGATGGGCGCT	0.124150737002073
AACATCTATCGTATCATTCTGGAAGGAGTCAGACGA	0.0611716338133715
GAATAATGTAGAAGATCCTTAGCACCCCTGTCGGCC	0.263669194984198
AAAACGGTGCGAGCGCATTATGTCGCAGTTCTAACA	0.023930378639951
CCGAGACACTTTTATTGTCCCTGGAGATCAAGTGCG	0.0780453688216299
CCGCGATCTGAACCAGCTGATGATCATTGAATATCG	0.0325044638857446
GGTGCATACAGACAATCGGAGTTTAATCACGCAAAG	0.144886718986932
TGATTATGGCGACTCAGATAAGCGGCCAGCTGATTG	0.144373810812125
GCAACTTTAACGTAGTATTAAACGTAGGAACTTTAT	0.00402089140638486
CGGTCTATTAACTATAACGGCAACGTACCGCCAATG	1.09691656941195
ATGGCATTTAGTTGTATACCATGCCCCATCGAAAAG	0.165477255833945
ACTTTTCGGACGACTTCGCGTGGGTGATTTAAGCAG	0.0239336035318037
GACATAGATCGTTCAGCCACGGCCTTTCTTACTGTG	0.0942790629262249
GGTGTACTTAACCCGTCTAATAACGTAAACTCCCTC	0.618395344092905
ACGTTAATTGAGTGGTGCATTCCGTGAAAATGCGGT	3.14033263012791
TGCACTAGATGTACTCGATGAGATAATCCGCCAGGG	0.168551668463872
TGCAATTCCCGACGCCACAAGTAAGTGCTAATGCGT	0.130493439668532
CGTCATTCTTATATCTATGGCATCATCGCGGATTAG	0.150872159951554
GTTGACGGTACTATTATGAGTTGTCCCCGCAAGTCG	0.123440557011366
GAGCCGTTTCTAACTGGCCCAACCGATTTTGGGTAC	0.0386717592672755
GTCTAGTTGATACATTTGGTATCTTTCTTCTAGGCC	0.148110110477547
CATGAATTATCTCTGCCCCAAGTTATATGTTGCCTT	0.49451158552707
CTTGGGTTATTTGCTCAGTATGTAGGCTAATTGATA	1.8535180917683
CAGAAACCCTAAATCAGTATTTGGTATACCCGGTGT	0.0293972663881846
CGGTTTTATTGAGTTGAAGTAGAAATGTACCGAAGA	0.112538790664344
GCGTCCTAAGTGACTGCGCCCAAGTTACTACGCGAC	0.25801947298875
GTGTGAATCCCGTTGTTCGACATGTTCAATGCCTCG	0.0213756036157855
TCAACGATAGCTAATGTAACTTTCCTGCTAGTAGGG	0.126820840940555
ATTCTACGAACAAACACCGATAACTGCAATTGACCA	0.0179845649387201
GTCAATACACCAATTGGCTATGGCTAATTGGATACG	2.68755892401787
CCTTGCATTCACATATTAAATTGGGTCAAAACACAT	0.545556144409488
TAAGCGAGCTAATTCCTTTCTCTCCGAAACGTCAGG	0.0625701946191103
GACAGCTCTAATCGTGTGTGTTGGTCCCTGGTAATG	0.506894948737525
TACAATTGATTATACTTTCACACTGCCGGCCTATTC	0.448639054818473
ACGGGATCACGTAAATTAGAGACGTCCCCCCATCAA	0.455809484572686
GCAGCCATGTCCTTTACGACTAATTCCTGCTCGGCG	0.266011532837855
GAGATATATTTTTGTGTAATGGGCTCGACCTTTACG	0.439414144208298
AAACAATAACCAAAAGGGCACAATATTTACTTATTG	0.126721880113252
CTACATTAATGACAGGAGAGCTAAACGACTGACTGG	0.830462535490923
GATAACATCACTCTTGGGTACGGCCCCCATCCACAT	0.0569298986033779
CATACACATTCGAATTGTTGCAGATAATCAGAAAGA	0.153506482182976
TTCATGATCCCTCTCCACACCTTTAGGTAATGAGCC	0.275207492852552
CTGTTTCTCTAATACATTCAGACATTAAGACGGGAA	0.20627804489162
GTGAGGAACACTTCGAGTTTTCCTAATCGGAAGGCA	0.0519075491231882
AGCGTAATGAACCGTAGTATAGAAGTAGAGCTGCTT	0.838571070295279
AGGTGTCATATTCCTGGGGATCTGATGCCAAAGCGT	0.136474909487784
ATCGAACAACTAACACGACTATCGTAAGGCGTCATA	0.0597405309694228
GCCACATCTGTGCATGTCAGCATTCTCATGCTACGT	0.0518654798035399
CAGGACACACCACTTAGCACTCTCGTGTACGTTACC	0.267009445184379
ATCCTCCCCTGATATGAGTTCATTATATCATGCGGA	0.197055944593227
ACATTACATACTTCCCTTGATGTGGCGAAAATTGTC	0.178148266102892
TGACGCGCCAAATTAAATGGCAAGTCCCTACTTGGG	0.972844337993743
TGACCTGCCAGTTACCTCTAATCAGGTAAAGGGCCT	0.929511925111954
GCTCGTACTTCAGGATGTTCCTACGCTATAATTATT	0.46656053565593
CGGGCATAATGTGGCTTCGTTCAAGAATTTGCGAGC	0.0781994780956936
ACCGATATCACCACCAGCCTCGTATTGAGAATTACT	0.0425288494788477
GGATACTATCGTATTTAAACGTAACTTACTGATCTC	0.247266762055845
CTCGTTATATGGGCGTAACTACCAGCAGTGCTCGCT	0.0946127373838304
CCGGGGTCTATCCGGGAATCACAAATTACTATGGTA	0.0383890169297981
AGATGGGTGATATTTGCCAGCGAACGCCAATTGCCC	0.0165935743384906
CTTGTTCTTAATCGAATTGCGGCGCGGCAATGTAAA	0.904731007795552
CAAGAGCGGTTAGATTAACTCCCTTGACAGTCATCT	0.278359492856568
ACAATGTTGCCGTTAATCTTTAAGCTTTCAGACACG	0.00772066303767823
CATTTAACTCGTCAGGTAAGATTGAGCGTCCGTGAT	0.0332815417166411
GCTCAGGTTACCAAATTCGTTTCGGACCGCTAACTA	0.292379588494866
GCGGCATCATCTTAATGTTGGTTCGTAATAGACCAA	0.258108275996752
AGACAGTAATAGCCTACTGAAGAACTCGAGTCAGAC	0.114100255577933
GATATGCTATGGCGCTACCCTCATAGGAGCAGGGTT	0.121578920484883
GTATATCGTTCGGAGCATATTATTATCGTAATCCGG	0.555991186704434
GTGATGTACACTAACAGTGCAGCAGCCGGTTGTCGA	0.070777434153983
GCCTATTCCTTTGATCATAGCAATTCCTTACAGTCA	0.0154390680172736
GAACCGAGTATGGGTTAACCCCCTAAGCAGATAATT	0.234016203625999
GCGTGCTCATTTGACGCAATAACCGGCCCTTATCTT	0.0719874992254282
GGAATCGAACAGTGCTACACAGAATGCATGATTGCG	0.160123501092352
CTCGTGCTTCTAAATGACCGCAGAGCACTACGCTAC	0.0836567721584736
TCACTATCCTAAAACGGTATTCCATATTATTGAGCG	0.135422343564776
TCAGTCGTTAAGGGAGGATTAGGGGTTCAGAAGGCA	0.211096671939569
CATCCTGGGAGATTAAACAGTTCGATGCAGACTCCA	0.00334024203620537
ACGTACCATCTCAATGACAGTTGATTGTTATTCGTG	0.288489008936593
GCTACCTCTACACATAGTTAATTGCTACAACGGTCT	1.88199703813385
GTGATTCTTAGAATATATTAGTCTTATAATACCGTA	0.257758121982188
GGCATTAACCCAACCATCGATCGGATAGACGTAGGT	0.167308582550446
GCCCAAGTTGGATAACTACACAAATTATATATATCC	0.587309232204136
AGTTAATATTTTTGCCATCCGTGCAACGTTCCAAAT	0.136394635523807
CCAGTAGGTTCGGTGGCATCACTTACTCGAACCCAA	0.0401749765610135
AGCCAAACGATTCCCTACACCTAATTTCTATCGTTA	0.423257881102799
ATATGGTTCTCTGCAGTTGTTGTGGGACAATTGTGC	0.105469340417529
GACTCCACCCAAAACACTTAATGGAACCGCTACGGG	0.335490168180224
GGATATTATATTAAGTAGAATCGTTAGAGATTGTCA	0.850426301933948
CAGGGATTATAACGATATACCAGGCGTTCCACGACC	0.00813861124805448
CTTAATATGTACCGGCGATGTCCCCAAGTTTGCGAA	0.0126058779049757
CGCTCCTTGACAGGTGCGGAAATATAATTACTAGGT	0.452971430846951
TTTTTTATAAACCTAACGATCTGCACGGAACTTCGC	0.100917988652752
GGAGACGCTGGTCTACAATTGAGCGCTATATCGGGA	0.0971661164060079
ATGTCGTGCCTTTTTATGATCTCAATCTTGTCCACT	0.0849476527601018
TGTCTCCCCACATAATTGGCATAGCCGTCAGTATAA	1.54787453512437
CCATTCCTAACCGTTTACTCGGTTAGATACCACGCT	0.0205424289731511
CAGGTAAACTTATAATTGTAGGATCTAATGAAAATT	0.385479578467264
ATAATAAGCTGTATCTAGGGTATGCTGTCTCGTATG	0.13633417934637
TATGGGCCGCCTAATCATTCCACGAAGTCGGTCCCT	0.314650997399611
AGTTGATATGGGATTGTTGATTGAAGCGTACTAACA	0.243153572045022
TCCGTTGTGTCAATAATATTACCCCTGTTATAGGTG	0.193092165780269
TAGGTCCCGGCTAATGGGTCGAATCAAGTGCTAGCT	0.535994444539812
CCTAGTCCCTTGTGATCATTAGCGTGATCGTTATAG	0.796410318034797
TGGCTGAAATGGGAATTCTGTGGTAATGGAGTTGTT	0.00853949172338735
GCCTAAGAACATAATAGGTCGTTGTTTGTCGCGTCG	0.27616248904364
GATTTTAATTCGATTCAAACAACTTATCTAGGATGC	1.16830133578072
GAACACTTGTCTCATCCCGGCAGCCTCGATCCTGAG	0.0768300570083676
ATTCGGAACTGATCTAAATGATGCGCAATCAGGTTA	0.203635317309643
TGAGTAGCGGTTTCCATTAAGTAAGCGGTGGTGTCA	0.191707726853475
AGGAAAGGACATTAGTCTGTTACCCGGGCCTGATCC	0.135835056866672
CATCGTTCCCCCAATTTGAGGTATTCCCACTTGGTG	0.243360784097242
TCTTCACATCTCACCTTTAATTAGAACTCGCGGAAG	1.36638439793276
CCTTGTTAAAGCCTAAGTGGCCACGGATATGGACAG	0.485684587066735
TTCTTAATGGTTTTTTCGAGTTATGGTACCGGTAGT	0.0984599353642446
CGAGGGTAGAATCGGCGATTAATGCGGCACGCCACC	0.179064750167281
GGGGCCATAATTAATACACTGAAGCACATACAGGGG	2.30136716941038
GCAACCGATAACATACGATAACAGCGCGATTTAATG	0.22928647194026
GGAACACCGGTTATCGCGTATCAGCAAAGGAGAGCA	0.0364455094479527
GAGTACGTACGCTCGCGCACTTTTAATCACCACCGC	0.100870003183285
CTTATACCGATGGCCCAATCAGTTAGAGCTCGGAAA	0.0130230979446428
GGACATATAGCACTCAGACTCGTTTGCCCATCCTTG	0.0713625679727878
GATAAATGGCTTACATTCCCGGGGTCTTGAAACGGA	0.181859510427995
CTGTATAATGATGTCAAGGATGTAGAAAGGAGGGCC	0.255925034456729
CGGCAACGCGAACAACTTCACTCATTAGTTATTCCA	0.317645332596895
GACATGTCTTGTACGAACCATTTGGTCGGACAGACC	0.0622034318290334
GGAATGTTACATCCGTTTCTTGCTCTGTTACGGAAT	0.153307319424056
GGGGCTAATACTTTTCTTATCGATCTATTCCTTGAG	0.16636538466614
CAAGCGTAACACCGATGTGATTACTTCCGTGGTAGT	0.108269368740854
GACGCAATACTTACACGTTGATGGGCCGAAATGAGT	0.201029443140778
CTCTCGACACAAATAGTAACAGCCAGTTGATAATTT	0.12809312702051
AATTAGGCATGATTCTGAGTGCCCCACATGACCGGG	0.0143736156610732
TTACAGTAATCTGGCTGAAAGAAATCTACTAAATGC	0.0858032154773186
GATTAATAGCCAGCTCCTAGAAAGAAGTCGTGCTGC	0.145152270657638
GTACCTCTTATTCTCGTGCGCCGAGCGGCTGTCGCT	0.0523928141617116
AAACCAGACATGCGTAAGAATGAATGTATGTCACTC	0.00648955562320723
CAAAGCTCAATTTGGTCCAACTTTTTCTCCCTCGGC	0.455406791554692
ATAGCAAACTGTCGCGTGGATAGTTACGGGATGAGC	0.0446929884438983
CACATACGCCCTTAACGTATAATGGCTGGCCTCAAC	0.197064199675506
GAACACTGGATAGTGAATGGGATAACAGGCTACCCC	0.322339303229291
GGGTCGCCGATGGCCAGGCGCGATAATAAGATTGAT	0.0711796336875035
GAATATAATGTCTCATACATGCGCACCCCGAGGAGT	0.328769077179684
ACCTAGTATCGTAGTAGTTGTGCGCTAAAGTGGCCT	0.109701980271957
GTCAATGGTGAGAGTGCAAGCAATAACGAGCGAACG	0.0559174090971273
CGACTACTTAAGAGAGCGAAGCGTATCCCGCATCGT	0.0834198988491636
TTTCCGACGGTCGTCATTTAATGGTATAATCTGCTG	0.229243496707279
TAATGCTATTACTCCCACACGCTGCCTGTACCTGGT	0.00452119806070833
TACGATCAGAGCGCCCATTACCCGACTAAGTTCGTC	0.107146615413546
AAACTTAAGGATACAATCACATGCAATCACTTAAGG	0.133501186556302
GTCAGGATAATTCAGTGTACCATGGCTAGCTCTTCA	0.548289199199076
ATTCATCGTCATTAATAGGGGAACTTGATCAATCCT	0.944532070172586
GGCTTATATGGGTCATCTTCCCTTGGACATACTAAT	0.0869876227717967
TGATAAATCTGCGAAATGATTAGTTGGCGAACGGAA	0.259022382697141
GAAGAGTTGGCGCCGCATTACGTACGGCCGGTGGTT	0.19522963296946
AGACCATTGGATAGCACTGATTCAATTTCTCCCCCC	0.074621246570504
AGAACTTTCCCGTCAGACAGCCTAATGGAGTCCAAG	0.112002488102332
GTTTCCAAGGACCGCGTTATTATGTTTAGGGGCGTT	0.0183827389963491
GGGACTTTCTATATTCTCTGTCTCTTGTTACAGGTC	0.00310950812770552
GGTACTACATATGGGTGAAGTTATGTGGACTGCGCC	0.193341342803235
CACTTCGGGTGAATGCCTTTAATTCAGGGGCCCGAT	0.0493594061574041
CGAGTGATTTGGGGCCTCATCTGAGAGTGAACTCAG	0.0207779663190164
GGAATACCAACCGATAGGTACTGCTATATATATATT	0.10580258425073
CACGAATACCGACACTCTATAATCAGATCTCTTATT	0.437528685683823
AGGTCCCAATTGAAACAAGTGGTCACTTATTGGGGC	0.386914962285442
GAATTATTAATAAAGCCTTTACTATTCCTTATCGTT	1.04147903981608
AACGCTACAGTATTTGAATACTCAGGATAGGTCGCC	0.0191634989942964
CCCATAGGATGCACGCCCTACAGGGTAATGACCGAA	0.163790769550809
GCGCCGACTACCCATTTAACGCTGCAACGAGGTCAC	0.0955925836425788
GCGTGTCGAGCTTAGATTGCTAACGAGTTTCGATGC	0.351036466336359
ACCCAATTCGGTCGGGCTTACTGCCGTATGAGTTGA	0.0106934800201264
TGCGGTATGCTCATCAACGGGAAATCAAGCGGTGAC	0.0145768197895468
CGAGTATTGATGCACATTCCAGGCACACGCGACATA	0.117807705921595
TAGCTTCGATTAAGAACACGCGTTTGGGAAGTAACA	0.591897425399999
ACAGTCACTGCACGTTGGCGCTGTGTTTAATTCTCA	0.0326679253958226
GTCGCACCATACAGCTACTTTTATCAGAGAGTCACT	0.0699803398435292
CTTGTAACTGATGCTCGTTCCAACTACAGTTAATCA	0.475718324327367
ATCCAGTATTGTAGAGATTGAACCTTTGTATACCTG	0.0166648388923575
TTGGACGTAAATGATCGATCGCTCGTGTAGATTTAG	0.192457737690081
GGTACTCATAGACCATAGAGCCGCTGCTAACGATCC	0.303919652125503
GGTGTGAGCCTGTTAAATGACTAACCCTATCATCGG	0.345717905755984
TGAGCTATTATTCAGTTTTTGTATTACAGGTAGGTC	0.0961818945582951
GAAGTCCAAATCGAATACTATTATTGACATTGCCTC	0.60033659813289
AACACGCATTGCCATGTAAGTGATTGACGTGGCCTC	0.196366810970708
ATCGTTGAGGGTAAATTTAGCATATTAAGCGTCTGA	0.455903095996157
GCATAGTTATTACCTCTTAAGAGTCTACGATTTCGC	0.330235788051434
CTCGAACTGTTCTGGATTGTGGGTGTAATTATGCCA	0.581281023882032
CATTGCAAGCATCAAGTTATGCTGATAAATCGATAT	0.0134612204383803
AATCATATAATGTGGACCTCGTGAAATGGGGTAAAC	0.10151280706325
GGGGCGATGTCTGGTCATGTGGTTGCGTTCCGTAAT	0.0587269625444624
GCTCGATTTCACCCATTTACTATATCTACATATGAC	0.275151349590504
GGTAATTTTCCACACTCTACCATTTACGCATCGATT	0.338122691901233
GGCTGTATCTCAAAACTCCTAATGATGCCGGGGTGA	0.397263079783797
GCGGCTAATATGTTCGCGCTGAGGCTATGGATCCTT	0.444011954039651
CCAATCATCAATTCTTGACAGTAGCTACTTTGGCTT	0.0633143716228064
GGACAGTTTGGAATCATCTCACATGGAACACGGAGC	0.072135249083245
CGCTAATGATCGTATAACTAGGGCGAGGGCCAGTCA	1.28421620285906
ACTCCATATGTGCCAATCCGTGCTGCGAGGTGACAG	0.0428422875073911
ACGTACGCCGCGTTAATTAGTGCTGTGAAACCCACT	2.48550364177551
GTATCGCGGTAAACGATGATATCCGTGCGGATAGAA	0.122982202672334
GACGTTACGAAATGGCTTTACGCGCTGGTAGGAACT	0.0209533197262168
TAAGACCGCCTCATTATAACTAGCTATGCGACCCAG	0.855103016433042
ACTGAGAACCATAATCTGGTCTCTCTCTAAGTAGAT	0.256848727690451
CCAGCACTTCAGGCAGTGTAATCAAGTTAATAGATT	0.547577874835846
TGCACTTACCTAAGCGTTGTGTCGTATCCAGTAGAG	0.0137426694551361
AAGGGGAAATAATAGCCGTCTTGCCTATGACAGTCT	0.132441354803569
AAGTAATATACCTTGGGGAGCTAATCACTCATGATG	1.03844831926557
GTAGTAGCTCTATGCCTTACTCGCCGGTTTTTGCGT	0.041434680442191
GTCTAAACGCCCGCATGTCACCTATCGTTTTCCCTA	0.0332266192272761
TACAAGCCGCTAAGGAATAGGGTGCGCTAATTGTAG	0.633437034730671
CCATAATAGGAATGCCTCTGGTTGCAGCGAGATCGG	0.461864938242468
CTTAGGGCTGGGACGGTGATTACTAAATCCGCAGGT	0.105064285061637
AACCGTGTCGAGTAATTGTGGCACTTAGACATATTT	0.536219358239761
TAACTCGATAGCGTGAAGACGGCGTTAATCCGTAGC	0.0172290647140743
CAGGTCGAGCAACCAATTACCCAAAACCTCCTCTCG	1.80917729269322
GCCACTGAGTCTGGATTATAAGTCGGAATCATAACA	0.00983269073947432
TCCGTGAGGAATGAGAATCCTAATCGATTCTTAAGC	0.778325540974858
AAGATACGGTTGGGGTTAACAAGGCTTCTAAGTAGC	0.158383576875213
AGTTCGTCCAGGCACTATAATCGTATTATGGAACGC	0.62720479635028
ACAAAGTTTATATTGGCCAAATAACAACGCTCTTAC	0.198139335654631
ATAATCCTGCATATGTTCGGTAGATGACTCCTCTAG	0.0270152577756187
GTCTATGCCGTCATCAGAGATACAACGGATTCCATA	0.00224930908170647
GGGGATTAACAGGCATTTATTGTTACTACGTCTGGG	0.369802584029362
GCGTACGCTTAATGCAGATATATGTGGGTAACACGC	0.156849607638392
GGTGCCAATTCACGCATTGTGTATCACGTCCACAGT	0.0895462947126371
GCGTGTGGTTGACTTATTATACACAAGCCACAAGAG	0.248022043321882
GTGTAATCCGACACAAAGGACTCCTGCTTAGGTCGG	0.0581263697586496
GTAACCGAGAATATTAGTGACGGGGCCCATTATACG	0.380709828783416
GAACATTCAGTGGCGGGACCTTGACTTCCTCTGACC	0.0336499517003377
GCAAGTTCCAACGCGTAAATGTTGCATAAGTAGCTC	0.00161596063788959
TTCTCCATACCGGTACTTAGTTCATGCTGATCTATA	0.0476713725653123
GCACTCCACGCCATTCAGGGACTTGAATCTAATTTC	0.00684159745524203
TACTCATTCGTAGCGTATACGAGTAATGGGTGCGGG	0.0526309029201774
GTCACTTTACATAATATGGAGTCCGTCGATCGCACC	0.296146983550066
CACCTTATTTAATTCGGAAGCGAAAAGGAGCTCGCG	0.379350677005285
GAACTGACGTGATCAACCAACTCGAACGGGGCTACC	0.0149644167167916
GTACAACGAGTAAGGTTTGTCTGCGCCAATAAATAG	0.143799396939929
GTATCCCTGATAAGTCTTAGATCTGGTGCACAACAG	0.075081098408782
TGACTGTAACATTACTAGTGCTTATGTATTGTTGCG	0.186438187985722
CATACGCCCGGCGCGATGATTATTAGACCCTCCCCC	0.109807291499132
CCATTTCTGCGTGACGGTAAGTACTACGGCCGTTTT	0.0544005636287631
GGTAACTGGCACCCCCATGTCTCACATGTGGTTAGC	0.0851796724261808
AAGGGGCCACTGGAATTAGTAGTATCGGATGAGCAT	0.173027875239771
GGTACACATCCCAGCTGCACCTGTTAAGCTCGGCCG	0.159991578312418
AACCCGCCTTATCGCTCAGCGTAACGCTAATCGAAA	0.40729458525695
TGTCGTCGCCATCCGGCCACTTAACTCCTTCAACTT	0.145461848079145
ACGTCTAAATCGGAACCTGAATTTCGCGGGGATGTG	0.00958035123826716
CGGGGCCCTTATTAAACGACTTGTCCTTCCTCCCAT	0.787469453791002
GGCCTGTTACTTGCTGTTCTAGTTCATGACAGAATT	0.136488404373076
ATTGTATCAGGTTACGCCCCACATTGTTCTGGCATG	0.0822817637354915
GGTACGAATGACTAAATTCTGCTTCACGGTTCCTAC	0.109394703935765
AGCCTTATACGGCTCCCCGCCTAATTTAAATAAGAT	0.455282511849126
ACTATAAAGTAAATCGATCCTGTTAGAGCCAGGGTG	0.250011204896364
TCCCTCTAAATTTATCCGATCTCGTGATACTAAAAT	0.0187076125158078
CATAGGGGCATTGTATAGGTTCCAGATGAATTAAGC	0.280028682455304
CCGAAGATATTCCCCTGACGGTTTGGGAAAATTAGT	0.0596595538900616
AGATCGATTCATTTGCTCCCTAGAGTCGTGCTTTGA	0.113609389085862
TGACCTGAAGTTGATTATCGTTGTCGTCCTAGGGCC	0.303811439976676
AGCAATGTGGACACTAATATATACATGCCCTGCCAA	0.263073399308688
GACGACTTAATAATGCTGGACGCCTAGGGGCAACGT	0.496859804538373
ATATGCTAGCGCTTGTGCTGATTAGGTAGATAAAAA	0.600305033957828
GACTATACCATGTGGGCCCTAATCCCTACGATACAA	0.160140768670799
AATACTGTTAGGGAGCTTACAGTCGTATATATTGTC	0.00571829091921972
GATATCTCCATTAGATTCCTGCACCCCGTGCTGTAC	0.345041367031242
AATTGGATTATTACACGTGTTAACCGTGGGATAGAC	0.256442949567317
TATGTTGCCTTGCATTAGTGACTAAAGACTTTGAGA	0.167443617865727
CGTGTGTGATCCTCATAGTTGCCATCATACTTTGAT	0.00670029477010355
AGCAGATTGTTAAATAGAGTCAAGTTACAAGCCGCT	0.185467417846336
CCCATTATTGAATTTTTAAGTTAGCAATGTCGTGAC	0.429830560757704
AGGATATGTATATACTCTTAGTCTGCTGTCCCTACG	0.0641790244163575
TACGCACAGACAGATTCACTTATCGAAGCGGCTTGT	0.00621903185865734
ATAAATCACGGTACATTGGGCATGGTAATGGCACCC	0.128862077881081
GCGCTAATCAGCCAATTCATCGTGCGGGTTGGGTAC	1.34655985882639
AGTTTATTGTCGAGTATGGTCCGTACGCCCTGTACT	0.0895355547061071
CAGTAAGGCCAATTTCGTGGTCTCCCTAATGCCCCA	0.383939011133041
CCGTATGTGGTCTAATGACTATGTTGGCTCTATGAG	0.564564749339645
CGCCGCGAACTTAATGAAGTCGGGGCCGTTGGGTCT	0.314028842903934
GTAAATACCGTAAGTAATTTCCGATGCTTATCGAAT	0.479919863633865
CGGACTCAGTGTGTCTGCACATCGCGGCTGCGGTTG	0.00736669658219309
ATACTGTAATGCTGCAGCCCGGCGTGTCGTACTACC	0.169149926534618
ACACAGGTGCGATTTGGTCATACGCGAACCAAGTCG	0.0157747522255325
ACCTTGTATTACCAACTTGACGCACAAAATTCGCTG	0.324473882074205
TGTTAAGCAATTTGGTGACCTATCTTACAGGAGCTC	0.139502023425323
GTGGGCTCACATTGGAACCGTGACACACGTAATTGA	0.849544650121007
TGAATAGTCAAAATCAGTGGTTACCCGAGTTTGTGT	0.0260216157651407
TATGGTTGTCCTATTACTTACATTTTATCTTGGTAC	0.255613200848209
GGAAGAGATTACGGATAATGTCCCGCACTGACCCCG	0.540850408489565
AGTTCGACTCAATTGACTAGTGCACATCGTCCGGAC	0.316944371863242
AAATCACTTTGGGGTAAATCCCTGCGCATTTGCCAG	0.0346477681528891
AATGGTAATGCACATGGCATAATGATTACACATTAG	0.763332231041818
AACCATGACCACGTCTTTATCCTTAATGCTCGCCCG	0.0137684666507219
GATAATCATGGGCCCTACCTTGGAGGACTTCCCTCG	0.128580959045029
GATATTTCCGTGCTGTCTCTCGCCACTTATGCTACC	0.190162566419168
ATCCGGGTGTCTATGGTGTGCATGGCCTCACAATTA	0.0465437730137901
GAGATATGTCCTTCGATTAGCTTAGCTCGAGAAAAG	0.389999934119272
GTTCACAGATCAATGTCTGGGGATTCTCATAATATC	0.0555957523989485
TCATGCGACATTGTAGTTAATTTTCGGCAGGGCGCA	0.181108240792676
TGTAAGGCAGAGTCATTTAAATTGGAAGTCGAAACT	0.145148090775825
AATCTACGCGCTTCTATACTGTTCGTTAGTAGATAC	0.0957466536655288
CTCTGGTCGATTATGAGACGTGAGTACCTCCCGTCC	0.363914066398097
AGAATGTCCTGATAGTGTTGCGCAGCGACTACCGTC	0.0271253157221446
GGAACTAATTCGTCGTCTAGGTAAGCCAGCCGATGT	1.20030708964817
AACATCTCCTAACTGATCGCTTCCTAACATAACTGA	0.28626658076918
ATGCTGTATATTACCACGTTTGACGATCCTATTCCT	0.220194707528623
CCTCACCATCAATTAATGCTCCAAAAGTCTTTCAGT	1.34509538699805
TCCGCATATCAAATAAAGTCTGATTAGGACTCCTAG	0.461471773969819
CAGGTAATCCGGCGTAATTAAGTAGGTAGTCTCGAC	1.92018817334693
AGGTTGAAGGGCACTAATTTGGGTGACGACTACGTT	1.48346055050525
CTCTATTGAAGGCGTCAACAGATTAACACGGTTTGG	0.173507473792165
TATCAATTTACTTCTGTTCAGCCAAAATGGTACTCT	0.327664659580893
GTGTGGCTGGTCACGGCTGGATAATCAGCGGATAAT	0.390226221951008
GGCGAGTCCGACTAAGGCTAAATTAATTATTGGCAG	1.93171894957154
TCCAATCGTGAGCTCCACAGACTAGATTGCCGCACC	0.00370755370550642
AGTCAACGTTCCTCCGTTAACAAGAGAAACACGTTT	0.0787181655513342
GTTCTCATTTAAACACCCGGGCGTCTTCAGTGAACT	0.385967699564813
ACATCCTTACGAATAGTTGATCATACACCCACTTTC	0.221414555429607
CTTGGTACTAACCCTTGACCGGAATTACTGTCGCGC	0.0756607450335914
AGTCACTCCATTGATCTTCACATGGACTGTCTACCG	0.128835512948124
CCTGTCGAGGATCACATTAGCTAATCAGGACCCACG	1.25810332827858
ATGGACGGGCTAATTCAGAGGAAACGCCCCCGTCAT	0.661001510276578
GATACGCTCCTTTCGTACACTGAGAACGCGCGACCG	0.0516787443501855
ATCACAAAGTCATACCTTGCGCTGCGGTTAATGTGC	0.0143341064161611
CGAAAGTCCTAAAGCCGCGTTTGTTTTAATTTACGA	0.148363340414729
ATATCGGTCTTCAGTATTGGTGATGGACAGAAATTG	0.115340016008181
GGATTGTTAACCGATTTGAAAACCACCTTCCGCAGT	0.526650624966941
GATTTCTATTAGGTGTTGTGAGCGCCGCACCCACGC	0.31146583815665
TCGAGATGATTGGAGGGTCTTCGCGACGTCTTTGGC	0.00818371469745838
ATACGGCGGGACCGCAGGGTGCTTAACAAATTAGCA	0.11617580410994
ACGGCCCTAATTGGACTGCTAGCTGAGGACCAAGGT	2.74551449435679
CATCATCGTCCTGCATGCTGAATTAACTTGTGAGTC	0.356514644711686
CTCCCCCAACTGGTAATGGGCAATCTGTCTAAATTA	0.569070923633547
AGTGAAGTGATCCATGAAACTAAATTGTCGTTAGGG	0.00327953054507719
AGAGTGGGGATAAATCTCATCGTTAATGGTAACCGT	0.0665314980625354
ACACGATTAACGGGATACAGGAGCCGGATTCCGTGG	0.0898110967572884
CTACTAAATTTTATTTGCTGCTGGAGCAGTTGTTAA	0.0153326763391061
TCACTTTCGATCGGTAGACTACCGTGATTAATTGTA	0.13287563270104
AGAGCCTGCTACTAATTGTATTTATATTCGGGAACC	1.14808538431818
GGGCAGCTACGTTAGCAGTTAATGAGTCGTGCCAAC	0.869887054461343
GGGTTCAAGTAGTACCGTTAATAATTCGTGATCACC	0.49417939042635
AGGTCGGTAATTTCTACGCAGGTTGCAAAATTAAGT	0.288569176629274
TACACACCGAAGTACGACGCGCGCATTGTTAATAGA	0.0258867295255134
ATACAACTCATGTATAAGACAATTAAAATACTGAGC	0.41109591808486
CCATCCAATTCGTACGTAAAAATGTGCGTAAATGGC	0.0522268118735862
GTAGTTAGCGGAATTGACCGCCGTAGTGGCAACTTC	0.0105246952974438
GATAGTTTGGTACAGCTAGTAATAGTTGCGGTCTGT	0.236341000315643
CAGACGGCTAACAAGCCCGTCGTCACGCTCTCCGCA	0.202083525777011
GTCTAGAGTATCTCGTCATGAGTCTGGTGGCCTAAT	0.135788718965002
AATGTGATCTTGACGGTCCGCTTGATAATAAAGGGC	0.0612119707396436
GCAGGAAATGTTTAACTGTTGATCAATTGATTGATG	0.606853003615687
GAAGCACTATCTGTCTGCATCTCAGATATCTATTTG	0.118578802273838
CGGGTATGCCGCTTCCGGTCCATGCAATTATCTATT	0.324200838725238
ACGAGACCTAATCGTACTGCGGTCTGGCTCCATGCT	0.165835993400088
GAGTAGAGGACCATCACACTGGGAAATCGGTACTGT	0.0558492313490068
GAAGCGCGTCCTCTAAACCGCAAATTTGACGACTAG	0.108652496268121
GTTTTTGTGGTATTATGACACAGTTTAGACAGGATG	0.122069618600947
ATTTGTTTGGTTGATTGTGGCCGTTCACGTTGGGAC	0.118053092591393
CCGAGTGAGTTCAATTAATAGAGAGACAGAAACCTG	1.1647932431909
TACAGAGGAATGAATTAATTCATGTTCCTCCTATAC	0.804010229498938
CTAGACAGGTTCCATTTGCGGATAAAGCATTAGTGG	0.0177226497909198
GAAGCCGGAATTAACACGTCCCCTAATTTGCATGTA	1.75913426793654
GGATCACGCTTTGCATAGTACCTTTTGCCGGATGGT	0.0609229247200091
GCCCAACTAAAGACGCCATTAATTGATAGGGAATAT	1.76096102012936
CTAGATAATGGTGCTGTTTCGGCTGGAATGCAGATT	0.0120165618715999
GACGCCATAGATATTCGGTCTGTATTGGGGTCCCTA	0.0151511806219235
CGATGAGGGTCATCAATTACCATAACTAAGCCAGGG	1.70415944067962
TGTAATCGACTCGATGCTTAGTAGTGTTAGAATGGG	0.0816159552385119
GACAGTGACTATACTCTGCCATACGCGCTCCCGTAG	0.0250472311564553
GACAGCATTATGGACGGCAATTGGCATCATTCGCTG	0.28374244889236
AGGTTAGTTAACATCCCATAACTTGGCGCCAAATCT	0.238027585409992
AATCCTAGCCCCACCAATTAGTCATCTTTTAGATTC	1.32621072244918
GTAATCTAAGCGGATCCTTAATCAGAAGCTGCGCGA	0.520530242653527
TGGTGCCTGGGCGATATAATTGTGCCTGTTCATCCT	0.15223780650892
GTAAGAAACGGGACGGGGAACGACCTGTAATTGATC	0.61777329787741
GTGCAAATCAGTTTAAGGGGAAACTTACACAGTGGA	0.272877156382668
GACGCCACTTACCGACTCGCATTATGAATAGCTCCT	0.421699359568301
GTCTTATCAGCCCAACGTAATGACGCGGGTATTGTC	0.319075120140174
GTAACACTAGTATCGACTGGCTCGTTTTGATTTTTA	0.0141085437030084
ACATAACTTAGTACCTCGTGTGATCTCACACTGAGG	0.0504315330471929
GGTGAATGATCCACAATCGCATTAAAAAACCTCCAA	0.114732585503826
CTACGATAGATTGACACCACTTGCGTACCGCGATAG	0.10433277665212
ACTCAGGACAAATCCATTCATATTTTCGAGCGATAC	0.0368901065595304
TTCAGGAGTAATGATTGTCATGGCCCGATATCCAGT	0.233338160515649
GATCCTGGGGTATCTGCAACCCAGATGATTATAGAC	0.22115840202095
GTCCATTGATTAAGCTAGGGTAAACTCGGCTGGTAA	1.00241364683944
ATTGGGGATTGTGTTACCTTACACACCGGTCACTGC	0.113926172892761
GAGCCTTTTCCCCCTGAACTCATAACTGCTTCCTGT	0.0129031659851863
GAGTCGTCCAATGCGCACCGATCACAATCGGAAAAA	0.0322076171518673
CACACCCAGTCGTCTGTCGTGGTAGCTGCCACATTA	0.0765389644325472
CGTTACTGGCCGTAATTTTGGGTCTCTGAAAATGGC	0.0604604009798007
TCTGACTATTAATGGACAGCTATGAGAGTTCATATC	0.414288840485875
TGATAAGTGGGCATTTTGTCTGTGTTAAACGAAATG	0.24816000347441
CCGAGCGATGTAATAACGCCAATATAATGCGAGCCA	0.211597102022084
TCTCCATAATAAACCATAAACACGTACGTATTGGGA	0.187639144066782
GGAGTCCATTAATGTTAGCCCGACGTTGCGACCTGC	0.952522706853511
GAGTCGCCCTATTTGAGCTTTTACCCATCTTATACT	0.0781423305992633
GTTGGGTCCAATTGAGGACTTGTCTGTCTATAAAAT	0.112653647858325
CTTAATCTAAACAAATGACTTAGGCTCCGAGCATGC	0.0274438570177413
GGTAATTTACGTCAACGTCCTCCCCGCATCCTTCTC	0.40167029389612
GGCTGACGTTGACCTGTATTACATACGCTTGGTCAT	0.0878602788123081
TTCGTCTTCGCTAATTCCAGGACGTTCGCGCGCAGT	0.0972898709435567
CAGAAAGTAGAGCGATCACTTTAATTACCCACGGTG	1.01734592666947
GACATTTGGAGTCAGATCTAATAGCCTGGACCGGCA	0.081878155060739
ATTAAACGATAACGTCGTCGGGTTGCTCAGCACATA	0.0455922668619623
GAGTTATCTAGACTGTCTCGCGGTGACGTCGAGCTT	0.00648576771096564
GTACTGATTCTATGCGGTTCGGCCGTAATGCCACTT	0.152837237374603
GCTGAAGGTCATTATGTATGTAAAGCAGTACCATAC	0.36439260775039
GACGGTGCACTTGACTGTAATTAACTTCGTCAACGC	1.06832533026839
GGACGTGGACCCTGATTGAACCCAACGGTCCCATAG	0.176015429073295
TGTATAATAGGTAACCCGTAGTTCTTGATGGACCTT	0.150190941166947
ACGACAGGGTCCTATTAGGGCTTTCTTCCAAACCAC	0.205972473573401
AGTAATCACCCAGCTCCCCGAGTACCGATAGGCTGA	0.0146182383589873
CCTAGTTATGCCTATGTGGAGTCGGCAAGCGCGCCC	0.0608609412193176
ACTCGAAATGACTGATTCTTGTAACTCCGTTACATT	0.0580286196748485
AGGGAAGAGTGCAGAACTGCCGGTCCGTTGCCGCGC	0.102762465837573
ACAGCTGGATTACAGATCCTGAACCACCACATTGAC	0.111152682214242
AGAACGCATAATCCACCCCCAGGGATCGGCTATCAA	0.126685475358437
TTACTCATTCCGCTTCTGTAAACCATTATGACTCTC	0.0647352947175057
ACAGCGTATACTGACTCTCGGCCTTTTGTATAAGTG	0.0659780563172851
GGGGAGATGGCTTAATTTATACCGAGAATGAATTCG	0.97518765142425
GAACACGTGCCTGCTGACTCTACGCACGAAGCCGTA	0.0166531053649681
ATGCCGGCATGTGAATTAAATGTTGGCGCGCTGGCG	0.420329200048458
GCTTCGAGCCTAAGCATAGCATCAATTGCTGTATAC	0.011298975195244
AGTATACCCCGACTACTAATCAGCAGGCAAAACGCC	0.957927214256213
CGCGCCCGAAACGACTCGCTCTAATTGCATGATCTC	0.820577918036125
TACGCTGTCATTATGACGTCTAGGCCAGTGGTACCG	0.079067598285779
AATCAGAGTGGCTGTTGGGCCAGTAATTAGACAAGA	1.32030067211243
CGGGGTCAACATAACTTGCATATTAGTCGCGCTCTT	0.346708407030423
GTCGATCACTCTGGTTTATCTCTCGTTAGGAGTCGA	0.242448760339102
CGTATGATATGCGCTACTTCCGTTACGCGCAAGTTT	0.0463790289422235
CGGATATGATGTTTCGACGCTCCCATTGAGTATATG	0.12415490731607
GAAGGATGGTATGCGTTTATTTGCATAGACAACATC	0.164352929795576
TAGCAGGGGTAATCTGCCACAACATACTTGGTCGAG	0.0830048275149528
CACGCCTTAATCACCCTTAGTGCTGATCCGGCTACG	1.44255703575976
GGACCGAGATATTAATATTATACCCCCGCTTAAGGT	0.297548344090042
GTCTAATGCAATCCAAAGTCCTGCAGTGAATTACAG	0.310483528551022
AGGACTCCGTGACTCCCCAAAAGTAATTAGTACCAT	0.846386792525239
TGTGTGGTTTTCTGGGATTGACGAAGCGGGACAGCT	0.225540431487996
GCACATAAATTGGTTACAAGGCCGTACACACTGTAA	0.766968422214655
TGCTAATGCGTTTCTGGGCGACGGCTGGTAGGGTGA	0.122608625962645
GCACAAGTATCCAACGGGGATTTGAGTCCTCAGTGG	0.0186468515962579
GACCATTAATAGTAAGTATAGACGGCGAAGGGTTAG	0.188088207982268
CCACATACTCGTAATCATCATTAGTTTGGATTGTTC	0.853407222428473
GACTTGCCTACTACGCCAGAATTAGCTAGTTGGGTA	0.247154423693411
CGCTTTCAGGCGTGATCCTATTATCGCGCGGATTAC	0.189243687803824
TGCACCCTATCAAATTGAGAAAAGTGTCAACTCTGG	0.0450362503963349
GTCCTTTCTCAAATGTATGTAGTCGCATCCCTGTTG	0.0968609049721507
GGGACCCTAGCTAATTGTTTAAATCCACTGACGTTC	2.00434321535821
GAATTCACCTGATACGCCGGAGCCTTAGCGCAGAGT	0.0423654364212222
GACTACGTCGTCCCACGATCAATAACCGCAAACAAC	0.16381795699937
ACTAATCCCGCGCGATGGAGAAAAATTAACCTCTAG	0.063584462762431
GTCTACCTCTCATGGATCCTGGTTATCGACTAGTCC	0.244637890674223
AATAAGCCAAGTTTTCTCATGGAGTTCCTTAATTCG	0.55067069679652
ATCTAAATCAAGGTGTGCCCCCGAAACGATAGCATG	0.0312619031377556
GGTGCATTTCACGATCGTCCTCGGCTTCACAGGAAA	0.0710592880161916
CCCCATTAGAGACCGAATGCTATAGCTGAGGTAACG	0.15609694006174
GGTTACATCCCGGGTATACTACTAATGCTAGCGTAA	0.119072368100687
GATGTTATCCTGAGTTATCTTTCACCTTTCTTTCAC	0.216121119584782
ACAGTGAGGGTTTCATAATAGGCGCAGATGTGAACT	0.484937617680216
TCACACCGTGAAATAATTACCCGGCCGAGAGTGACG	1.61290190528917
GCTTGCCATCTAGTGCCACTAGCATTAGGGTTATTC	0.153328134071451
TAACTGCATTACACAGTCTCCCACAAGAGGCTATTG	0.162850954216393
TGCATATGTAATTCTGGTGCTGGGAGACGAAGGGTG	0.0469313800362093
GAGCGTTATTCGCACATCAGATGTCCGCAGTGAGCT	0.0135312103423635
TTTATTAATCACTCCCAGATTTCAGGATTATCACCG	0.455179663272686
GGGAAGTGCAGTCCAGAGCGAATCTGATTGAGTAAT	0.0360040023670471
GTAAAGAGACTACTTATTCTGCCAAATTTATAGGAG	0.0729637775714305
GCCCAGATAAATGCAGGGGACTCATTCCCAGGTAGC	0.00969860793026353
CTGATGCTCTCCTGCAGTATTAGGCCGTAGTTGACA	0.00796784936181194
GGTTGGCATAGATACGCGAATGTTTCCTGGGTAGAT	0.00613604901199885
GCAGCCCGTGGTTCACAATGCGCGCTAATGCTATTA	0.132896046415323
AGAAATATATTATCTCACTTATGGTTGCTAGTGGCG	0.150982802014074
GGCCATCAGTGGTACAATCAATTGAGCAGATGGTAG	0.197495101286624
TGCCGTTATTGATTCGCCGTCAGAGTATACGGGGTC	0.185074355947729
GTTAACACTGTACATGGACCAGAACAACTGATGCGT	0.0190051388664172
GAAATTGATCCACGCTCAGGGGATGGCACCTAGCAA	0.0320512068908027
CGCTCAATGCTCCCTAATCAAATTCTAGCGGAGGGA	0.417811845036711
GGAACTGGTCGTTGAACAGTATTTATTACTTAAGCC	0.0771745621751294
AAAGTGAGTGCATCCCGGTAATCTGTGTGCGCCTAG	0.0955574751099316
CGTCTTAATCTCTACCGCACATGGTGGCTGTCATTG	0.0470149324924392
CGATTATTAAAATTGCACATCCCCCCTTTCGGTAGG	0.211601753055941
GAAAGGGTCATGATATAATTTCATGGGATCGATAGT	0.201364422067093
GGGACGCAGATACGTCGCAGATTGGGTTGATCGGCT	0.0103835008387213
GCCAGAGTGAGCTATCGGGGCTGATAAGTTAATTGT	0.300374367007666
CGATCATATGCGATTTAAGATGCACCCTACGTTCCT	0.0521168712143244
CTCTGAATGTGCATTAGCGGTTATCAAGTGATCTCT	0.291307318974872
TTAGTCCTGTTTTACCATCGCGAGTACCACTAACTG	0.0154634298728285
GGGCATTATTTGAGTCGGACAAGAAGTTTATGCGTC	0.0344281645123613
TTCACGATCAAGGGTGTCTAATTGAAGTATTAAGAG	1.04828897796199
GACGATAGTTTACATAGGATACGTGCGACAGATCTG	0.088802763153181
CGCAAATATTAGCACACTTTGCGTTTTATGAATTCT	0.275594403452859
GGAACCCAATGACCCGCCACCCACCATTTGTGGCAT	0.140220736694547
CATGCAATTGAGACCTCCCAGGATCCTAAACACCCT	0.0315629360504756
ATTGATACAGATGTCCAGTCGAATCTACAGCGGCCG	0.013489164155202
CAAGGCTTGTTTGTCAGCAAATCAGCAATCAGTGAT	0.342993271764752
GCAAATGACCCCTCAGAGGTCCAACGTGGTCCGACC	0.0313681939402345
GGCACCACAACATCTCCCTTGGAAGCGGGATTCGGG	0.0132267293395147
GACGGTTTCCAGCGGCGATGCACCTTGTGTAATTAA	0.480035792026362
AGATGCTTACCAGATACGGCTAAGGAGGAGACCTAG	0.000859150302066903
GGTCGTGTGGAATTCATCGCCGCTATGGGCGTTCAG	0.00137756442562736
TTGAATGGTGCTTAATGTAAGAGATCACCCCCGTTT	0.198185772175985
ATGGCGCACGTATAATCTAGACCTTCCGAATGAAGA	0.0541628073902576
GAAAGATTGCGGAAGGTGTGTCCTAGCCGCTGCACC	0.0186332141863922
GTGCCTAGTAAGCTTGGTTAGTCCGGCTGGACAGCC	0.0576785016319968
TACTCTGGTATTACTACGGGTGTAGACCAGGCATGG	0.0216811404184142
ATTGGATTGAATAGCTTGAGTGTTACCGTCAACGGA	0.0715763451336399
TCATTCACATTGGCGTTCGGTCATTTTGCCGCGTGC	0.126715092372327
ACTTGCTGGGGAGCAATACAACGAGGGGACGTAGTT	0.0476272230132622
CTCTGGTTAGTCAAATATGTCAAGTCACCTCTGAAA	0.0838834559024774
GTAGTGACGGCTAATTTCATCTTCCGGGTATCGTAA	0.813348832656879
AGGATTGATGTAATGGATGACCAAATATCGCTATAG	0.293947580566571
AGCCACAAACGAATCTAGTATTATTTAGGAACAAGT	0.00371344327576812
TGGAGTCCACATTGATGAGGAGAGTACAGATTCGCC	0.00198919768322682
CATGTTGTGACCCGCGAGGCAATTTGTAGAATGTAC	0.038982181446291
GAATCAACAATGGATGAATGGTGAACGTAGGCTCTG	0.0833608131499493
GCGTAAATGGCATTGATGTGCTGATCTCCGGGCTAT	0.0943914736722479
ATACTGGCTAAGACTAATCCAATAGTAAGGGCGCCC	0.0277086604045702
CCAACAATGAGGTTCGTCTCTACCATCATGTTAGCG	0.0781710675974874
CGATCTGGACATCTAACAGGCTTAAATGAATCCCCT	0.134151542100784
TTTTGTTTATCATAAATGCAACCCCTTAATAAGTGA	0.144475809939507
CGAGCGTATGTAAATTGAACCGATGGGGTGCCTGTT	0.322879686770985
GTCCGTTATTGTGGAAGCATCCACCATATAGAATTA	0.0958560302419389
CTCATTGATTACATCTTGCTAGTTGATTACGCAGAT	0.587230482288198
ATTTGGATCGATTATTTGAAAGCTGCCAGTCCCCCG	0.165413245065788
AATTCCCGAAATTTAATGTGTAGTAGCGTCGATCGT	0.102765304379806
TTTCTTTACGAAAAAGCAGAGTGACGCGGTAATGAG	0.246922083380257
GGAGTACTGTCCTCATCGTAATAGGGGTCAGCCACC	0.763526672156719
TCTACATGGGATTTATGCCGCTAAATAACTATTTCT	0.0164700445868427
GGTGAGTTTGAAGTGTTCTCGCCTGATTTTGGTAAC	0.0369176393464093
GGAATGGATTCCTTGCTGCTAACTGCTGAGAAAAGG	0.194589128358259
GAGTAGTTGAACGGGTGGGGCCTCTGAGATGGGTTG	0.276176762744519
ATACTCTTATCTCCATCTCTGCCATGGCGTTTACCC	0.0799978432636637
GCTATCGCAAGTAGTGCTATTTCCATTGGTGTCTAC	0.0952213927561498
GTGTGATGGGGAAATGCTAAGTTGCACAACTATTTA	0.234039304356977
TGATACCCATTCAGTGCATTATCTTTTGAAAGGAAT	0.23483334782622
GTCCACAACGAATTAAATTCCACAGGGCCCAATGGG	0.932399588753109
ATCGGTCGGGTAATACGACGACAAGACCCACCTTGT	0.0713389955146686
TACACTGGCTTAACTCGTAGAAACACATCCGTATGA	0.0325687337823628
GGACATCTGGACCTAGAATTTGTTAGTTACATATGG	0.116246383619192
CCTTTACTGTCTCTACCCCTGATTAAGTCCTCTGCT	0.715395280578354
TGGCTAATTCTCGGGGAGGCCTAAGCAGGATTGCTA	0.587704497748428
CTAACGATTACGCTGTAAGGATATAGCCAGCCGGAC	0.0421036211610942
ACACTCTTGATTATCAAACGTGGCCACCAATTGCAG	0.434612301948842
GTGATTTAATTGAGATTGAGACTCAAGCTTTTGGTA	2.51270125490677
CCGAATTTGAACCTAAACCCGTATTGATTATGGAAG	0.126399125061625
GATCACTATAGGGTAGTCCCCATTACGGAGACGGTT	0.450866758662083
GCCTCGGATGTCATTAAAACCGGCGGTGGGGTGGCC	0.21386582715731
CATACGTCAAGCCTACTTACTAATAAGGGATTCTGA	0.504071373311504
CTTCATGAAGGCACGGATACTGATTAAATTTTCATT	0.16087838703569
ACCCCTAATCGGCGAAGCCCCCAGCCTTGGTGGTGA	0.337373262196795
TTACACATTAGCCTTAAGGTACGATTACTCGTTAGC	0.185614369919939
GATCCCTCATCAGCGTCTGTCATAATACACGGCCGC	0.10985166414352
AACTCAGTGCAGAATACGAAGGCCCGAATTATCCTG	0.0459893298842231
TTGGTCATAGTATGTCTAATCACCCGCGAATCAGAC	0.422531997012581
GCTTCGATGACTAATTAGTGACACCCATCCTTTGTT	3.19947567159035
ACGCTGCTGAACCGATTAAAATCGTGCAAATCGCAA	0.162222651671285
CTTCATCAAGATACTAATTCCATAGTCGTGGCAGAA	0.0744391834611947
CAAAGAAGATAAGTCGTCTATTATGCGGGGTTGACA	0.00716584188015358
TGAAACCGGTAGATCAGACCGTAATGAGACGCTAGC	0.214662930698113
CATAACGCCACTTACACTGCTCCCCCAAGCGACGCT	0.0320764059719668
CGCAAATGATGGGGTATAGCGGTGGTAAGTGGCCGG	0.446962623304382
GAACCTTCGTCATTGCTAACATCAGCCTATCACAAC	0.07066210297673
GGGACTCTACTATGATTCTCACAGCATGAAACTGTT	0.000676186474787729
TGACTCCCGATTAGGGTTGAAGGTTGTACAATTACA	0.217374490851308
CATACATGGACAGAGTAATCTATCTATGCTATGCAT	0.196853615555462
AGTGGATCGGCCACTAATGTCACACCATGCTTCTGG	0.307069931461237
AACACCAACGACATTATTGCCAACAATGGCCAGTGG	0.296526373796883
ATAGTTGGATCAAGACGGCAGTAGATATTTATGGGT	0.0230169958198056
GCTACAATGGGGATCTCCGTTGAGAGAAGGTTCTCC	0.0367640600131533
TACAAGGGCCAACCTTCGGCCGTGTACATAATTCGG	0.00228004280526686
TGCATTGAGAGCTTAATTCGGCGATCCATAGATAAG	0.878326066432807
CTAAAGCATTTTGTACACCGTTAATCGCCGTTCATT	0.413505712244172
ACTAATCGCGTTACCAATACTTCCCAGTCCCTAGCT	0.577329295861077
GGAGGTGAGCCACGAATAGTGAGCGCTTCATGTCAG	0.00348278969718579
ATCCTACTCCGCGTGAGATATCATTGCTACTGCGCG	0.0753228134987255
CAACACCGCTGAAGGCCGCTAATCAAGGTCCTAATG	1.01253991371944
CGAAATATGATGTGCTATAGGTCTGGGGTCTCAATC	0.234665555958416
TTTGTTCCAATCAGCCCTTTAGGGCTAATCGTTGCA	0.139971453971711
CGAATCTGCTTATTACCCCCGACACACAGATATATA	0.496777454280934
GCCCAGCTTTCGTTATTGGCGACAATACTCAGATAT	0.106246827327876
CACGGTAATAGGCCCTCATTCCACCCCTCGGATCAT	0.815353815335383
ACCTATGCCCGCTTATCACCCTCCGTAGCTCTGTAT	0.0243015706407795
AACAATTAGATTGTTGGCGTTCTACTTGTATGTGAA	0.346892706433852
CAGACGCATTAATTGGATCTAACTAAGTCGAGGTTA	2.2332098425063
TTCGAATTAGTGTTACGATCTCGAAATTAAGGACAA	0.450941848520171
GAAGAGATGAATGACTCTATGTGCGTCACGGGTTGT	0.00584999287312865
GGACTGGAGTCACAAGTACCTGACCTAGTTGATCTG	0.0494098025095033
TGTAACTACATGCCAGCGTTTAATGGGTTACCAACC	0.189075481406646
GCTAGATTCGGGGAAGGCCGAGTTCGTTAGCTCTGG	0.00539700518160767
TGCGGTAGTTGCCTTGTTAACATTACACTGAGTCAT	0.156828354140891
ACGCATCGATTACGTGGTGTATCTTCGTCCAGAGTG	0.864630215596152
GGAAGCGAGGCTCCTAACCGGCCGGGCCGTCTACGC	0.0857719985144181
CGTTCCTAGTCAAGTTTACCAGCACTCGTCTTATTG	0.123201269735754
GTGGCATACCCAGATTAGGATGCCCTACCCTAAAGC	0.221542915825486
GATGATTTGGGTTTCGCTGTGGCGTGTCCTTGTAAT	0.227113024451769
CCTATGCACCTAATGACTCCACATGGTCCTCTCTGG	1.36896297255258
TGTCAATCTACTATCGTTGGGGTATGTCGAAATGAT	0.168082246234513
TCAGGGCGGTGTCAAATCAAATCATAAGATCGCAGC	0.0452562192481535
AATTTTGGAGCTTAACCATCATCACGTTACTATGAC	0.0971029178751298
GAGGATGATTGGCAAAAATACGTCGATGAGCTCCTC	0.386403136453869
ATAATCCGCTTCCTTAGTTACTAGCTACTCGGGTAC	0.21691875694862
GGAGACAGCGTCAACGACGACCATCCCTTACCTCCG	0.0373803561806545
GATGGTACAATAGGCATACCAATCTTGCTACGGTGA	0.304139856830261
CGAATATATAGGTGGAGCACATTCGTAAAGTGAGAT	0.107547624768348
TTATGAGGTGATTATTGGATGAACTGTATGATTTAA	0.592095336834443
GGAAAACAGACAGGTCTACAGGTGGCTTATTCGGCG	0.00832759345143685
ACCCATTGGAAGTGTCCGGTAACAGATTGGACGTTG	0.0515008984227305
GCATGCCAAATCTGCAGCCATCGAACATGCGCTGTT	0.0405067872287669
GAGACTCAATTCCAGGCTACAAGGGCAGGTGGTGGG	0.0985931887759084
GAGAGTTGTGTTGGTGAAGACTGATTTGTGCTGAGC	0.0721379041727818
CCACAGGGCTGTTGAGTTAGACGTAATTACCTATAG	1.32513578299595
TACGTGGTTAATACGGCTTACCAGTGCAACCCAATA	0.060396428510198
GTTATGTGCGCTCACTTGAGATAATTGCGAGGTGCT	0.566470771383076
AAATACCTATCGATAACCACTCACGTGGTGGTTCGC	0.0443090447638438
AACCCGATTATGTGTGGTTGCTCCTGTTTATTTCCT	0.341211352429525
CTCCTCACTTAAGCATGACTGGGAAACGCCGGCGGT	0.077988261847987
AGGTAACGAATTACGCCGAAGAGACTAACCGAGCAG	0.287650012883784
ACGACTGTTGATAGGCATAATGGAATAGCCTTTTGT	0.108790619033612
GGTGACTGCATAATCTGAAGAACCGCTTCCCGAGCA	0.0768727369068198
CTGACGTATCATAGCATGGATATGCATCATTATGAA	0.107795966258172
TCTGCGTGGGCCGGATTAGGTTAATTCTGGATAGAC	0.119196105906177
CGTAGATGAATAATCCTTGATCCTAACATGTGATGT	0.0661627565915881
CTACAGAGACATATGGGATCCAATGTGGATTGACGT	0.0443238166133386
CTGCACTCTTGTTATTCCGTCTTATTTGTCGGGCAA	0.185435886603149
TGGATTCCGTTATGTACATTCTACTCATTGCCGTTA	0.168127232464236
GTGACTGTTATCCCGGATTTGTTATATAAGGTAGAG	0.223781328369968
ATGACTGTGTGTGCAATACGCTCCGCCTCGAGACCC	0.0782789130166801
TAATAGTTATTTAAGTATGAGCAGGATGCCTCCAGA	0.103171287228517
CACAATTGGACCAAGTTAGCACCACGTTCACACCGA	0.265134005704485
GTCTATATCTCCCGATATAATCCACATTTTTGCATT	0.291250297334074
GGCTGCCCCCTCGTTAAAACGGAAAACCCCTTGACG	0.0721039724720041
CCCCAAGTGGCGATTAGCTACTACGGGGACGCCCGA	0.193089175371856
GAATTTAACATCGTATTCGCCGTGCTCAAACACTAT	0.30722016602203
CAACCGCTCTGTGGGGTTTCTATAAATCACACATAG	0.0354158957354849
TGGGGTTCTAGTGATAATGTAAGCTTGAAATTCCAG	0.174689154056326
GCGAATTGTGTGTATATGTTGGAGGAGACTATCTTG	0.0913752775786947
AACTTCGCCACGCTTTGAGCGCGAGCTCACTAATTG	1.6407334926405
TGGCAGACTAGTTACCCTTTCATACCATGTTAATGA	0.677450426844598
TTCCTAGTTAGATTACTCTGATAGATTAGACGACAA	0.458078524150781
AGCACGGACTTGCAATATTGGGTGTACGATCCGGGA	0.00815285324241919
GATGAGACGAAAGACGTCCAGCCCCATTATGAGGAG	0.192332204724855
AGTTTCTGTTCATTTGTCAAGGCTTGAGGTCGAACA	0.00762170852527718
TAGGTCGCTCTCCGTTCGGACCTAATGGATCTTTCG	0.0364057515290243
ACACGGCGCTATTCAATCACCTCTTTAACACTATGT	0.170121506433202
AGGACAAGTGCGCTCGATTATACGATCCTCGAGTAT	0.196009747923904
GGTAATTGATGGAAAAACCTTTCCCCCGCAAACATA	0.943923527607149
CAGGTAATTAGGTCCCCTAGGTTAGGGTTTTAGTCG	3.15472411049472
GGGTATCTTATTTGGTAACAATCGCGTCGAATCGCG	0.194961395115023
GAACCAAGTCGGGCGTAGCAATTAGTTCTCCACGCG	0.584203441149754
ATTATGAATGCGAATTAGAATTTACGCCGGCGAATT	0.127265562734399
TCCGACTGACGTCAAGAAATTAATTTGGTAGAAACG	0.358669381045553
CTTCTTAGCTACTTATTACATGCATTTCTCCTTCTC	0.151964000770041
AGTGACGTAATGAAATACTTTTTAATGTGCTCACAC	0.279832870192118
GACATTTAGATAGGCGGGTGGCTCGTAACACCCCGT	0.00908082571741356
CTATGTACGGGTTCATATACGTTTGGATGTAATCAA	0.0569278598509665
TGTGAGAGCGATCTAGGCTACTAATATGCCATGTAG	0.115805557239682
GGACGTCGTCAATGATAGGACGACTATGCCGCAATT	0.0455881915655412
TAATCAGTTGACTGGATCATTAGGTGTGACATTCCC	0.321371691361936
GCTGGATAAGTGAGTGTTAGATGTTATGGCACACCC	0.258258382711441
GTGGAATAAGTGATAGTGGTTAGCGCAGGCAGGGCA	0.108905313152132
CTTTCCGCGTGTGTAATAGATTCCCTCATGTATTCT	0.122845777499228
TGGTTCATTACGGATGTACGTCAGCTAAAGTTTGGC	0.413560940717113
TACTTATTAAGCAGCTATCCGTGGAGAACCGGTCAT	0.271022511883557
GACAGCACGGATGTGTTGGCTAAATTGTAACCTTGC	0.0683275106057888
TGACTAATCCGTATTCACGGCACTTTTAGAGTATAA	0.359219428562131
GTGAATTCCTAAAACACATGCCAATTGAGCCAGCCT	0.266461198160182
AGTCCTATGCATGATCCGCCTGATTGCAAACAGGTG	0.29647480778952
GTCTGACACTGTGTAATCGCGTCTGGCGTCCTAAGT	0.0956240897586394
AGACTATCTTGATTCGGTGTGCCGATCATTGGGGCA	0.131126695686582
GGTTGTTGGACGCGTGTAAAGTTAGTCGATTGCGTT	0.0156478006244465
TATGAATTAACAGTGATGCCAAGCGCGTACGATAGT	0.124566998082167
GGATTTGATTAATCGCGGAACAGCATCCGAGCAGTG	0.919678163743391
ACTACGACAGTTTTGCCTCGAATTAGGACCTAGTTC	0.328347723838987
AGTGGACAGTCAATTAACAAGGACCTACACTAAGTA	1.57313901750909
GTCGATTTGTCATCATGCAGTGGAGACACACCAACC	0.0825889332156678
TGCATGTAATAATCGGCGTCTATGCTAGATGACCAC	0.266558842166484
CAGATGTGTAGAACGGTAATTAGCGAATGTGGGGCC	1.67305084995061
GTCGATGTACTGAATCCCGCACAGTGCCAATACTGG	0.00142211178274633
GCAAAGGTTACCCCTACGCACTTAGATTATGCTATC	0.0798480485947216
CGCTTAGAACCACACAAGTACTACTATTCGTATTCT	0.0120087123673867
AGCTAACTAACCCGTTCCCACCACTTTACAGGGCTG	0.327098439099496
TAGCAAATCATTGGAAACTGGATTAATGAGTAACAG	0.769543552875077
AGCAATTAAGTCCGTCAGGACACAGACACAAACAAC	0.447613381618405
GGTCTAACGTCCGTGCACGGTGTATTACACTGCACT	0.0801165488768952
CACAGCCCGTTCTTAGATTTAATGGCTATCCCGGCA	0.0214064702944942
CCATAATATAGGATCGTCCCAGGTACACCTAACAAG	0.493511561314317
AATCCTTATGCTGCTCCATTCCTGTGGTCTGACAAC	0.0245022385680827
GCTGTGACAAACATATGTCCCGCGGACCTCACGTCT	0.0916965444762649
AGATTTTCAATCGATAATAACCGGATTCACTGTTCT	0.568578953193184
TAACCATTCGTAATTGTGCACACAAAACCCCAAAGA	0.740027584881523
CACGTATTTGGTTGCATGGATGGGCGATCGTTCACA	0.145083711933063
CGAACAATGCGCCAGCGAGTTAGCCGAGGGCCGTTC	0.103051383307
CCTGACGATCCGGCCGATTGTTGACACTCACTTAGG	0.00247779753930523
ACTCTCTTATCAGTGGTCTGGAAATTTATAACTCGA	0.0446549449195293
TCGCGTTTAACGAATTTATATCAGGATGAATTGGTA	0.322841500741007
CGTCCGAGCATAGTTCATAATGGATGCTTGTCTTTC	0.216413533961766
GCATGTGGGCTGATCCCACTTACGCGTGTATCTGCT	0.184827809190137
GCAATGTCTCAGGTGATCCCATGTATCTTGGAGCAT	0.0139870456233335
CGACTGACCCCATTTGGTGTTCTTGGCCAATCAAGC	0.126816480381376
GAATACAATTGCTGCTATAGTTAGGGACGCCCTGAG	0.259720897036697
TGCTTTAATTAATTGGTGAGGTCCAATCACTCCAGA	4.02671379145193
GGTCTACTTATCATGTGGCCTACGGAGGATATGTAT	0.308813975137857
CGGGAGTTTATATGAATGCATTAGGGCATAGTTATT	0.243181628732724
GGTCAGGATTAAACATCCTCCTCCAATTGAACTGGC	0.0430214926575098
GCGGTAATGAGGAGCCTAAGTTATTTAGCATGAATC	0.808648893752669
CCTTCAGGATCGGATAATGCGGGTTAATGTAGTTAG	0.373426869568126
ACACACACACCTTCAAATATGAACCAACGCCGTGCT	0.0112310904073398
TGCTGGTTGCGGTAAGTGTGCGTTAGGAATTAATAT	0.0657768388504202
GAACGTTACTAATCATTGACAATAATCTAGGGGAGT	1.06396374498071
ATATTCCTGACCTGTTTATCAGGGGATCTACTGTGG	0.163437010176356
CGAGATCACATTCATCTCTGAGATTAACATCCAGCG	0.00567138864588668
ATACAGGGCTACGTTTGGTGTGGTTTAAGTACACTG	0.00339190349639664
ACCCAGCATGATGCTCGAGAAGTCCACCAGATTAGC	0.195362579654511
GAAAGAAGCAGTAGCTAACCCCTCATTGGGTATTCA	0.0919140592790178
AGTAGTACATAAGTATGTCTGTAGCTCAGCCCTCTG	0.233325735814242
CTCGCCCCCAATTTCGCCCAACCACTTCAATTTTTC	0.00185812083014881
TCCGAGTACTACGTTTAAGTATTGATTTGTTGTGCA	0.0728207407575304
CCACTCGATAACACGATTGCCGACGGCCTAACGCCG	0.205266659817445
CACCGAATGATCGAGTATAAGAGTGCGGGGCTCATG	0.0818383621244075
ACATATGGGCCTTTCTCTGATCGTCATCCATGCATT	0.111393021886033
GGAACCAGCGTTAATAGGTCAAACGCTTTCCACCTA	1.53861591258168
CAACACCCATCACCCCGTTAACCTGATGCTGATTGA	0.280939330750656
ATGGTAAGCAGGACACGGGTACTCGCTAATCTACCT	0.448504348536814
GCACGAAATTGCACCCTTGACGTTCGATGCTTCACG	0.0010162384672186
GTACATTGGAGTATATCATCTGGTTTAAAGACGGCT	0.0703788244901277
CCAATTTAGTCACACAGTTCCGATTATCTCAGGGCC	0.389782088167206
CGTAGTTCCCTCATTCGCAATGTTGGCCATACCGTG	0.013849176368914
TATCCTAGGTTGATTAGGGTGAGGCTTAGTGGGCGG	0.989964845091351
AATCCTATGATGATTTTCGTGCACGTAGTCCGTGAT	0.0260070238350444
ATAACTGAATCACTAACGCGGTCTGATGAGCGTGTA	0.211474812364108
ACCTTTGTTAGTACACCTTAGTAGTAAATTGAGGGC	0.290882876264199
TCGGGTATGCAATCAACCGTTGGGTACCCTTATTGG	0.0208724542346923
ACTGGTCTAATATGACCGGTGCAATCGCATGGGGTC	0.335826705762563
ACTCTGACGTCAGCTTCCTCATAGCACGAGTAATTA	0.735137365537697
GTATGTCATCACTCAAAATCGTTGAACCACGAGTTT	0.0438747655225996
TCGTTGGGAGATAATTCATCACTACTTGAGCCTAGA	0.268015074574517
CCACCCTGCATAGCTTAATATGGGTTCTCCATAATA	0.223339508619979
GCTAGGTTAATGTCACCTTGATCATCCCACCGGGTC	0.23450092305778
GCTTAATCGTGTTCACATGACCTAATGCCGACATTG	0.375816578044607
GACACCATAGGTTGTCACAGTGAGTCTTGTCATACC	0.0664401758115429
CCAAACCTCCATTCCCCACTCCGGAGCTTGTTATTG	0.0210516761515655
ATCCTTGCGGGCTTGGTACGACACCCATATCCATTA	0.0503573437076476
CAGAGGCTTCATTGAATGAGCTAACATAATACTGAA	0.0239587691692772
CTAATTGTTGGGGAACTCTATTTGGACAGACAGGGT	0.266651748723724
GAGTGGAATGCTCGCGATACATCGTATCGCGAATTC	0.0588406985320414
GCTCATTGATCTGTGTTGGCACCCCAGCAAATGACG	0.206030316334628
ACGTAACTCTGATGTATCTACAGTTGCTCGGGATGT	0.189368154043827
GCACACCGCAGAGTTGACTGATAGCCTCGGATAAGT	0.00369668940359272
GTCAGAAGTTCCATGATTCGGCTTGTGACGCTCCTG	0.0693103412470719
GGTCTTCGAAGTCGCATTACTAACTAAGCGCTTATG	0.530734268108935
ATGGCTGCATTGGGATGACTGGACAATCTATGGAAG	0.0670090980603024
ATTCTTCCAAGGGTATGTGGTTATTGAAATAATACA	0.00342154278071923
GACATTTTGACCTCACATTCCGGATACTAACCAATG	0.156865770546774
AGGGTTCGGAATTCACTTAGTAGTTCCGCCAAGGAT	0.185005545996601
ATCCCGTGGTATACTCAATGACGCAATGTGGTACAC	0.00816691903037675
CGTGTATGTGTGTGACTAGGCGCCTACCCTAGTCGA	0.0458998354262788
CTTGGGGATTCGTGCTCTTTCTCGTGGCTTTGATTG	0.108579583038313
CAGTCACAATTCACTATACCACCACTACACTTCATT	0.0696542044763598
GAATCAGGTATCTTAGCCACGATCAGATTATGAAAT	0.0819876534896873
CTAACCAATCAGCTGAAGGGTGCACTCTACCCCCCT	0.127632623411493
GTGTCGGGGAATTGGATCACCACTAATCTGTCAATT	0.757363470102752
GGTTTAGGTCGTTAAAATCCTCGAACCGGAAGTAGC	0.134118470992464
ACCTACAGATACTCGGATCGTAACGCAGATGTTGGT	0.044757409031227
CATCTAACAACGAGGACTGTCATTTTCTCGGTAATG	0.0599811969070211
TCCTGCGCAGATGATCCTAATTACGAAGGTACGGTC	0.888374763048248
ACATTTTCGCCAATTGTGGGAGATATGGAGACGCTC	0.0692415026966353
CTCACCCACTAATCATGAGTTCTTATTAGTTTTCAT	0.896066082312437
ATACCAACATTAGCCAGCCACTGCGCCGTGAGCGTG	0.0615545392529408
GTACTACTAGCTAACTACTTTCGTGCCGGTCAGGGG	0.250548077118341
AAGCCGCAGCATTAAGCTCGTTTAGTATTGCTACCA	0.0116288412595876
GGAATTCGCATGATAAAACGGGCAATGTAGTCGTTA	0.165747173508083
GCCGTTTACACCCTTCATTCCTCTATCTCCTGCACG	0.0316549920216384
CCCTAGGTTCAAAAGTAAGCGAACCGATAATTATAA	0.242097686012159
GTTCACTGATTGATTCCTCGAATAGGGTAGCGGGAG	0.674341466456438
GGCTCTGATTCTTAATTACCAGTACGGCCGCGTTCA	2.61384121326639
GCACTTCAGAGTCGATCATGCTACCGGAATCATCGT	0.106720642710372
TGCCAATAATTTCCTTTGACGTACACCATAAGCCGT	0.311090850396766
GTGAGATTAGAATTGGTAGAGCCGGTCGTACTCAGC	0.119085812286457
GGAAGTTGATACGAAATATCTCAGATCCTCTGTAGT	0.154266824627998
TCAAATGTAATGCAACACAGTAGACAATCGTGACAG	0.133153239293128
GCCGGTAGGGAGGCACTATGTAGTCAGTAATCGGTA	0.0413969939990979
GCGCGTAGTAAATATCTACCTCGGATTACAGCCTTA	0.0884599051227537
CATTCCACTCTCCGCCCCTTTCATTAACCCTCAAGA	0.0292133335481729
GCATCATAGTGTCTTCAACGTCGCCCGACTGTAGAC	0.070373689237794
GACATTATCTCCGTTCCTCATAAGTGTGGGAAAGTG	0.27857882964897
AATTATCTATTACCTTCGCTTCTACATCGTAAATAA	0.208842874776914
TGATATTAACCTTGAGAACGTAATTAATCGACGACT	2.12147814772253
AACCGGTCACATAAACTAATTTAGACGAGTGCAAAC	1.07002690846
ACCTAATCAGACCCTTTTGCATCTCCCATCCAATTC	0.733183166402323
CATTCAATTCATTAGTGTTTATCCGTTGACGGATTC	1.09580211312262
GCATACTTAATGTTACAAAATCATTTTTTGGACAAC	0.0919625992028341
AGCGATTATGGGGTGTCCATTCAAAAATTAATGAGG	0.434168697972104
CTAAGGCAATTTTCGATCTCTATGAATCTTGCATTA	0.120010221808147
TTATTGGCTAACATGGGCGGTCTAATTTCTCCTAAG	0.0866318430718545
CTATAACGAGTTAATCCCCAGGGCACGTTGTACGCC	0.398724899301368
GTATATATGACTCTTAACTTACAAATGGGGTGTTGT	0.276475629034335
AATAAATAACCACCTCACGTTAGCATCCGTGGTGTT	0.0891223056389906
ATCTAACCATGCTGAACATTACTTTGTTATGTGGGG	0.127696358703538
ACCAGTTAATACGTTCCTACTGTAGGCAAACGTTGT	0.256098583357125
CGGTAGGCGTAATCAGATACTCACTAAATCACCATA	0.356928918766284
GACTGACCTAATCAATGGACTGTGGCATCTTTTTAA	0.640496103348759
TAAGTATACTTATTAGCGTTTTCTCGTAAAGAGTCA	0.517597288921187
GGTTCTTCGCAAACGAGCCACCCAAATACACAAGTG	0.115911425291025
TTGATGAGTCCTAATGGGGCTCATTTCGCGGCTCGA	0.847943302646671
ACATTTTACCCCGGACTATTTGATAAACATGTCGCC	0.0905004593664728
CGCGCAGCCCCAAAGCTGAACGGCTATAATGAGGGA	0.0631810493040999
GGTAGAGGTGGAACCGCGGTACTAATTAGATCAGGC	2.91322003612402
CAAACTTTCGGCTGATTATTATATATGAGGAGCTAT	0.6300365718681
CGAGGCTTATAGGTTTCGAATCCGTAACCAGTCTGC	0.0106190404229544
GATACACCCGATTCGCAAACCCTATTCTCACGGTGT	0.182968142341411
CGAACCTTTTAATCTAACTGGTGGTCTCTATAGAAA	0.415959734293345
TGGTCTTTGTTCAAAATGTTAGCTGCTAATGGCCCG	0.254811259301879
GAGTCAATCGTTAGGCTAGATAAAGCAGCGAATGCA	0.23485216175463
ATCAACCTACCATTCGATGCGACAAAACCACCCAGG	0.0209771070807649
ATTGCATCCCCATATGGCATTACTGCCTGTAATCAC	0.208093348043864
CTAATTTCAGTCCGAGCGTGATTGCCATTTCCGTAT	0.139856039476127
CTAGGGAAGTAGAATGTGGGCAAATGAGGTTGTGAC	0.237893268266169
TCTACCAGCTCCAACTAATGTGGCAGATCACGAGCG	0.490490429735621
TTTACTTCCAGGGCTAGATTATCCATTCACTAAGCC	0.132117068957331
GAGCTGTTTCATCTACGCGGGGACTTGCTTCGGCAA	0.0370758521881408
GCCGAGCCAACTACCTAAGTAGGCGTGGGATTCGTC	0.0422066557116118
ACATTTGGAAAGTTGTATATGTATTCACAAACGGGG	0.0168484669307793
ATCTCTCTCAATCTATGATTCCGTGCACCTGTCTTC	0.121379447818043
CACTTAGCCAAGCGCAATGTGTCGTTATTCACGTAT	0.0293852253259616
CTCTGTATATCATTACCGCTCAACCGAATCGAAAAT	0.464773267359333
TCAAACAGGTCAATCAACCCGGTACTGCCACGTAAC	0.145874183746536
TACACTAGATTAACGTTTAGGTCAAATCGAGCCAAC	0.464400508477007
CGTTTAGGTAGGGAAGTGCTTGATTGGGCTGCAGAC	0.241649207031883
ATTAATGATAAAAGTTTTTACGTCAGGCAATTACCG	0.608720207437354
GCACAAGTTATTCGTATGTCTTGTCTAGTACTTTCC	0.079594996652455
CAAGAAGATCCCATCAGCACCATATAATTAGGCTAA	1.10150172722538
CTCAGGGTCCTGAATTAGATTAAACTTGGTCACGCC	0.355185590663414
CGCACCTTAGTCACGTCTAGAACAAAATGAGTAATT	0.0750803179716345
GTCCAAGTAATTACGCATTTATCTTTGGCCAGATCT	1.7389524188544
CTACAGGGACCGATCTGACCACGCCCCTAAATTAAC	0.0355762736390269
CACCGGCGCATCGCTTTTAGATAATCGACCTTCATA	0.102697646340354
GAACAGTACCGCAGCAATTTGCGTCTGTGTCGCCGT	0.368185522555581
CACATGTATAGTACGTCGCATGCCCTGATGGATTTA	0.132963377899393
CGCTAACACACACAGAGGTTAGTAGACTGGTTAGTT	0.0188527373000957
AAACCCTGTGGGACTAAAGTTTTATTAGTGATCCCT	0.0168008671255052
ATTGCCGCACCTGATGCATCGCCACGTGTTATAATC	0.0518405225821178
GCTGTTCTCCTTAGGCTCGTCTTTTACACGTAGTAG	0.0158163695536389
AGCACCTCACAGTAAGGGACCCATTGTTAGGAGGGG	0.0182834345197027
CTCAATGCATCCACTCTACTACCTAGTTAACTTGGC	0.251972034792114
ACGCCCCCGATGAGAGTATATTGGAATTGATTTAGT	0.0042121918429724
CTACGAACGGCATAATTTTTCTCGTTCCTGCTTATA	0.229807038074802
GGGACTACTGTGCGTATGTGCATCCGCACCGCTGGG	0.0977297049623952
GCTGACATAGGTCTAATTAAGATAAGGACATATACA	2.51919295338817
ATCGAGGCCCATAACCTAACGGAGATTAAGGTCGCC	0.11535704951909
TGCTAATTCGACCACTCACTCAAATGATCAGGACAG	1.75061190335076
ACAGTCACACTGAACCTGATCTTGTGAAGTTAATGT	0.0614615540652619
CGATCCCGTCGATTAACGACTACTATGACAGAAGCC	1.32624384855252
ACAGTTAATCACACGGAGCCATAAATGCCGTTGATA	0.806646237602023
AGTAAGTCGAATTTGTAGGTACGGCAGCCCCAGTCG	0.0350858765778887
GAAGTTGTCCTTTATCTGGGAGTCGGCTCTAAGGTC	0.0127084144880108
GGATACTGCATACGGAATTCGATTGCCCTTATTTCC	0.397960160749167
TCGCTATCTCGCCAGCTAATGCGCAAGGAGTCGTAC	0.215674771461437
ACCGCTAACTATTCCCGATTCCGGGCTTTGAGGCTA	0.0138807202440545
CGTAATGTGCCCGTACAGTCGAGTAACACATACCCT	0.0190629114827426
GTAATATTTCTATCAAATGAGATCATGTAATCCAGA	0.0561897124234834
TTTTTTGGAGCCATTATAGCAAATTACCGGTCGCAG	0.343036778352982
GTGGCAAAGTTGCCCTGGATGGGGAATGTACTAATT	0.301557477188524
AAGCTCACTTAAAGTATGCGGGCCTGTATTCGATCT	0.169050821550858
TCCCGGAATTAGGTGTCCACCACTCCCATTTTGTCC	0.0393914770761001
CCGCTGATTACGATGAGGTACAGTCTATGAATTAAC	0.744444417059575
TACACCATGGTAGTGTGTTGTTAACTACGAGTCTAT	0.0794972295693249
AGATTACCGACCCATATACCGTAGTTAGACGACCGC	0.0628403354153118
ATAATAGACGATCGAAGCAGTCTGAGTGGTCCTATC	0.0108303136563739
GGTCCTTTCGCCCATAACTATTAAGCGAAGTGAACT	0.263344835063124
GAACACTCGGGGACCTTGGGAAATTATGTAGTATGT	0.244071245169621
GATGGGCCCGAAATTACCGAAGCAGGGTGCAGCCTT	0.200487128462226
TCCTTTACCAGAAAGCGCGGTGTAATGAGTCCGTAT	0.283607883179925
ATGGGGAAAATAGGTGCTGAGATTGATGTCGCACCT	0.0609287641846089
GAGATATGGGCTGTTTATGTAATAGCATCATGGTTA	0.391381774716917
GCTAAGATTTACTCAGATGAATGGGAGGGTTTGGTA	0.133532621713885
AATGCTGATCACGCGGACTTATATGTCTCCCAAACT	0.0490855151467324
ACTCCACGTGTAGTATGGTAACAGGCGTCCATATCT	0.0770816421793289
TTGGTACTTAGGCTGATCAGACGCCGCCAGTAATCT	0.179772453903495
ACACCTGAACGAACTGATATCCATATGGTGGGTAGT	0.148815615292688
CAGAGAACTATTATACGTCCCAACGATCAGTCTAAT	0.177758238789923
GCAAGTACCAGTGCTCAATTACACATGGATGGTTAG	1.78526562689015
CTGAGCATACTCAGCGTACTATACAACGGTGGATTT	0.0151989672685423
GTAACGACGCCCTCTATGAGCAGATACATTACACCC	0.0728692932308854
CCTATATTATCAACACAACGGGCTGATCATGTAGAG	0.243429384942991
CCACGAGCAGTATACCAACTTATGCAGCCAATGATA	0.0650515674313936
AGGCCCCTCATTTAACTGTGAGCGCAATGGACTCGT	0.0889353153586876
AAAGCTCTGCATAATTACTCAACCCCAACTTTATGA	1.37270485286509
ACATTATGCGAATGATCATCACCACGACGCTAAAAG	0.0564327916770007
GGCGCATTATTCTAGCGATCCTGACAGTTGTGGTCA	0.0342874576119641
GCATATTTTCCCTAATTGCCAGAGTGGCGACCCTGG	1.79339140165579
GGATAACTAAGTGTCTAATGAGGCGAATAGCGTGTA	1.58904153431445
AGGTAACATCTCCACCACCACCGACGGGATTAACGC	0.0462632621476038
TCCCAACAGATAATGACTAATGGACCCCTCCTTCAA	0.511220490701049
ATCACATTGAAGTCGATGCTCCGTGCCTGTTAGCTG	0.0706070542133347
GCATAACCACTTTGCGAGGGGAGGATGTGGTAGAGA	0.142594920676888
ACGACAGCTATATCTTCTAATTGGAACATACGGTGG	1.05338055374912
GATTGATTTGAGTGAGAGCTAGATAACATGCAGTAT	0.0631043378708321
GGTCTGTCTAACCCGAATTAGTTCCGGTAACTTCGC	0.673265088531616
ATGGATCGGGCTGTACCCTAATCTTGCGTCGTCTTA	0.00260448634647364
CATAGTGGACGCCATAATATGCCTGTGGCCGCCACG	0.200445606601302
GGACATGAGCCTCGTTACACAGGGTCATCGTAACTC	0.45073499364511
CCCAGACTATCTCCTAGTGTTGATGTAGCTTTGTCG	0.0596040973536511
ATTCCCCAGCCCCTTATTGCACATTGGGATTGTCCT	0.0182015517573058
GGGTTAGAGGCAATTATGCATACGTCTACGCTCTAT	1.74730276148117
GTGATGTACTAGCGGAATGAGTGTCGGTGCCTTACC	0.173295911750869
AGATCTATTTCCCGACAACATTGTGATACTCTAAGC	0.0311311985452839
AAACGTGTAGTTGTTCTATAGTTTAGGTACTTCGCT	0.00853471126879573
CTCGGAATTATCTGGTATGCGAGGCCATACAGGTTG	0.189537250628943
GTGCAGAGTGTGATTACGCTTCGGCTAAATGCTACT	0.317853491624579
TGACTGTGGTACTTTAGCATTCTATTGACCGCTCAT	0.10768396805825
GCCAAGAGTACGGTTCTGCTGTTCTCACCGCTCACG	0.0138710237182148
TACTGAGTAATATTCGATGTACATCCCGCTGCCTCC	0.164222981123775
ATAAGTACCAGGATCGCAATATTTCGTTCCGCACAA	0.0486828203366502
ATTCAATCAGAGACATGACCTGTACATGCCAAGCAG	0.0297144192744916
GGATCCGCAACCTACCTGGAATTACGCTCTTTGGCC	0.0630796699487777
GTTACATACATGGCTGATTTTATTAGGAGCGACATC	0.644441054654371
CGTTGACCCTTACAGACTTTAATTGGGGCTGTTGCA	1.09756415415056
CCTAACTAACTGCAGTCAACGCGCCCGTTGTTGTCA	0.0524995971158898
AATGGAATTACCAGACATAGCACGGCATCCTCACGC	0.143872613572117
GAGAGTCACGCTCAAATTTGTTGAGGTACGTTCCTC	0.00715157954306137
CGCCGTTAATACCCTCGGTTCGGTCACAAATTCTCG	0.0450897689363316
AGGGTATAATGCGCATTTCAACATAAGGGTTTTGTT	0.193426067707825
TACTGCCTTTCCTCGGTGAATTAATGTGCCGTGCTT	0.266457854648984
AATGCACTGTTTTTGATTGGATGTGCTCGTCAAGAA	0.0198126276917549
CCGTTGGAAGAGCATAAATTAAGGTACCCGGGGTTG	0.161015799644712
GGGCTAATAGGGGCGTCATAACAGATAGCTCGGCCA	0.74874150742931
AGAATGTGTTGTGTACGGACTGCAGTTGCACATAGC	0.000548930528395873
CCTCGGGGTATTAAATAGCCTCCGTAAATCCCCCGC	0.0537197642550883
CCGGATTAATTTGTCGATCAGGAGACTCTAGTGGAG	0.598523261041601
CGTATACTACCTTATTTCGCCGTGTAGTCGCCCTTG	0.0450153406344207
CTTTGATGATGTATCACACAATACTAATCTACACTG	0.255970988013411
ATGCATAGTGACTCACTACCAGGGGTCAATACGACA	0.0428150690381358
TAGCTTTGTCGCTTATTAGCTCCCAATGGTGTGTCT	0.48966396630522
CGGACCTCATCAGGTGACCTTATCGGTGTGCTCTAA	0.0154190898830288
GTATTAATGTAACGCCTGGGGTAAAGTTTATCCCAC	0.356967657742035
CCTTGCTACTCTGCCTGCAAGGTTCATTATCCTGAT	0.212206375651071
CATCAGTGTCGTTCTGAACAACTACTGTCCCAATTC	0.0407260484652346
TTGACGTATTGGCCACGCGTAATCGTATGGCACCAG	0.0173854080966489
GAAGAGGATGCCAGTGTGATGAATCTCGTGTTTGTA	0.0223653935131455
AACTAAAATAGTACATCTGTCCTAGTAGCCCTCACT	0.0277408857771499
TCTAACTGGATTGTACCATCACTTTGCTTGGTACCC	0.081706627373137
GGCTAAAGGAGACCTCAATCATAGTTGGACGTTTGC	0.0156615814306909
AGAGAGTCACTTCTTCAATTAACTCTTGGCCACCTG	1.61929885343112
GTCTACCGATTTCTGGCTTGACGGCCTACTATGTTA	0.0476474999447281
GGCTTAAAACGGGTTTATCATTCCGAGAGCCATGAT	0.00191849872471815
CTACTCGTGTTTAATGTCTTCTATTCTAGGGTACCG	0.0763778322292249
GTATTCTAGATTATGACGCGATTACAAGATCCGTTA	0.452470714867904
GGAGTATAGATATACCCTCGAAAGTATAACTCTCCT	0.163344289875433
ATTCATGAGTCATTGACCTTACCAATGATTTGTCTT	0.195921366732372
ACTCGAGTTAAGCAACAACTCGCCCACATCCGTTGT	0.147442577535327
TTAGCGGTTTGACGCTAATACAACCACCGGCTCTCG	0.101899090020319
GATGTCGGACTGATAACTCCGCCCATGGCACACATC	0.127626219940652
GGTTTCCAGGTTAATTACAATGACACACACCCAGTC	2.06939420119787
CATGCTGGTTCATTCTAATGGAACAATCTAGCGACA	0.116321989948662
TCTCCACGAACTGCGTATGTAGTAATGAACGTGCAA	0.0824851237728514
GGCATGATTTACTTCGACCGCGGCAGTGGTTGCTTG	0.145618781284366
AGACCTTGCCTATTGTGCGCAATTGTTAGCGGGCTT	0.0477231647043446
GGACGTACTATAAGGTCTTCGACACTCAAATATAGC	0.0176168163072763
GAAGACATTAACCATACAGGGCACATCATAGTTCTC	0.319916713189768
AGCGTCTTCTGACAAACGGATAATAAGGAACCCTCC	0.101223570698153
GTTCTCAGATACGATGCTTTCCGTCACGATCATTTT	0.00345620603215206
GACACAGTGCGATAACGACCACGTAATTCCAGATGC	0.554639565874657
CTTGCCCGTGATTATGGTCTGGTATATTCCTAATTT	1.07262550063266
CCATTATTAGCGAGGGTACATACGTTCAGTGCCATA	0.633533031869095
GGAACAGTAACTAAGTTCTCTCTCAGAGACCGCTTG	0.12116482553324
CGTATCATGCGTGAGCTAATGGCTGCAAGTTATTAA	0.189546968275201
GCCAAATGCGCTTGTGTACTGCATGTTTTCGGGGTA	0.0171678010169105
AGCGATATCATAACTTAAATGACCTTGATTCTCTGG	0.0679630268613988
GAGTCTAATGGTGCATGGCGGACTTACTACGTTACC	0.19800400067492
AGTATTGCCATTAAATCTTATACACTGGCGCGGGGC	0.130598378368605
CCCGTGGACCAGCTCACTGCTTAATAACAAGCTCAC	0.0284063971468867
GGGCCCGTATATAATCACGTCAAACGTGTTTGGAAT	0.0357746906925312
AGCAATTAGAGAGTGATGCTCAGTCTTGAGAGGAGT	0.333159555933751
GATGGAGGAACTACTGAGTTCGCCACAATTCCGTAG	0.00704319827289273
TTTGGTGCACCTCATCGTGTATTAGTTCTTGTGTTG	0.0546569954662463
ATGTTGATGCGTAAGGTACCGTTTAATATGTCTTAC	0.341398167912733
TGAAATTGCTCGGTTTGGGGTTTGCATTCTCTAATG	0.125592653606007
CGAGATCTTTGCCCGTCAAAATTAACGGAGGCGCTT	0.195548241186238
GTTATCTTCAACTACGATACTCCTGTGACCATTTAT	0.114861568427259
GAGGTAAAGTGAATATATGATGCTCTGAGTTTGCAT	0.327701842045486
ATTCCCATAGTACGACCGATTTGCGGGGAAGCTCGT	0.200254353098522
GGTCAGACGGCAATGAATTGCTTTTCTGTGTCACTA	0.0798092370621223
CCAACGGTTTACACTATTTTCGACATCCTCTCAATC	0.000620239361854913
GATCCGTCAGGCTGTTTAGACGTGACCACGGGTTGG	0.045166665705321
CGTCTTAACTGAACAACCTGATCCACATGATTTTCA	0.0409722164189591
CCACTTGACTAATTGCACCTAACCTGGTCCCAATCC	2.57649991273151
CGAGTTTGTGTCTATGCGTGAGACGGATGGTGTTGT	0.0264380993227429
AAAAATGCCTTAATATCCACGTCTAAGCATCCCAGT	0.213998486757264
CACCGTTATGATTGGCTCCCGAATGTAACACTCGGC	0.430347176930605
GGGAATGGTTAGCTGAGTTCCCGTCACCACAGCCAA	0.0543928988005207
CAATTAATTTCTGCATAGCGCGGACTCGGCATGAAC	0.497856956099931
CAGGAGTATTCTTTTCGAGGAATTAGTGCATGTGTA	0.250470021684176
TCCAACATACCTAATCCCACATGAATAACACTCCGG	0.0573052617226601
TGCTCAATTTACAGAGAATTAGATCTTTACTTGTGC	0.807303217843833
TCTGGATAGACGGGAAACTCCCATTAGTGTGCGCGA	0.226725146277111
CATCCAACTCTATTCCCTAGGCCACTCCTAATCCGT	0.14983821299662
AGTCAGGTTGCCCTTCATTATCTACTGTCTAAACAT	0.48117090476761
CGTTTTCCCTACCCAGAACAGCCAATCAATTCCTAG	0.0471185089456296
ACATGACTTTACACCATGAATCGATTTTCGAGGTCG	0.0204563356125659
ATATGTACCCTATGAGCCCATCTCAAATCAGCTCGA	0.0403788122926778
GGTCCTAATCGCCCTAGATGCAAAATCCAGCATCAC	0.330453674122965
AGTAATTGATTAGGTCAGCTCATAAAATTATTTACC	2.48374197448269
GTGTCCTATTTAGGGGACTTGGGGAACCGATGCTTG	0.153901904834501
CGCTAATGGGCGCTCCCCAGATGCGATCTCTTCGAT	0.784835022856691
TCCGCCTAATGCGGTGATGACAGGCCAGACCTTCAC	0.249421659754195
GTAGCAGCCAATATATGTAATGTCACGGGTGACGTC	0.237948066520449
TGGTGATTTATTACAGCCAGCGGACTGGGTCGCCTT	0.0912261090994719
GCACTGAGACGGCTTTTGCATTAGGAGTACATGATA	0.016780820948131
CAGGAGTTGGACATCCGCATTTAATTTATCTTATTA	0.482526976637218
CCAGTAACCTAATATCCCGGTACCTCCGGAGCAGTG	0.193445202081564
ACTATACCTAACTAATACGCATAAAGTGATTTAATT	1.16458849274101
GAGTGCTTTATAAATTGCTATCACACCAGCCTGTGC	0.205792146168155
GAGCCCACGTTATGCCGCACCCCTATTAGCGGATTA	0.528114215095118
AACTCTGATCGCGTAATAGGCTGAGCCTACAGAGTC	0.504540549843982
ACCCTAAAATAGACACCGTATCACCCATCGACCTCC	0.0106003756869276
GAATTCTCGAGAGGGGACATGATTTCGTTAACGGGT	0.239416089542841
TGCAATACTTCTGTCGTCATACAAATCCGTCTATTG	0.0801316710826804
CGTGATTGGTATAGGTATCACCAAGAGATGGCTGGG	0.190986379247303
AGATCAAGATATATTGCCAATTTATACAAGATCTCA	0.262847491973463
TACTAGCACGCAGTGTCAATTTCGGCGTACAGGTGC	0.0209394419010847
GTTGATGAGGCAGAACCTGACATTAAACCGACGCTG	0.0865028756307679
AGGTTTAGGAGACGGGGCTAATCTCCAGCATACGAC	0.11173945465402
GTCTACAAAGTCAGGTTAGGGGCCCTTTGGCGTCAA	0.0304624658513046
GTGGTAATCTCTCAGCTTGTCGACGGTCACACAGGC	0.0425666298723239
CCATTACACTCCTGTTTCCCCGATTAGTACCCCACG	0.506857611078675
TTTCTTGTTAATGGGTACAAGTCTCTAAGTGCTAGA	0.743553682508774
CACTCATACCCGAGTCACATCCGATCACCAGAGGGT	0.0381244721856643
CCATCCTGCACACATTGTATTGCATCAGCAGGGCCC	0.174913558855349
CCATGCATCGGGGTTCACGAGCATAATCTATTCCGC	0.110113849676678
TTGGTACCTTGATTGGAGACAGGCCTCGTACCTCCC	0.101793543784286
AATCCATACTAATGCACTAAAAGCGCTTCTTCACAT	0.495330702749873
TCGGTTAACACGTATTTACAATTAGGGTGCAATAGA	0.509366012053202
GATTCCGCGGATTTGCGATGAGCTGAGACGATGGAG	0.0170961378731394
TCGTGGAATGCAATAATTGCAGTTATAGCAGGGGTA	0.615764584247935
CCGAACAACCGCATATCGTTACGATTCATTCCGAAT	0.0113576304168816
GCCTGGCGAGGGCGCTGTTGAAGTAATTTGATCCCC	0.00405447346042045
AGGGTGGCAAATTGTCCTATGGTCACCTTTCAGGAG	0.0342515894126364
AGTCTTCCGCCAAACTACTAACTCTGCTTGATTACC	0.082166604659423
CTGTCTTAGCATAATTTGCTCGTTACCCCTGGCGCT	0.790441401062166
GGATTATGCGTTCACCTGGCCACAATCACGCTATCG	0.271944211285004
AGCATAATGCAATCCAGGCCACGCGGTCCCCCTCTT	0.0584172726683037
CGTAAACAATCATCCCAATAACGCGATAATCGAGAG	0.460212518743579
CATTGATTGCGCCTATTTTGGATCGGAATGCTTAAT	0.171753209033842
ACGGCCCGTATGATTGTAAGTGCTGTACAATGTCAT	0.0178274598792801
GGTAAAATAGATTGGTCAGCAGAGGCTAGGCGAGGG	0.292114961346374
CCTTTGTTGTTATTTAGTTACCGTAACAGGGCCTAG	0.24630429006827
CACCGATAGCCACATGCGTCATCATATCTATTCCAG	0.0724159223713023
GTATTCCTTCTATTTCCTCTGCGCCTTCGCGCGTCG	0.0318531798628127
ATTTCCGTTAACCGAGCCATCATCCGGTGGAATTAC	0.0737568048244548
GTTAATGCACTCGGGCAGGTTTACACACGGCACAAC	0.138650528050513
TGGTTATAGTTATCGAAAAGGTACTGTGATGAGGCT	0.121238068316293
AGTACATGATACGTCTCCTATCCTGCTCGAGCCCAT	0.261463892190443
ACCGCCTATTTCCCTGTGTAAATGCCGGCAGACATC	0.112190020244003
CTATACTTAGTCTCGCAGTTTGAATTTGTCCGTCTT	0.121970008863238
TCTGAAGTCTCCTCGCTAAATTAGAATGCGTCACCG	0.431963455831093
ATGGATGCTATGACATTAGATTGAGTTTCTCCTCTG	0.253879996229751
GATCTTTCATCCCTCAGCCTCGCGGGCCTCTTATCT	0.0167499093434074
TTTGCAGGTCATCAGCGCGACGTAGAAACGGTAATG	0.00777200425290974
GTTGTTCTTAGAGCCGTGGCCTGATAATTAGTAATG	1.43520232177911
GCTTATCAGAAGTGGCAGACAACATAATGTGTTCCG	0.0660056661448829
CTGCTGTGTTAATATCGTTAGTCGCGACTCAACTAG	0.6068140732376
GTATGCTGATTCCGTCACATAGCCTGTCGGACGTTA	0.103917617345316
GGTATTCGAATTTCCAGCGTTAGATCTCCCAAGTGC	0.0215627396813863
TTTGCCAGGGTTCGATTAGTAATTTTAGACCTGGAA	0.382896131159795
TACATGTGTAGGCCGAAGCGTTATTAATGGCTGAGG	0.0211264761591687
ACCTTAGTCCTACGGACAATTGCCGTCATTTCTTGT	0.013888540658153
ATCTCAGATTGAGGATCGTAAGTACATTATTTAGTG	0.0378029852722801
TTCGGGAGTGCAGACTCAGAGCTCTCCGTAATTGGC	0.546700749180348
CTGCTATTCGAACGTCTTAATTAGACTCTCAGCAAA	1.86092580446108
GCCCAGTTATTATTGAAGCCCACACTTGCTCCGTGT	0.573633444419483
GAGAGGCTAATCGGCATTCATCACACAGCCAACCGG	0.542730320061367
TACCCCACTTAACCGGAGTACCTAAGCCGGTCCTTG	0.201374996731927
ATGTCACTAGGGGATTAGAAGAGGGGTTCCTTTACG	0.128977096667673
GCGGGAATCGAAAGACCATTCATTACCGTAGTCTCT	0.19753347117534
AACTGGCTTGATCCGACAATAATACGACTGTGTTAG	0.0429591723630406
GCATGTGGTCGTATTGAATTAGGCGCTCAGAGCACA	0.645589248566639
GGCATCATGCTATGCCCGTAATGTAACCAAGACGAT	0.114881299720683
GGGTTGAGGACTGACTATTGTACTGCCGCACAAGAG	0.0205374405039165
CTCTCAGGCCCTTAATTTACTGGTGGCATCCTCCTA	1.27536128958123
GCAATGTTGCAACCTCTGTTCTGTAGGGTACTTATT	0.136397818668458
TAGTAACGAGTAATACCATTGTGTCTACCGCGAATA	0.115765116952024
ATTATAGACGCTGATTCACTCCTCATGTAGCTCGGT	0.146515061896037
ATGTAAGACGCGAGTTTTTCCGATGTAATGTGCATA	0.0165172015004049
TAGCAAAACTATGTGTAATATGCCGACACACCCCGG	0.124724946127804
CCACCAAGAAGGTCAGTCGGTGATTGATAGTCAAGG	0.0837119771724803
CCACACTATCACACAGATGGGAGCTTATTCAAATCT	0.148145637798443
GCCTATATAGTCTCGGTACGCAGCTGGGTAATGGAC	0.272113276882485
AGGAGAGGCGTATAATGTTCACACACAGGCCAGGGG	0.0372733165275126
CAATTTACCAGATCTAAGGATGGGCACTCAACACCT	0.0216172352234136
ATGGACTATTCACGTCCATTCACGGGAGATTGGCAT	0.0773457833559525
ATACTGGTGGTTAGACCATAATCGAACGGCACTTAG	0.537115788967704
CCCCATATTATGAGAGTGTGCTGCCGTAGCAGGCTT	0.340850780761622
CAAAACGAGGCATAATCTCCCTGTCTGCGCAGGCTC	0.171381012379398
GGTGTCACGCTTCAACACTGTCGATTACGGAACCGA	0.311289875662107
ATTGAGATCACTTAGATACGTTAACCCGGCGCATGT	0.31597637160286
GGTTAAATTATTCCCCACGTTACCGGTTAACCGGTC	1.10024997556077
ACAACAATCTTCTACTGTGAGGCTGCCAACCGAGTG	0.0317304396997078
GACTCGCTTGAACAAACTCGCATCGGTTCGCCCAGC	0.0373390945470046
GAAAATAAGCACTCCAAATTTGTGAGACGAGGTCGT	0.293014182011827
AAACTTAATCATCTCTACGACAGCAAATTCGCGTCA	1.12846871196177
GCTAATTGCTCGAAAATAGTTTATGGCCTCGTCCAG	1.66446447072582
GATTTAGGCCCGTAGTTACCATGGCACTACGTCCAT	0.00695074415497275
CTGTCTTAATCGTCGGAGGACGAATGTTACGAGGTC	0.162335357384503
GACTAGAGTACATCAATCGGTACATGGTTCACCTTG	0.0932532655503763
GTGCCACGAACCGTATAATCACTCTGTCCCTGCACT	0.177385064141763
GGGGCGGGAGTAGAAAGCTAATTTTGGAAGAACGCA	0.0805486798916669
CATTAACAATTTGTATGGCCGAGCGTCGTTCAGGCT	0.0264468077689062
GTTGACCTTCGCACCTTATCTGGTTGTAATGACCCC	0.144254528513756
TACCATATATTATGGACTATGTGTCGCGATCGGATT	0.127384705594206
TGTACCCAACTGATGGTGCTTATTAATGAGACCAGC	0.598963260116471
CTCCGCGTCACTTAGTTTGGTGGTCACATTATGTAC	0.166269139636712
AAAAATAGTGAATTAAGACAGAGAGCCAAAATACAT	0.3789337452356
GGATGTGAAGTTGTACGGTACGGGAGTAAGCCCAGC	0.0742508295352227
CACATCAAGTCGGTGGTCAATTTCCTATCTCGGGGA	0.398386764593964
CGCATACAAAGAGCCGATCTATTATCCCCGGGCCAA	0.324627399526833
ATGGGGATCGTTAAGGTGAATGTTGGACCGACTCGG	0.192925383935895
GCGACCCACTGATATAATAGACCCGAATAACATCAA	0.177000026842338
CGGTAGCCACTTAAACTTAGCTACCATAGGCCTGGC	0.10959833429609
CATGGTAGTTCACATTAAATAGATCTGTTTAACGTA	0.229775128713276
AGCAAGCCAGTTGTGCCCATAATCCGACCTGGTTGT	0.0615536507772632
GTTGTCGTTGATTAGACACCAGATTTTAAAATACCC	0.636129120163258
GGGGCCACCCCTCCTCGTTTAGCTAATTTCCCTCAA	0.061065563387147
AATTTCTGTTATTTGAGGTAATAATGAGCCGGCGTT	0.593178326350581
GTTCTATCCAGTTCGAGTGTATGATCGAAGATGTAC	0.0307133196634258
AGAGTAGTTGCATTAACCAAAGGTTTACCCCCGCAG	0.137580004977013
ATCACGTGCATCTACTAGACACCCCATGCGTTAGGC	0.0612299683853991
GTCTCACTCTCTCTAGCATTGTGGCAGGGCATCGTA	0.013645668206438
GAGACTTTGTGTATTCCGCGTCAACCGCGTAGGCCA	0.0675357256451083
AGCTACTGTTTCTCACCGGGACTCCACGTAATCGGT	0.149430461183616
GAAAACCCATGTACATTACGTAAAATGTGAGGCAAC	0.183332648347774
TTCGTAATCCACAGCCCATCTTTTTGTATCTGTTAT	0.105265268129347
TCGCATCAGATTACCTTCCAGGTAATATAAGTTTAT	0.286114727204162
AAGAACATACCGACGCCTTAACGTGATTGAGATGCA	0.0409784662789242
TCTTGAATTGGTGTAGTGATGCCCGATCAGAACATC	0.0107038011821824
CCAGAAGTAGGAAGCAGGTTTAAGTGGTGGACGTTA	0.0789010529693296
GGAATCTCAAGCTAACATCGCGGGGTAACTCGTCTT	0.301328091564066
TATGTCCACAACATTAGGACTTGATTGAAAGCACTT	0.121038445364291
GCCATCCACTATCATATGGAATAGTGAAGCGGCCCT	0.0991367059447874
ACTATGTCTCAATTGGATAAAAACCTCTTTCCGTTA	0.31206221276036
ACCACTATTATCACATGGTGCAGTCGACTGCTGTTA	0.249982110716414
TTACTAGCGTCTAATCAATTAGTATTCGCGATGGGG	2.73536907403538
TTGACCTATAGATTTCCGGTCCCCATTCTAATTAGG	1.08995852977521
CGGTTAATAGGCGTTCTGATTAAGGTTCGGGGTAAT	1.64951196093123
GCATCCCATCTCTGATGCCTCCTTCTTAATGCGGGC	0.106687345907366
CGTGTCATTTGCGAGGCTCTATTATGTCCCTCTTAC	0.282147279203036
CGCAAGGCGATCATACGTAATAGGACAGCACAACGC	0.0507793813987588
ACCCTTATTTATGGAACAGGCTGCTTCCTTCCTTCT	0.0237568883477223
ATTCAAGTAACCAGTGGTAATATAGCAAGGTATGAT	0.181344312029473
GCTGCGCCATCAATGTATTTGGGAGCCCTCTTATTG	0.0211490395682705
GATTAAGTGTTCATGCGGCGCTGACATAACAGGGAG	0.0645931714652848
TGGCAATGCATAATGCGATTTGTCTGACCCCGGTTA	0.227806500621344
TATACGTGATATTACTTCATACAATCCCCGGCGTGC	0.00186244772826174
CCAATAATATGGTTGATCTTGAGTTGTGGTTTTGGT	0.422069450867605
GACTTATCCTATTTCCGGTGAAAGATTTACCGTCCC	0.100542626517917
ACAATCTGACCCGGCATAATAGGGTACATTATGCGA	0.543643032240934
GACCACAACTATCATTCGGTCAGATTTTACGGCTAC	0.0128191589289691
GCGGCGAAGTCTTCACATTAGTATTGTATGAGAGGT	0.023215906432117
AGCCAGCTTGATTGACGATTATACATAGACCTAGAC	0.18692560945728
AACTTTGATCCGTCTTTACCTCTATGACACTGAATA	0.00404005612161076
AGCTTTTGGTATTGTTTACAGACATATATGACGTCC	0.0620684512557332
ACACGCACCCTCGTCACTCATAGGTACACTCCCGCC	0.00326629686557318
AGTCACTTAATCCGGATATGAATGGCGGGCGACAGG	0.620560598144635
TGCGATGATCGTAGGGTACGCGCATATTAACATGTA	0.141248664583629
AATGCTTGAATATATCCGTTACCGATCGACGTATGC	0.136386556963425
ATAACTCCCTCCTGCATAATGGTCGCAGCCTTGAGG	0.0499523162281161
GATGGTCTTTTGAGGTTTCGCCAGTCATGCTGGTTC	0.0736376350786729
GGTTATTAGATGTGTTGTTCGTCTAGTGTTAGGTAC	0.749150129878011
GATCTTTCAGTTTAAACCCCGAATTTATTGACACAC	0.143597696422064
CAACCACACTTACCTCGATCGTCTGCGAGCGAAGGA	0.0425879110553371
TGCCAATCGCCAACATTATTTGCACTCTAGAAATGT	0.0957749692461074
GCGAGACCTACCTAACCAGCACCAGTTACCGTCGTG	0.252145537303291
TGGGGTCTATATAACCAACATTGCGGCACAACATGA	0.0623421921466521
GCGTACACGCTTATGGGATTAAACCCTTAACACCGT	0.114739213515643
CGCAAATCGATAGTGGCCCTGTACCGGTGGCGTGAT	0.313640333149052
CCATCCTGACGTTTAAATGCTGTGCTCTGCGTACAA	0.032115936258458
GTGTTAGAAGAAATTAGAAATATCGATCGAGGCCCA	0.115515389282291
GACAGGTCCTGTTATTGCAGTCCTAAGGTTGCCGCT	0.055829166379976
GATAGCATAGAGTAAGGGGACCGACTGTTAACGGGG	0.0540577709238974
GGCTCTGAAGAGCTACTAATCCATGCTCTAAGGAAA	0.0140465925896092
GGTATCATTATTTAAACCGCCTATGCTTGGGAGTGT	0.572037535917395
TTAGCGTGGTTATTTGGGACAAACGTCATGATTAGG	0.0798842994410979
TATTCACCTACTATCTATGTATATTAGACAAATCGA	0.0365824547487783
TGTATAATCAACTCCGCGCTAGGAGGAAACAATACT	0.0419016113327723
GATAAGCGAGGTTTTTATATGCCACTTAAGGAACAC	0.106957482873292
GACACATAGTACCGCCCCACCGACCAGAAGTGTGAG	0.0545101184165594
ACTATATACAAACCGGCTTACACCAAGTTTCTGATG	0.0298733353340692
CACATATCACTGGTAACGAACATGTTCTAACCCGTC	0.217263218779099
CGTCTCAATCATCACCCTAGGTCAAAGTAGCACTAC	0.104233739626591
ATGGTGCGCTTGTTCGTATCTTGCACGATTTATTAA	0.0411051059328914
GGTCAACAATGTGCATCTCGTATGATGCTACAGCGT	0.097794480236781
TCTGTGATAAGTGACGTGCTGGTGGCCACCGTAATT	0.272495535370866
TCTACGCAACAATTACAAAGTGACCTTCACGTCTAC	0.121668448950427
GACACCTTCCACGATATCCTATTCGGCTCGCAACCA	0.133231332905922
TCTCTATCTCACATTAGGGCCCGAAGAATATGCAGG	0.0281387469446771
AACTCAATCTCTTCTTTGTTACTTGACACAATTGTC	0.0339916953442795
TCGATTGCCTAATGCTACATGGTCAACTACTCATTA	0.402056047059005
GCTCTAGAATTCAGGTTGGTCTAATCCAGGAGCTGT	0.0660105795793911
AGGTTAATTGGTTGAAAACTATTTTGAACTGGTCCG	3.17584594578848
TGAGCTGCGCAGACCTAATTCATACGAGGAAAAATC	0.21331647635945
AACTTTGGGATGGATGATTCCTGCGGGGAATTCTCG	0.00887880433331709
ATTAGGAACCATGTCAAGCTCAGGAGCATTAGTTAA	0.0161688259025036
GATCGAGTTTTTGATCCCTGATTCTGTATGGAGTGC	0.0586190929735801
ACATTAGCAATACATATCACGAACTCCCAATTCTGG	0.172966911515099
CCAAACCTCTTAAATCAACAAGAAGATATTGAAACC	0.0274194452173632
TGGTGCATGTTAATATAACCTTTGGCATTGACCACA	0.333166206135449
GGAGGTAGACTAGATGATTCAAGCTATCTACGAACG	0.237816666052068
GGACGTACCACGAGCGTTACTTACAGCCCTGCATGA	0.111136209856787
CCAAGACAGAGCATTTCATTATTCCAATGAAATTCA	0.0910611707965257
AACAGATACTTCCTGTGGAAGTGGAGCAATTTAAGT	0.00298837010220654
GTGTGAGGATCTGTTAATGGTCGTTCGACTTAGCTG	0.228540239575907
ATATTCTTCCCCCCAATAATAATTGCCACCTGACCA	0.655251931736326
GTTCAACTTTATTGTTTAGCTCTTTGTAGACGCAGG	0.00134509302376104
GATAGCCATGGTGTGATTGTTAAGATCCATAAACGA	0.124074195110703
GGTGTTATCTCGTTACAAGAACGCTTCAAGCAGAAC	0.120589808165031
ACGCCGTCCAATTGGCCTACTTTCATATCGCGTACG	0.251170036638579
GAAACCGTATTAAGACGTAGGCTACATGCCCATAAG	0.114977212478989
ATATAGTACTACGAGGCGCTGTTTGGAACAATTATC	0.126730592872166
GGGGTATTGTTACACATCGTAGGGCTGCAACCTAAG	0.0474786411639666
TCCAAGCATAATAAATGTACGAAACCGTTACGCAGT	0.0298656306120003
GTACGTTAGGTACGGGCTATGCGGTAATTTGGCAAG	0.412898778316719
ACGTATTTATTTAGGGTGTCATGCGAGGTTCGTACT	0.168727860313744
CATCAACTATTGACCAGAGCCTAGTGCAGGTCCGGT	0.0157662142906811
CAAGAGCTACCTTAATAGGCAAAGGAAGTATTCCCT	0.511969779352741
CAGTAAGTCTACGTTAACGATTTCCGTGGGTGTACC	0.0819603223164368
GTCTGTATATTTAACTCTCTGCTTTAGGACTCTATC	0.17244900220266
GCACTTTGCTATTGGGCTACGAACATCACTGGGTAC	0.0928295674567773
ACCCCTAGATTCCCAACGAAACTCGTGATGATAGTG	0.0274714066346758
ACTCGCGTACTGGTATGCATCCATAGACTTCCCACC	0.0374232200936302
AATCTGCTCGCTTACCTACCCGGCTACTTTGTTCCA	0.0226654560593826
ACATGCAGTATAGGGGACCGGGACGCACCGCTCTTG	0.0327117613945659
TCGATGCCTGATACGATAATTCGTTGCTTACTCATG	0.994301617552458
AATACATACGTGTGAATCGATGCCTCCGCTCACAAG	0.0454670834610732
GTCATACGACAAATCTCTTTTCCGTACTTAGCGCAC	0.0716505461126167
TGTAAATGCAAATTTAGATTAGCCTCCAGAAGATAA	0.408923676379232
TCGGTCCACCTCTTAATGACGGAGGACACATAACCA	0.171135346713457
ACTCACTTAGGTGTGTACGCGCTCATACTTGTTATA	0.236615415282837
TCGCTGATAATTGCATCCGACGGAGACAGCCGACGG	1.13504793046876
GTTGGAAGGTCACTGCGTTGATTACCACTGAAATGC	0.239908474864051
GATCGCGCTGGTGCCTCTTAATTGTACCGCACGGGG	0.621306948562298
CGCGAACGCGGATATGTTCATTAATCTCCATTGCTA	0.33205701500833
GATAGGACAATCATCATGGACAGGCATCCCGATGGT	0.167249895395697
GTACAGGTTTATGACGTTATCTTCCGTCTAGTTATA	0.133948719008316
TGCCAGACTGAATTAGTGGCGTCCTGTCATGCGGCC	0.51795544048503
GAACGAACTATATGTCCTAATCCAAACTGGTGAGCT	0.199975612488089
TGCTTGACATGAAGCCCCCCATTAGGCTGAAACTGG	0.0567173539408331
CGGGTACTAATCTCTGTATGCACAGCAGGGACATGG	0.0672658758561584
AACACTGCACCACATTATGGGTTTGCCGAGCGATGT	0.0383130668517843
GTGGGATATAACGAATCGATGATCTGTCACATTGTA	0.190668396223671
GTCGCTAGGATTTTGGTTCATCTGCTGTTTAGTATG	0.00358386758969253
TAGTAATTTGGAGGATCGAGAGACGGCTCAACAGTG	0.0270303762006183
GCCCAATTGTGACTCCCAGGGTTTTATCTAGCAACC	0.0113941475261873
CACATAATATTAGAAACCTCATCATACATACATACG	0.130910844189433
GATAATTATCGGATCGGCTGAGTCGTACTGACGTAC	1.05865426771478
AGGCGAACGGGTAATTGAGAAGTCATCCCACAAAAA	0.807517894767815
CCACATGCTCTGAAAAATTAGGGAACATGTAGCGCT	0.146021512396031
CATAACATGTCGTGAGTTGCGTAGGGAACAATGCAG	0.0254472561888808
CCGGTATAGTCTTATGTATATGGAGGCATTCATGCA	0.134434561297895
GTTCATGTGGACGCCGATTGGTTCCATAAATTAGCC	0.666342701172219
CGTAATTTGGTTTCCGGGGATGACCGAGCATGTTTT	0.606705206366161
CTCTGCTTGCCCGGAGCACTCGTTAATGCGCCTGGC	0.35439305630024
GTTCGGCTATTCAACGTGACCGTTTCGGTCGCCTCG	0.0266470644075435
CAAACTACCTTGGTTTCTATTCCGTTCGCAGGTACC	0.0183681245605664
AGGACGGTAGTACGCATTAGTCAGAAACATCGTCTG	0.236533564273857
GTAGCCTTATAGTTACGCTCGATGTTAAACAGCCAT	0.10403657816932
AGGCCCTGGCACTGCTAAACCCGCTAATGTGATCTT	0.181244136008718
TGGATCGTTATTTGATACGTGATTGGCTATTATCTC	0.63244406102527
ACTGATGTATTATGCATGGCAACAAGCAAAGCTTTG	0.0668936328600131
GGCTATACGTATGACGCGTGGCTTAAATATTAATCA	0.261986358930225
TGATATTATCGATGCATAAGCCGCCGACTTGTTCCC	0.139078824825593
GGATCGCTTAAATGGTAGATCGACAGTGCTTCTGAG	0.33348422344398
ACCCTAACAAGCTGCAAATAACCAATCTTAGATAAG	0.745723444813511
ACGATTCGTACTAAACGCACTAATAAAATCAGAGCA	0.223506429800086
TACTGGAACCACGTATTAGCATGAGAGTACTAATAA	0.425924660042086
CTGGTCTAAACGTGGCAGTTTCTAGCGCTAATGGGC	0.351223492569668
ACTCTGACAAGTTTTGCCAATCGATGGGCTAATCAA	0.190249179355366
GAGGCCACCCAACCGTTAATGTAAAATTATGCGTGT	0.00191849872471815
GGGAAGTTGCAACTGCTAACAGGAGATGTACGACTC	0.00803700527667475
GATAATTGGGTCGTTTAGCCTTAGCCACTGCTTTAA	1.75481547417906
ATGAATTGGTAATCGAAGGCGACGCTGATAACACGC	0.268534767239952
ATGACCTATAATAAGTCTGTGAGTGCCTAACGAACA	0.418839839109826
CATCTGTAAGATTGTTATCGCATGCCACAGATGTTT	0.0657636111528451
GTGCTATCCTCGTAACCCAACGCGAATTTGGCCCCT	0.00940087311899537
AAGTGCTGTCTGGATTGATTTCCTGATGGGCGGTTA	0.0807196944356794
GGACTGTGTATATAAACTGGTAGTAAGCTCCCAGGG	0.323879216006317
ACGAGAGTGGCACCCTAATAATGAAGGCTTGGTGTT	0.468009828070982
CGCTCCGGGACCATTAGATCGGATTAACCGTAATCA	0.74079690975852
TCCCATTAAGGTAGAATACGCTGGATACTACGCACC	0.116526240390076
TATTGTGTGATCGGACCTGCTGATCAGTATATCCTA	0.0903852307942842
GTAATCGGACGTAACAGAGTTTACAAGGGTGTTATT	0.151191105104132
AACCAGTCACTACGTGTATACCCGCGTGGTCCAGAA	0.0359520593802359
ACTGATAAAGGGAGGGGTAACATGTGGACAGGCCCT	0.116858891873477
GTATGGGGTGAAACCACGAACGGATTACCGAATTGA	0.194720296959811
AAATAATCCGAGAGTAATATCGCTGATCCAAAGTAT	0.0132423487425069
TCACTATTATAGTGATGAGCGCCATCAGACACCTGG	0.0597091519850567
CCTACAGAGTCTAATTACAGCTCGCACGAGGCACAG	1.72274424985948
CTCTTCATGATTTAGGGAATCTGCTAATCACCGTAT	0.867454604498769
CCTTACCATGTCCATATCGCTAACTCATCATTTATT	0.297662452646797
GATACAGTTCACCCAACTAGGTCGTAATTATATACT	0.705684391044061
GCCAGATTAATATAGTAGAGTTGAAAGAGGTGGTTT	0.243021389569316
TAGGTAGGGGTCATTTGGAAGCAATCAGATCGTCCT	0.0206664997418412
CACATAAGGGAGGGAATTAGTTTGCCGGAATTGTGT	0.490382545509316
CCCCGCACTAGAAGATCTAATTTAACCGGCCTAATG	0.782761067688722
GTCAATCGGAAGTTGTCACCCTGCAGGATAGATTAC	0.0194522225911032
GGAGCGTAATAGCAGTGCCTTAAGTTCAGACACCCC	0.0426972538542375
CCTCGTATGTTCGTAAGCCTTGTTAGGTAGGCCCTC	0.0587134102067334
CACATGTGATCGGCTTCCATCATTTAGCGCGTCATA	0.146164374112456
TTAACACCATTATCGCTGGGCCGTGTGAATGTCGAG	0.0643846551337222
GAAACATCCTGAGATTACTGCGAACCGCTCCTTGAC	0.0343531007565884
GGAAGCGCGGGCTACCTTCTTATAATTAATCTGTAT	1.11543875965478
CTGTTGTGTCCTTACCCAAATAAGTGTTTCTGTCAA	0.115413841039059
ACACGCTACTCGTTATTCGGCACCGAAATTCAGCGT	0.164398153486062
TCATTGGGGCAATTCATTTTGTCATGTCAAGACTGC	0.156841388155762
CATGAACGACATATCCTTTGCCCCTGTAACCAACCA	0.0187016911340911
ATTGATCTACTGATTATCGGCACGTTGCTGCATAAC	0.619312733502137
TTTGAGTGATGATACGTTAGGGGTACTCAATAGATG	0.0413491164388073
ACACGTTGGCTTCAATTATAGACAGACCCTAACAAG	1.82413818774633
CGTGCTCATTACTCTCCCCCCCGAGTGAAAGACCAC	0.934912532809008
GAACCTCATATTAAGGTGACCACATGTCCATTGATT	0.901434096891366
GATCGACGCTACACTTATTTGTTCCCAGAAGTGATC	0.211742791835287
CTGTCCGGGTGGGTAGATACTAACAGGCCATTCCGC	0.050442679305947
CAAGTTTCATCGAATCGACTATTAAGAAGGCGGTAC	0.12687906845805
GAATGTCCACGCCACAGTTAGCCTATTGCTCGTTGG	0.202660035067357
CCATAGCTAACTTAGGCGGCGCAATAGTCCTGTCAA	0.117538079913457
ATAAGCACATCATCACCGGCTAACGAATCCCGTGAC	0.453521298121918
CGTCGTCAACATTAGTATCCCCCGCTGCCCGAGGTT	0.0937413524206081
CAGCCATAATAATAACCTAGCAAAGTGCATGTAATA	0.672283024126414
GGACGTATAGGTACGTGAGATAGTGCATCAACCCTT	0.0443798550034971
AGTAGTGTAACTATTACATATCGAGAGGCAACTGCG	0.133393423282174
GAGTACCGTTTCGCGATTGTTGGGTGGTAATTTTCC	0.250619681051638
CCAATACCCCGATATGGGAGCACATAATGGTAATGC	0.223057504534599
GCCGTTTTCTGCCGCGAGTTACTCGTTCATCTAATG	0.110654485757739
CAGTTACCTTATTGTATGTTCTAAATTAAAGCGCCG	0.39073724792018
TCTCGCTTGCAACAATAAGTAATCCAACCGTGTATT	0.01721650729205
CCATTATTTACGTTCACAATAGCGTTTCATCAAGCC	0.0394622209820918
TCCTAATCTCAATAATGGTATGTAGGACGGAGGTTA	0.173004944846317
GGATATCCGTCATTGAAAAAGGGTGTAGTTCACTGG	0.0291204879310029
ACGTCGGTTAGCTCACATCATCTAATAGTGACTGCA	0.143698025888367
ACCCGTTGTAGAGAGCAGTACATTAAGGCAAGATTA	0.0993026448634986
TTATAAGTGGCTATAGAACCGCAATTAAGAAATCGA	0.47000169119627
GTATTAGTCATTAAAGGGCTTGTTGCTCCAATTACA	0.928686203691254
GTGTTAATGGCGCAGTGCCTACCTCACGGAAGAGGG	0.151741698209728
GATGTTTCTTCGACAGGACGTTGTATTCCGGTGAGT	0.00979038981114177
GGGTACTATGAGTAGCATTTCGTCGTTGAGAAGCTC	0.056593603731683
GCTTATTCATCGACTATACCTGTGACGTCCGGCAGG	0.0481738551112826
AATCGGAATATGGTCGGCCTATGGATTATTGGTGTC	0.0860017579306628
GATAGTTGCAAGAATGGGTCGTCGAGTGCGCGGTGA	0.0826056921773889
CCTCTACAGAATGTGGTTGGTGGTGGCAAGTCATCG	0.052070817433416
GGAGTCTCGTTGCTAAGACAGATGATGCATATGGGG	0.149835216994499
GATTCTAACGGCTGGTCAAAATATGTTAGATCTATT	0.0838797511158777
CTGCCAATAGAAAATTGTGTACCGTGTGAGCTGGTC	0.0370436324044119
TCTACGACATTGGTGTGGCAATCATCCAGGCTCCCC	0.0157409792227753
AGTAGTGACTTGAGTAACCGCCTCTTATTACTAATC	0.303613611249895
ATTATGCAGCGCCGATTGTCCTGCTTAACAGTAACA	0.0368875674940275
ACAACGCGCACTGTGCATTTACGCGAGCCCTCCGAT	0.0187666598434196
GCTTGTGGAGCCGTGTGCTTGGTTTCCTAAATGGTC	0.034360248339291
GGTCAAAAGTTGGCCCTTTGCATGTTATGCGGTCTT	0.0686971289879265
ACTCTGTTGTGCCTCTAGATATAGTCTGTTGGGGTA	0.142652845501104
CCGTAATAGGTACTTTCGACTTTACTCGTTGCGACT	0.352350489913217
CTGTTACATAACACAGACGTCCTACCGATCCAGCTA	0.0863960165284848
TAATAGTGCCGTCAACTCAGCCTCCATTAGCCCTGG	0.212900709288295
ACTCGTGGTGCATAAATCCAGAAGAACCAATTTGTT	0.172578313975698
GATCTCATAAATCTAAGAGTCTCTAGAGTGGCTTCC	0.171602742143674
CAAGCGGATTTGGTCGATGTTGCACGCTACTAACCT	0.0257543088383437
CTGGAGAGATTAACGAGGCACTTAACCACTCGGCAT	0.860022803736557
TACACTAGTTATACTCATCGAGTGGGTTACATACAT	0.140065113245728
GACCGAAGGAGATGCATAACAATTGGGCTGAGAGGG	0.12331446732699
GGTCGAGGCTTAACTTCATTGACCAGCATTACGAGC	0.0375930577153746
GAGTCGGATGCTTCTGATTAGCCAGTGTGGACTCCC	0.659772691772676
GTTAGGGGAAGACACCTGCTAATATCCTCCACTCGC	0.115728027661499
GGAAAATATGCCCCCGCGCTTAAATCTGATGATGTT	0.0188873799275801
AAATAATGCTACTGTTCGAGCTCTGGTAATTGTAAA	0.0267775285531781
AGCTATGCTAAACAACGCTTAATAGTCCCAGATCGC	0.0578158038480329
GGTTATGGGTATCGCGCAGGCTAGGGCGATAATGCG	0.00751141538553997
TCGAAAGAGACGCGACTAATTATCAGGCCGCACGTG	1.34155022522574
CGAAACCATGTATAGACATCGGTATTTAGACTATGG	0.0437948289012628
CAGGCTACCCCCAGTCATAATGAACACTATCCATGG	0.0975938202610174
GGCGTAATACCTCTGATATCAAGCTGAATGATTAAC	0.235721377474558
GGTTAAGTAACCCCTGTCCTAACCTGAAGGAGAGCC	0.0699330138806583
GTTAGTGGGCACGTTAATGTTCCCCAACGCTCTACA	0.191293928692408
GATTTCGACCGACGCCAGCCTCTAATGACCTACGCG	0.705823023820811
GTTAATTTGTAAGCGCGCAGGGCAGCTGAGTCTAAC	0.310764160165995
GTGAGGGTAATGGGGCCGTAGCCTCGCAATAGGAGA	0.251050011103193
AAGAATGCGAGGTAATGGGTTTAACGGCTTCTCCGC	0.216759907574455
ACGATGAAGAATGGTTATTCATTTACCTCCACAACT	0.0569251310224068
GAGCTTTCAAGACGTCCTTAATGACTAGACCCTCAC	0.425881336739818
CAACTTCAGCCAAGTACTCAATCAGCCACCCTTGCC	0.108905028517474
TTCTAAAGCCTGGTGCTAATCCCATTACCGTCACTA	0.532692385574825
GTCTATAAAATACTATCGGGCCACATCGCTGAGGCA	0.0816345515380835
ACCATGTGAGTTCTTCCCGCGTATCGAACTCTTTGT	0.0637167554414112
CCTATATGAGAAATTAAGCCACGACAAGGACCGGTG	0.4008227530987
ACCCCACGTATTTTACCCAAAGGGAATTATCCCCAC	0.0672839929844086
ACACAGGGATATGTAGGCGGGCATAAATGTAGTCCG	0.00450931252052652
GGTTATGCTCAATAAGTCAGACAGGAGCGAGAAGGT	0.200031782511323
AGATAAGTCTCTCTGTTTGTCATTGGTGCTGCGTCA	0.0648246566443838
TATTGCTACCAATGTTAAGTACAGGTACATCCGACT	0.0918103874044094
CCAGGTTGTCGTCTATCTACAAGTGTATTTGTCAGA	0.102680929682522
CTGTAAAGAGTAGCTATGTTACTGGTTTGTCGGATC	0.0127677261024267
ACGTTGATGTATTCCATTGGCCAGGGCTACCGGGAC	0.0523515214505014
ACTAACTGGCTGTTATGCTTAGCAACGTACAATTTC	0.153524902342444
CACACTCGCACCTCGGAATTGAGATATCTGGTTAAT	0.101335313204916
AACATTGGTACTTGCCGGAAGCACCGATTATGATGT	0.147664313930737
GTACATCTTACCGGTATGTAAACACTCTCTATCTCA	0.0353562830398038
GCTATGATTCGTGTTTCTTGGTGAGTGGGGTAGGCC	0.0790669427512592
GATTGTAGCACACGGACTCAACTGCGAGCCTGATGC	0.0104507822569119
ACAGTTATTCGACGTCGTCGTACCCATGAGTTTCGC	0.089486272759898
ACCTAATGCTCTGCCTTGAATAGAGACGCACCTGTC	0.111366439541359
GGATGCGACTTGGATGTACCTGTGCGGTATTCGAAT	0.097323731579189
GGGTATGTTATATAAAATCTACCCCCGAGTAGTCTT	0.108678987095667
CCAAACTGATAGGCAGGGCCTATTAAGTGGGGTCCG	0.694890557796077
CAGAATGCCAGAGCTGCATTAATCATCAAGCTCATA	0.220466775343841
CCCAACGGCTAATGCTGAATACCACAGCGATCATGT	0.060694697729514
TCCGCCGACTATGGTGCTCACCAAATGGTCATTACT	0.030611062043824
GCATCAGCATAATGAGCGTTAAATAAGTGGCCTATT	1.7913913376697
GGAGTCCTTATATTCAATCTAAGTATCAAAGAATAC	0.22082830502477
AGATTCAGTATTCTGTGAGAACCACTTAACGTTCAA	0.148549316961728
GTACCAAACGGTACTTTATTGCAATTTTATTATAGA	0.158211812296643
TTAACGAGGTTGAGGAACAGGGAATGCTTGTAATTA	0.583162184058307
GAACGATCTACGTGGTCTTACTGTCTACGTGACAGA	0.0147671468533707
CTCGCCATATGTCTCATGGTATTGAACGAGAGAAGC	0.00953807775306899
GTACTTTGTGCACCCCCAATGACGATATTCTCAATC	0.000843438721748632
GAAGGCCTGACAAGATAAGCAGTTAGGGAAATTGGG	0.2171325415888
GGGACATTACTGAGTGGGCAGATTTCAACTAGGTAA	0.324791926645551
TTAAATAATTTTCCCTGTAATTCCGACGCATAGTGC	0.362434218230002
AATAGGCGCTTCGAAGGACGGAATTTGGCTGGATTA	0.0158771246838321
TGGATAGTGTCGTACACAAAGTCGATGACTTCGGGC	0.0086850047427035
ACGATAAGACGGCTGATGAGGATGACTAACATCGAA	0.079043665306895
AAGCCTGTCTGCAGTCTTTAAATTAGGGGTGTGATC	0.619031320400653
TAATTATATGGATTGTCAGTCGTGCTCACTCAACCA	0.0754062361635629
CTTTGTAATCACTAAGTATAACCGAGACCGCACGAG	0.0655582369009337
CGATTCGGCATCAGAAAGTACCTAATTTACGCGTTA	0.684480100179751
GAGCAGGCGTCATTAGTGAGGCCGCATTTGACCTAA	0.789006200775463
GCCGATGAGCGGCTACATGGAACCTAATTCCCGTCC	0.0672968638839382
ACGCCAATCAAAGAACTGTACTATCAGCCTGCACGC	0.25305276035655
CTATAATGAACCTCGAACTTGAGCCCTCTACGGACA	0.254158266747709
TGACAAGGGAAAGGTGTTAATAAATGCTGCCGAACG	0.0455980916772981
ACATACTAAGTGTTATTGAATGCCCTCGATAAGGCG	0.308032379941438
TGATATAGTCCCAATAGTTACCGCTTGCAGTCCACC	0.176708030492304
TGGTGGGTAGTGCACTATAGTTATAAGGTCGCTATA	0.167472525189589
CGAAGTCCCGGCGTATTATAGGGCGGAAGTCTAATT	0.217202169127285
GATTCGATTTGCCGCCAATTACTTCCTCAAACGACT	1.37227181950872
AATGTATGTTTGAAGACCCACTAACGTATGGGTCAG	9.88714386850106e-05
GGTGATTATCCCTGAACCTCGTCAGCCAACCACAAT	0.298498057469514
AGCTTTTCCAAATTAGACAGCTCATGCAACAGGGTT	0.490594540304618
GGCTATACAGATATTTAGAAAATTAACACTCTTGAT	0.200409126764102
TTAACGCATTATTACGAGTAACCCCGACTGGATCCC	0.19597316856369
ACCATAATGCGGAAATCCGGAGAGTAACCTCAGCTC	0.0822310602564199
GCTGTTAGCGGTTCCTGTTTCATTATGTTGTGGTAA	0.0982412725661044
AGACATGCTAAATGCACAGGTAATGTGGGTAGGTGT	0.404535891599483
GCCAAAAACGGGAACGGTGCGCATAGCTAATAATTA	0.709503560297588
ATTGACAATCGCTACGCGGGCCAGCCCCTCTAATTA	1.43314642523783
GACTATCGGTAGTTTAGACCAAGATGTTGTGTGTTT	0.159159839750604
GTTGAAGTTCGGCCACCCATAATCAAGTGGGCTTAA	0.313150848159042
GATTACATGTACCTCAATTACGGTATAAGGGAGTAG	2.0551340002965
AGGTCTATTATAGCCTATGGAGCGCATGAGTTCAGC	0.558502704446267
CTTCTGAGTACTTCAGCCGTCACTTAAAAATATTGT	0.052029742890844
GGAAAATACGACCTTGCAGTACCACTGTGATCACCC	0.242173177320311
GGCACCCATCAATTTCGTTACTAACGTAGAAAAAAC	0.268579791504831
GATGTGCCCCTTGAGGTCATTGCTGTGTGTATCCAC	0.128660056019577
AACAGTACCAGTCAGAGTTCACCTCACCTATGCCCG	0.058289249244178
ATGTACATATGTAGCGGATACCGCTTTCGTCCCCCC	0.109074702925091
CAACATGAGGTGTTATTTTATTTAGACACGTAGGCC	0.0976045490955774
TACTATTTGCGTTGGTAATTACCCTATTCCGTGTAT	3.59493667271849
GAGTATGAGTGTTTGTAGTGGAGTCGAGTTTTGAGC	0.159904476650634
ATTTGGACCAGTTTGCTCACTTAGTCACCGAGGCAG	0.289470757502686
GTTCTCTGTTCAGATGGTCTCGTGGCAGGTGATAAG	0.00385947318592003
AGGGCCAAAGTTAATGGGCTGTCATATCACTACATC	0.611018074733722
GTGTTTGCCAATGTCGACGTTACCATTTGTTATGAT	0.0863598205189481
TGATACTTCATTGGGGTTTAGTAGTTATATGCACGA	0.148317482154577
TGGCTCTAACGAGCTCTGAATTGCGGAATACAATTG	0.744677023528325
ACCCCAAATACTACCAAGCGCTAACTGGTCTGACGT	0.177110649165855
TGAACAACCCCTAATAAATCCACCCTGTCTAAGCGC	0.327057094537604
CTACCATCTCGTACCTATTTCCACACCGATATAGTT	0.0172429340917434
GTCAGTCTATTACGTAGGCGCGTCCGGTACGAGCCG	0.229035743965654
GACGCACAGCATCGAAGGCCCATTAGGTACTCGCGG	0.269121683687652
GCGTGATGACAACGGCAAACTAATTGGAGGTACTGT	2.07268981385423
CTGACTCCGATGCATTACGCGATCAATCTCCTTCTT	0.0281128769799506
AGGGTAATATGGTGAGCGGTCAGCAAGTTGGCTCCC	0.286675575637864
AGGCGATGACCTACTTACGGGCTCGCGACATGTCCG	0.0253908018390247
AGAACCCATTACTTTCGGCCCTAGGTGATTGTCAGA	0.145012320915347
GTCTGTGCAGCTCCAATATTGATTGCTTTCTGTATG	0.152934795293517
ACAACCTCAGCGTCAATCTGTGCAATGAGCCGTTAC	0.0514914964188427
TTAGTTAGGCTTAATTCTATATGCGATGCGGCCTCC	0.147674531314273
AATGCGGGACAAATAGATGTCATTCGGGGAGCCGAA	0.00591566274045412
CCAATTAGGGATACGAAAACGACGAAATATGGACAT	0.07275183237289
GATAAATCATATGTACGAGCCCAACCAGGGAGTTCT	0.123968042191246
TCTATCGGGTAACGATTATCGATCACGGTGTCGATT	0.0806080045575356
GGCTACAAGACGTTATTGTCTCCAGACCCCTATATA	0.0929364184686778
TCCTACAACATCGGCCGCTCTAAATCGATTGACGCA	0.167697189594518
CGGACGGAGTGATTACAATTTCAAGATGCTCTACGT	0.11183314638466
GGCAACTCACTGGTCCGCGTGTCGCCCTGGTTATAA	0.0200325017993127
TCATGGACTAGCTGGTTGCACATCATTTGGTACGAA	0.0343711313631242
GGATCACATACTACTACCATACGGGTGTTTCATTGA	0.365333495152919
TGTTAAACGCGGCCTTTAATAACTACGTCCTGGCAA	0.113521184231351
AATCGGATAAGATACTTAAACCCCTGGCAGAATGGG	0.00210309482214862
CTACATATGACACCGGGTAATAAAGTCCCTAGGGTA	0.399790657311505
ATACCTACAATGATGACGCAAGACACGAGACCTTCG	0.117313927605545
TCCGTACGTCTCGTTACCGAGTAGGTTTTGTACTCG	0.245113088809533
GTCGTTAACTTCACACTATATCAAGTTAGATCCCTT	0.261821827789442
GGATGGTGTATGTAGGTATTGCGCTAACTACAGGAA	0.452350386907958
GCTTACTATGATGTCTTAACCACCGCCAGTCTTCGT	0.317602628551146
GTGCGTCACTAACATTTAAGTTTCTGCCACAGGTAC	0.033609117019015
TTCTTCGCTCCAATGTCAATATTTATAATGCGGCGG	0.146393443900607
GTGAAACTACTTTTCACATGTTCTTCAATCTTGGTT	0.0295192094113103
CCAGAGCCTTTGTTTGATCAATATCGCCACGGACCT	0.0998170934799435
GCCTCAAGTGACCCTTGCGAACAGCATTGCTTTATT	0.00347684943191622
TCGTGGATAATCGCGCTGTCATGGCATAGACTGCAA	0.0277068820864736
GATGCAGTTAATATCAAATTCCTCGTAATGGTCTGA	0.513770448324689
GGCGTAAGTTGCATTTGGGTGTATCTAATGTGAAAG	0.163432413554181
GAATTGTCATAAAAGTCGTTGGAGAACATCATTAAG	0.15248487334116
CACTTTCACCGTGATTCGCCCGACATGCATCTTCCC	0.0636277732577497
CAATCTGTATCCATCTGCCATAGTATTACTCGGGTC	0.103743920579506
CCCGGTTCATGGGGTTAATTTCTTTGCTTCCCGATT	0.423769586546492
GTATCGAAATAGTTAAACGCACGGGCTCATTCGCGT	0.0639087463250337
ACTATATGCACTGTCAAATGTGGGTGCCATCTCTAC	0.0805689704093605
GACAATTGTGCAAGTGTCAGCCTTGCTCCTGCAATG	0.0438233220461396
GCTATTACTGAACTTCACTTTAACATGATAAGGATC	0.0723076894577642
ACGAACTTACAGACAGGCGATAGGTTGCAACGCCTC	0.0298436711673734
GTGCGCATTGGAAAGGTTGATGATTGTATTGTTAGC	0.0338679927823089
ACACATATGGACTCTTGGTTCAGGTGACTAATGTGT	0.198754958856927
TAGCCTAATCGTCTCAGTGACTACTGAACGACAACG	0.222778519680778
AGTAATCGGTATGGTCGGATCGATGTTTGACTTGTG	0.100880854131038
CATGTCACGGCGTCTCTTATAATGGGCGGGAATGAA	0.0757373990721655
GTCGAATGAGTCATATCATATGCCCGGCTAAATTTC	0.0612217477743703
GGCATAGTGAGGACTAATCATATCAGTTGATACCCC	0.661009262226583
GGTACTACGGATACAGTATACGATGTTCCCCCGTAG	0.122134962443116
GACTCTACACGTGATTTCCTCCGTACCAGTGGGACG	0.0866086422209484
GGGAATAATGGGAGTTAACCCAGTACAATCACCCAT	0.402636042093005
GGTAAACTATCGCCCAGATTATAGCCACGTATGTGC	0.472143237940229
CAAAATGTATATGATCCAGTGCAATGGTCCAACCAA	0.115305076359117
GAAATTGTGGTCCTCTACAAAGCGTCTCTCGGCTGT	0.0593995124643045
GATCGGTAGTAGCTGGCGAGCCTAACACGGCCGTCC	0.0142113452192505
CGACGAAAATCATGTGGTGATAAGCGGTGTCACGCT	0.166438117644354
TCTCAATTTAGCTCATACTATGGGAAATATCAGGAC	0.348196138871806
CCGTATGGCTCGTGGACGAAACTGGACATTGAATTA	0.107526689331068
CAAGTAATAAGCCAGCAAGCCGCAATCGACCTGTGC	0.735504072340266
CTTTACATATGCGACAATCAAGGCTAGTCGTAATAA	0.261999162672599
ACACTGCATGTGCCTCTGCTACCATTCATACAAAAA	0.0522554573881521
CGACCGATCGGCACATCACTCAGTTAAATGGATAGG	0.170900086256194
GATGGTTTCACACACTTTATTGAGGCAGTTTTGAGT	0.527311405872463
ATAGAGACTTGTGGGACGTAATCGAAACGCCTGATG	0.154775713724333
CGTCTGCCCTAATAAGAGGCTCATGAAAGGATAGAC	0.521723211983176
ACTATTAACCCTAGGATAATTAGACCGAGCACCAAG	2.27360659527427
ATATATCCACGCGATCACCTCGATACTCGAACTGTT	0.0138886890715341
GCTTGAACCCTGCGCGGTTAGTCTATAATTCGACGC	0.184301911020995
GGAGGTTCGATTCACGTGTATAATTAGTTCGTTGGT	2.19969441870245
GCGCCAGAAGAAGACCCATATTAATCTGCTATGACT	0.20344953604317
TAACCAAGGTTCACATAATTTATGACGGCGCGGTGC	0.202654437309128
GTCGATACACTATGTGAGATTGCTTGCGTTACCCTT	0.0498198081029109
AGTGTTCTAATTATAATTCCAGCCATCACACGAAAT	1.61100529827054
GGAGGAATAATTCGATCGTTCTACCTACATCGAATT	0.926811289701001
TCCGAGTTATTCTAATTCAAAGCAGTGTACACACAG	0.210235127766697
TTCTAATTAGGGCAACTGCTTCACACAAATTCCGCT	2.18579576915654
CCTGCTGACCGATAACCCGTCCTTACGCTTATCGCT	0.0135084122999789
CCACTCAACTGTCTCATTTATCACTGCAGGAAGGAA	0.143317193486889
GTAGTTATACCGTAAAATTGCTACGTGCTCCGCGGC	0.12966304835246
GATTGAGTAATCATCTGGCAATCGGCCGCAAGCGTT	0.375541052018922
TTGACCATTAGTGATATTCAAATTATTAGCCCTTAA	0.601474945509897
GAGCGTTATAATAGGACCATGGCAGGCAAACTATGG	0.289086113328221
GATGACAGTAGTATGGCTTGCAGAGTGATCGCTCAC	0.0582331366655882
GTTGCACAGTGCAGGCTATCGCTGGTTTAATTCAAC	0.166106399713585
ACCTAGAGGCATTATTGAGAAAGCACGTACCTGGCA	0.0342096562133265
GCACTGATGCTGTGGTGAGCTCTCCAATTGCGTCCT	0.151532118779105
CACTGAGTTTAAATACCATGGGTTCCTACACCGTAT	0.0636265306581584
GGAGTTGAGACAAATGAAATATAAAGCACTGATGCT	0.117639933326547
GGTCAGCTCGATTCGTGATAGTTTAAGCGCTAAACA	0.0959106841735397
AGAGCTCCGTTAATTTCCAACACTACCCCACAGCCT	0.713304511112777
CAATACCAATAGACTATGAGCAATATAGTGACTAGT	0.152717575889393
ATCAGCCGAATTGTCAACCCGCTTGTGATTCTTGCT	0.0607531064696233
GCAAAGCGAATGTACCCATCACATTAAGATCCCCGG	0.249902106512299
CCCCCGCATTTGGGGACGAATTATAAACCCTTGTGT	0.36406551838241
GACATGCTACGCAGCCTGGCTGGTGTTATTCATAGC	0.0972939545471035
CGGATCTTCGATGCAATGAATATAGCATTTGGAGGT	0.0540062761289422
CACGCTATGAATGCTGGCACGTATCAGATAATACCT	0.160145262565684
TCGACGGCATATTAATTACGGGTTACATCTGCCTCA	2.39569444058607
GAGAGCACGGCTCCCAATTACAATTGTGGCCTCCTT	0.764217454899144
TATGCCTTGTGACAATCTAATTCGCAGTTAGTTTTG	0.634357851378483
AACACGATTAGGCCTGTCCACTTATTAATTGAGGAA	1.66081350685773
CAATGCAGAAAATTGGACGGAGAGTATAAGTTGTTC	0.173023917585075
GTCATCCACTCACAGGGCCAGGCCTGAACTCGATTA	0.0746767740890387
AGTCCAGAGGTCCCGTAATGACCATTAAACTGGTGC	0.625494493499272
GAGTCAGACGATCCATCCATCGTTAAGAACTCCGGT	0.0172852788091881
GAATTGTGGACGACTCTTACGTTCTCTTTATTCTGT	0.0102089411262508
ACAACATAGTACGTAATGATCGCTATCTTCGGCACG	0.568606359985524
AGACCTAACCACACATTGCTAATTAGCACATAAATT	2.70039838150557
GATGGAGCGACACGCAATAATGCCATCGTAAAACCG	0.0155084298295557
GAACCATAACGACTCCGCTGGGCGGACTGCGAGGCA	0.235685320141258
CCCCTGAGCACGCAATACCATGCTGGTGTGCAATTA	0.20046014304882
CTCATCGTCCATACCCCCGACCGTTGAATTAGTTAT	0.0918772193266122
GGAAGGGATCAATTGTGGTGAGACTCGAATTTAGAG	0.164348628847793
GTGTGTCTCGGTCCTAAGTATGATTGACCTCCCCGT	0.192267733020502
GGACCCTACTTATGAACTGTTGTCCATGAAGTGCTC	0.354731792393553
CTCACTAACTACCCGACGTAGGCACACCCCTCAGGC	0.342387443764758
GATAATGGACTCTCCCAGTATGTCCGCGGCAAGGGC	0.129249306311396
TGGGCTGACTAATAGGTCCGGTCATATCTTTAGCAT	0.715183003604583
GATAACAAACACGTCGGTCCGCCGGACTGGCATAAT	0.0328005318467595
GGAACAGGGGTACACTTTATGAGACAACTTCAACTG	0.253744809623102
GAGCGACAGTACGAAGTGATCAGCATCAGTAGTCGT	0.0463124859026965
TACAGACATGATATGCTTCGGGTGCGCAGATATAGA	0.00959021797707308
TTAGTGGAGTGTCTCATCGATTTTGTCTAACAGGAC	0.0278130422100165
AGCTCGCTCTACCCAGCTCATTATTTTCCATCCTTA	0.602354479513413
GCCTGATAAGCGAACAAGCTCTAATGTGTCCTATTT	0.465121080772842
CTATGTCGTCTCTAGACGTTTATTCAACACTCGATG	0.0209301463354941
TCATCGTATAGATAACAATACAAACAGTATTGGCCT	0.101281085524047
GTCGTCGTCCAAATATTTCTGAGTCGTTAGTGGGCA	0.275040119403188
AGCCGATATAACGGTAGTGTTATGGCCTGTGATTGT	0.0897042572332662
CGGATAGTAATTAAGACTTCTGCCTAACGGTGTATA	2.28799964643889
GACGTAATGGTTACTTGTTACTCACATACCATCACG	0.467882780225377
GTATCTGAGTCAGTAAAATTCTTAGTAATTAGCTGG	1.65657840248642
ACCTAACACGTTTAAACCGATCGATCATGACGTGTG	0.130777049913149
CGCTGCTTAAGTACCGTGACGAACAAGCGTCGTGGA	0.0556827321015247
GGATTGCAACATCAACGTGCCATTTCGTGCCCTGAG	0.158248986785501
GGACCCGCTGTCTAGTTCAATCAGCAGTTGGTCCCC	0.0428933421160628
GGATGACTCGTGAAGTAAGGACGAGGTCTCAGCCCC	0.0395102116526705
TCTTGTACTCTGTTAACGACCGAGTGTCGACTAGGG	0.0433553784884891
CTGTGCTAATTCTGTTTATGACCGGCCGTCCCTCAA	0.419381353980981
CCGCGCTTCGCATTACACCACTAACGACGTACTTAG	0.185911247118047
GTAGACGGAATCCTTTAGTCTCCTAAGTGGCCCCCC	0.12122908563939
CACGAAAGCCCCGGTTAATCAATCGTGTGGACCCTT	0.500525887182464
AGGAAAGGCATACTCATTACTATTTATTGATTGTAA	0.621605769432777
GCTGATTGTTCATCTCTTGAGAGATCACGTCTATGG	0.0278324076873774
AGCTTGTTACACTGATCTGAGCGAATTGGACAACTT	0.264986340389505
CCTATGTATGCGCCCACTAAGGATTGTAACCGCATA	0.104781866481856
CACCAATCGATTAATACAACAGTTCTCACTTCTTTT	0.996402288356579
CTTCATTATTATGGATATATCGGCGGTTCTAAGATG	0.33596882384995
AAGCAGTTAACCTCGTGGGCGCTTTAATTCGCCCTT	0.23275654206184
GGGAGTCCTAGTAAGGGGTAATGGTATTCGACCCCG	0.0302492324185865
TCACCGAAGATTACTATTCTAATGTGGTTCTGTAAG	0.091950827340058
ATCAGTAGGGGTTGGGATTCTGGTATGTCTCTTCCT	0.0760371031980051
TTCTACACGAGTATTATACAGCCTTGATAATGTTCT	0.00177751873343811
GTGTGCTTCGAATCACTACTATCTTGTGGAACTATG	0.0289126537409916
AAGGTTTATAATATTTGTTACACGAGCGGGTGCATG	0.0527048631274008
GTGCTATCGGATCTATCCCGACGCTTGTCATCAGAT	0.0551249765794772
AGCCCACGTACGTTGGTACATAATAATTCAACTGTA	0.184305371728724
CGATCGTCCAATTTATTACCATTTTCCGATAATTGA	2.56028163511582
AGTCTAATCATGGCAAACTCTTTTACCCTGAGCTTG	0.70850483060447
ACGGGATGAGCTACGATCGGTGTACCTTATTCGCGA	0.00250607145701616
GGGTCAACCGTTTAACTACGTTGACTTACATACTAA	0.281562640665822
TACCACTTATGACGTGGCTAGCGGTTAGTGGCGGTT	0.120580432033995
CTGTTGCCGTACCGTATCAATTGAAGTCCCGTTACT	0.312022217294658
GACCTATCGCGTTTGTGCCGTGTAACATGAAGAGCC	0.179502822904844
CATCCCCTATTCGATGACACCGCTGCGAAGAGGTAG	0.0191529218667145
GGGTGCAGGTTTTTACTACATAATTTCCAGGTGGGC	0.177518547149588
TGGAGCGTTACCATGCACACTCATCAGGATCATATG	0.0218245478074577
GGAGGTGCCTGGAGCTGGTCATATAATTCAATACAC	0.227756790588174
GATCTCTAATCCCGTCGCCCGTAGTCTGGCCGTCAG	0.0116991184564704
CCCCAGGTGCTCTCAATTTGCGAAGTCCTTGCAAGG	0.107161926565141
AACATTCCTGGTCATACTTAGTACTAGCGATTATGG	0.155995208308269
AGACTTACGCTTTGATTATCCGGTCGGCCCGGTCCG	0.07408946672411
TGATTAGTATTAATATGGCGGACGCGTACCCTTGGT	0.354732556001218
GCGGGTGCATGGGTTCTATGCTCTTAATGGGCCCAG	0.0685391171984706
CTTAATAGTATTGCCTGGCGTTTTTCCCGTGACTCA	0.0395368313356627
CTCAGGTAATAGGGAAGTTTCCCCTAGGAGCTACTC	0.0797839414106211
TAATTACCCCTAAATGGGTTGACAGGTAGCCCGAGA	0.138371591364932
GGACGCCCTTGATATAACGTCGAATTAATACTAGTG	0.521373455845731
TTCATCCATTATACTAATGAGTCTCATGCAGCGAGG	2.15952840326151
GTAATAATCACGCGTTCTGGGTAGCAGGCCAATTAA	1.19068941889563
AGCCGGTATATTAGTACCGACAAACTCCCTACGTCA	0.27118399042787
AATCACTCGGGACCCCAATTATGCGATGTCCGACCA	1.15564973053348
CGCTCTAATGATGATAACTTCATCCTGAGGAATACG	0.425678822892827
ACATGAGTCACACTATTGACGCTCAGCCAGGAATCC	0.00830719319821393
GGACCACCGTACATAGTACAATTGAAGCGGGTCTCC	0.0350977620744745
GACTGCATCCAGCCTTAAGTCGTCCTAACCGAGGCT	0.0276106157876222
GTCTGCAGAAGGCTAGTTCATCCACATACTTCATCC	0.0188823682802195
CGACGGTGTATCTGTACGAACAGCCATGACGATTCT	0.00831133872309144
ACACTCAAGGATGCTCTCGGTAGCTGTTCATGGCAT	0.0152766414386472
ATAAGATTGGAATAAATAGTACGAGATCCATACGTA	0.00837067416502369
GCAACATTACGTGTTTGATTAGCATGTTCTCTCCAA	1.21464601742967
AATGCTATCTGAATCCCAGTGCATTCCTCAGTCAAG	0.096646096038119
CATCTATACTAGTCAACCTTTAGGACCGATGTCTCC	0.0919744144597388
TGGCGCGTATGTTGATATTGTCTTAAGGGTAATTCG	0.365416093343234
GCGTCGAATAATAACGGCTTTAGGTTTCACATTGAG	0.0855210161910327
TGAAGCTTTTATTACAAGGTTTGTACATCACTATGT	0.0649407577717658
CAGAATCTCCTTTAAGTTATTGGATTGGTATTTTGG	0.22542077806885
GATTAGGGAGTCGCGCTGGGATTAATAAACAAGCAA	0.0198501561678189
AACGTAACGTCATGGAATTAGACTGGACAGAGACCG	0.000929027999196911
ACAATAAATTACTCAGGGGAGAATTACAAGTTGGGT	0.76722821760542
CACAGTATTCACCACAGGACCATTCCATAATTATGC	0.505237210624673
TGACCAGTATGTGATAACCGAGTAATTTCAAGCCAT	0.029912420658896
GCTACGTATATCACCCAGTAGGATGCGTTAGAGCGA	0.0496962861008896
GGGTATCGTTCAACTGCGCATTATAAGCAGGGTCAC	0.151482966332137
ATCATCTAGCCTATCAAGGTGGCGCCACCAGCAACG	0.000623832984265333
ATGTATAATTCACCGTTAGGCGTGAGGCTCCGTACA	0.546816569422162
CGTGACGATTAACACCTGGCCGGTTGTAAGCACATA	0.142890486018349
ACAAGATCTCAACATTAATACCAACGTCGGCGCACG	0.0194411509873394
ACTAGGTATCCAGTGCTCGTAACTAAATCTTCAACC	0.031533872548321
TGGATCTTAATTTGTGTCGTTGAAGCTGGATCATGG	0.629471073072101
TCAGTCTTAGTCCTCTAATAATTTAGTTGACGCTGA	0.290894951723698
GTGTCCCGCGTGTTAAAGGTTATTAAACATGAGATA	0.0440945377768373
TTATGTGGGTGTGTAACCGACATAATGGCTTATTAA	0.127660442645369
GACATCATTCTGTGGACCGACAATTTCGAAGTGGGT	0.0988639317403765
CAGATTGGTGACGAGCACCGAATTAGAGAAACTGAC	0.207154346329991
GGCATTCGTATACAGATGAAACAACAAAGTGTGTCG	0.00209099950685459
CTATGTCTGGATATCGCACTTGCCTCCGCCGTGCGG	0.011343590516593
AGTATCTACCGGGGCCGTGAAAAATATAATGGTCTT	0.0463745735815268
AACTCTCTGTAAACAGCCTGGTCTTATGGTTAGATT	0.0157611606084635
GACCTTCCCGATCCTAGGGGCTCATCAGCAAGATCC	0.00757800219195251
ATATAGGTGTGATTAAATCAAGCCTGTGGTAGCTTT	0.839007995294247
GTCAAACACATCTCATGAAGGAGTACCTTCTATCGC	0.0241338828964762
CCAGAGTTGCCGTATGCACCCCATATTGACTTGGGG	0.0142785197029014
GTCACATACCGAGTAACAAGCGGACAACTCCTATCG	0.317006357135252
GAATCGAGGAATCTCATTAGGTCGTCTTTCCCATCC	1.56582306084755
AGTTGTAGTGAAACCGTTCTATTTTATCCCTTACAC	0.0349033648574621
GATTGTGCATGACTCCAGCGTAACTTCGTGCCAAGA	0.111817835041999
AGTGGGCAGTGGGTTATTATAGTTGCATTCCCCGAT	0.323692478284864
CACCGACTGCGAATCATTCGGCGTCCCTGTAGTCTC	0.0149986102733681
AACACAACGCTAGATTTATTCCCTCCGCAGAAGCCC	0.0330800413753258
GTCTCCCGTCCCCTTGTTATGGCGGTGATTCGTACG	0.0687552439128083
GGTGCCATTCAGTAGTAGGTATTAGCGGGAATAGCC	0.0596851407539485
GCAGTACAGAAATAATTGGGGTACAGACCCCAGTAA	1.39257769610357
CCAGTTCGATCACTGGTTCATGTCGTGGCAATTGGA	0.0978408652863711
GTATGTGATTCAAATGCAAGCGGTTCGAACGCTGGT	0.0903823328580132
GCGCATTAGTAGAGTCCTTCAATGTCTACCCCCTAT	0.13557886555088
GGTTAGGGTCAATTCCTCATGGTGCGTTCATTGTCA	0.0426482953725376
CTAGTAGACGCGTGGTAATCGTCTTTCATGCGACAT	0.0278274625837483
CGGAGCATACATAGGTAGTTCATTAACGAGAGTGGC	0.744872374035565
TTGTGAAGACAAATAGCCACGCTACGACACTAATGA	0.590710364135202
AGTAACGACTTTTAATTTGGCTCTCGCTAAAGCGAT	0.822066747891114
TATCCTCTTATTTAGCGACTCCCCCTAATCCTATGT	0.0533306851607912
AGACGACGAACAATTACGTTCGAAACTAATTACTCT	1.68078646400431
CCTAGTCATATTACGTGGATGCCGTCCGGTATCTCA	0.312888343214366
TCGCCGGAGCTAATTTGAAGTTATCGTTGGTACGAT	0.847773697667796
GGTATGTAGCCATATGATTCTGCACAGACGACGAAC	0.0889520612850115
GGTGTCTAGCGTTCTGTTATAGTCACTGATCGGCTC	0.111291506660042
ATCCGACCATTGCCTTTTTTGTCCGTTAAGTGACAG	0.0815583222002447
TTCGTGTACACGCGAATTATTATGCCGCCTTTGGAA	0.118295088643565
ACTTGCGTAGATAATTGGTCTAAGTTGCTACCTAAC	2.25718804436939
GTCTTCTTGTGTCCCGACTGGCCTTGAGGTTTAATT	0.0804452482624907
GCTCCTGGTCAGGTCACGAACCTAATCGGGTCCAGC	0.0236061994085853
TACGATCAAGTACAAATTATCCGCTGCGCATCGGCT	0.28533885168421
CGGAAAATTAAAGTCGGTCATCTCACCCAATCCTCG	0.195379783920043
CGCTAGAGTTTCCATAATCTACAGGTTATCACTACG	0.150816297139487
TCTCATTCAACGTTGTTCGTACGAATTAAGAAGAGC	0.106184809182148
ATGCACGAGTAGAATCTCCGCCGTTTAATCCACGGT	0.0289557861575007
CCGAGAAACGGGCTAACTATCGGGTGTGCCCTCTCC	0.027033315956876
TACTCTTATTAGGCCCGCTCAGGCAATCTGGTCGTC	0.887426007102977
AGTAGTATAAAGATACCACAGAAGCGCTCTTAATTA	1.50586882285386
CTGATACCTTCGGACTGGTGGCTGAACGCCATTACC	0.0134284931497317
CTCTGTGGCATTAAAGCACTATACACGGGGATTATC	0.120939056352726
GGTACAACCTACCGAAGTGTTCGTATGGGTTTCAAT	0.0480049306649424
CTGAGTCAATGGAAAGTTAATACCGGATAATTGGGT	1.9301758127836
CGGACGATTTACGAAATCTAGCAATGCTTGCCATCT	0.0550857551655853
ATCACGGACACCAGAGCCCTCATTATGTGACACGAT	0.683758270192252
GTATTTTGCAGCCCAAATATGACTTGTAGGCGCCTG	0.181425348517944
AATATATCAGGGACTCCTTGTTCATAGGACCTCGGG	0.0887659908875495
TCTTATCCAGCATTTGAGTTATCGCCTTACATTTAC	0.077213913638929
ACTCCGATTATACTGCTGGCCAGCTCAAAGCGCCTA	0.225178821419201
CGGGATTAATCGGTTCGGAACAGTACTCGTTTACTT	0.661216889116236
TGTGACTCCGCTTAATCTAGTGTCGTTACAGTAATC	0.587295651642464
GATTCAACGGTTGTCAACCAATCATTCATCGCGTAG	0.0811263170243042
ACCTTTCACGTCGTCCAGTATGCTATGTTATACCGC	0.0662394790030935
ACACAGATGACTCACTCTTGCTGCTCGTCCATCAGG	0.0643342052280112
TGACAGCACATATAAAGGGCTCCAATTTACATGAGT	0.128266332528803
GCCGGCTCGTCCTCCACTAATTGGTTTGGGTATTTT	3.53010306449107
TGGCTTGTATTTGTGCTCCTAATCAACCCTACGGGG	0.733990272640939
CTCCACACCCAATTATCATCCCTTCGCTATTAGCAT	2.52384103726414
CTGTCACTCCCTGTATTAGCGCTCCCTGTCATATTT	0.0864062216713156
GGAATTGGTGACTGATTACCAACAGTCTCCGCACGC	0.590484878629654
CGTATTGCCTCTATCATCTCATTACTGAAACCTTAT	0.644357585561922
GCTTCCATTACCTACAACCTATGCTCATTTTGTAGC	0.215806573664119
AAACAAACATCTAAACTAGGTGCCTAATTAGCCCCC	2.7280411596513
GGCAACCCGTTGCGTCCCTATGATCAAATTAAAGAA	0.0887898303894958
GAATGTCTGGACTAGTTAATTCAGCTTATGGGTGGC	0.771074337086615
CCTTCATCACTTAGGATGTCTCACGACATATGAGGC	0.101525537177695
ACCAGGGTAAGTTGTCTTCCATGGAGCATAATTATA	0.31006244019611
ACTTCCCTAAATCGCATGCTTGTTGTTTTAAAGGCT	0.00855094567853086
CCATAGAGACTATGTACATGTCGGGCTTTAGTTGGC	0.0604220903635308
AGCAACTCACGAACGAGGGTAATTAAAGAGAAGTGC	0.796005993093702
GGCCAGCTTAGGGCCATTTATTAGTATAGATTGCAT	0.145815702709558
ACGTTTGAGTCGTGTGTTATGTCAGGTATGTATGCA	0.0302166242215784
GTTTATGCGTCAACTAATACTTGCTCACTGGACGCC	0.0486594903442467
GCGAGAAAGTCAATCACGCCTAGTGTAAATCGTATT	0.0361144263761087
ACCACACTCATTTCCCCCCTAATATCGATTCTCTTC	0.22912343648882
GTAAGGTACTCAAGGAGATCGGCCGTGCTGTGGAGT	0.0185092416278392
ATCAAGGGAATCACTCCGCTCCATTAGTGGATAGTA	0.405793244352635
TTTAATTGCCATGACCTCCACTGCTTACCGGGCACC	0.71107472431085
GACTTTTGCCCATTCATTCCCTATGTCCCCCATCCC	0.11281287663394
TCGTCTCATCAGGGAGTGGTTTCACCTGTAGTTTTA	0.0357931529906827
GCACAGGGGAGGCTTGGGCTTAAATTGGCGACGTAT	0.360233860003898
GGCTCCTTAGGGGATCGTCTTCTCGCATCGAAAGTT	0.0366284695783494
GCGCTAAATGCCTGACGATTGCCATGCTTCGAAGTG	0.33326854919989
ACTACCGCAAAGTGTACATATGGAACTCATGATCGC	0.119674752313057
GCTGTGCTGAATTCGTCATTCAGCGGACCATTAATA	0.203750400382495
TAGATGTAACTATGGTGACTGGAATATACCACGGCT	0.00429230325148744
ACACCATACCCCTCTGAATGGATGAGACCGAACCGA	0.00822136945988954
GACGGGCAGTCTGATCAAAACAATTTGCTACTTCTA	0.0851369664113932
GGGCGGGTGTGTCTCCTGATAAGGTCCTTAACTACC	0.291189973301745
CACTCAACGACTAAAATTGATCAGTAGGCTGGACGG	0.318829131856983
ATCTTTAGGCGAATTACGATAGTTACACCTGAATCT	0.79599871085713
GACTGCTCGTTTCGGCTTAGGATCTGACAAATCCTG	0.0868332269371466
AACCTGCATTAGGCACGGCTCATGGAGAGAACAAGT	0.279427981421862
CTATCGCATGATGTTTAAGTCATGCCGACTCTGCCA	0.0772079735036187
GATAAGGGAGACTTGCATTTATGTAAGGATTGCTTG	0.0908802410531067
GTTCTAGTGGATTGATCAGGGAAGGGCACACCGCAG	0.141468307421235
AAGTTGCTGTAGTCAGACCGTCGCATTAGGCCTAAG	0.152187456020357
GCAGACACCAAGGGAGCCTAATCCGAGTTGCGAACC	0.0621829054808756
ACACTCGTGTCCCCATGAATGAATAGATAATCATGG	0.10401707373341
TTACCGACGTATTGTTTGGTCCTAGATTGCGTACTG	0.0134009663215437
GTGTAAGCAGGTACAACGCACGTTGATTAATGTATA	0.406603140632382
GTAAAATCTACAATTTGATCATTTACGATTCTGGAT	0.195527968865737
GTCAACGGCCATTATTGGTAAGCTCAGAGTATGGCC	0.149194504455089
CCAAAAGATCATTGGCTACGATTATGCGCAGTATTT	0.0824640703061634
ACATCCTTCCTCATGCGTAAATTATGAGGTTGCCTG	0.214240613815528
GTGAATGCCAGGCGATTAGTATGGGCTGGCCGATTT	0.224543769343918
ATGTAAAGTGTGTAACAAGTTGATTGAGCGCGGCGA	0.302009771965667
GTGGAGAGTTGATGGACTAAATGAACTAAGGCAATT	0.217118790761915
CCCGAACACCATCACTGCATAGGCTATGTCAGTAAT	0.0126649016765114
CAAGACTTAATTGTGGGCAGCTGGCAGGGAAGAGTG	0.594335755947823
CTCCGTGTTAATCACGGCCCACAATTCTCATTAATT	0.808083181062203
ATGAGGCGAGATCAATTTAGGGACCTCCATTATTTT	0.379235566244171
CGTTCCGTAATCATAGCCTTTATGATCGTGGAATAG	0.1019254959187
CGCATTACAATGTACAGGATCCCAGGCAGATTTAGG	0.0305454909716142
GAGATTATCGGTTGCGCGATGGCAGGTCAATAGGTG	0.0683088652002192
GGAAATTAAATACGTCATACCACGCCAAATGTAAGA	0.382182185221545
CCACCAGCGATAGGCCTATCATGCAGGAAGCCCTCA	0.0384617448705127
GAAGTATACCTGCTACAATATGGGATGACCCCTAGA	0.228369283874232
TCATGTGACAACATAGACATCTACGAGTTGATAGGT	0.0324907604169953
ATAGTACTTATCACCACTTCGACCTTAAGCGAGGCA	0.197898440269912
GGTATGACAGTTATAATCTCTTGTAAGTGGGTGGGA	0.750374375548683
CCCCTACAGATTAGAACACCGGGCGCGTCCTACGGT	0.0638818109210606
CACCGGCACGCCGGGCTAATTGCCGCTCGAGAGAGA	1.70033447227627
AAATTCACCCACGTATAGGCTGCGAATATTTAATGC	0.15850083786815
CAATCTAGTGATCATCCAACTGATAACCCCCTAAGT	0.099329927327576
GTATCAAGTAACTTCATATCATTGTATGGACTCGCA	0.125717465029917
CATCCCTGTTGCACTAATTATTTCCATGAACCGCAA	2.3451898690676
GCCGGGCTTTCCTTTAATATAGCTCTTCTTAATTTA	0.49534718793327
GTGTTATAATCCGAATCACGTCTCCAAAGCTTTACT	0.26212235046052
CCGTACTTATTATTACAGTGTCAAGCCTCTCCTATT	0.474623092927483
TAGTCCAGTAAACTTGCCCAGTGTGCTTCATTAAGC	0.0949003259238187
CGAATTAATTAGCAAGCGTCTAGGCAGACCTTTCCA	2.55669383577563
CCTGAACAGCAATCGTTGGATTACCCATATGCTATA	0.0333101626272175
TAGAACTAGATGAGCTGTTCAATTAGATCCAATACT	0.749577926209706
GAAATAATACAATCGTCGCACCACTGTTTTCCTAGA	0.139805280604875
GTCGATAGGTAACATACTTTACTCCGGTTCATTAAA	0.175766634745043
CACAAAGAAAAAAGATCAAGTTTAATGAGCCACGCG	0.325000982375339
CGCCTTATTTCTTTAATTTGTTCTAAGGTAGTAATC	0.928099111514847
CTCCACTATGGTAATCGGTCCAAAAGCATTCGGTGG	0.260965112211079
GGTAAACAAAGGCATTGCTCCCGATCGTTCGGTTAC	0.0241440883121207
GACATATTTACTACGGAACACAAACACTGGCAAGGA	0.124157380509674
CTTATTAACCTCCTCCGCTTATGAGGCTATCTCGTG	0.00677642346345327
GCTTTACGGCTCTACGTGCCCTACGCATAATTGTGA	0.0701526760752225
ACGTGCGCTTGCAGCGGTATTCATTAGCCAAGGTAC	0.0495491411315568
AAAACTAACCAGGGCCTTACGCACATGTGCCTACAT	0.0152106157552987
ACTTATAAATCAAGTGACGAGGAGGGACCAATAACG	0.0801493952713064
CTGTAATACGCACTTTTCGCTTACTCCAGATTGTTG	0.134820213018336
GCCATGCGAGTATCTCCGACCCAATCGATACCGGGA	0.0187603280824598
AACTGGGCGACACGATATCGGCGCGGACTAAATTGG	0.188833215886708
ACCAGGTATGTCCATTTGCCTCGGTAACAGCCCACC	0.22391993710913
CTCTCCTAATTAGTCCACTGCGTCACGACAATCACA	4.57890863219908
CACCCGGTGTCGTCTTCCTTATGATTATCTTGTTCA	0.0475628789708781
TGCGTCTATTAATATACGCTGCTCGACGTTCCACTT	1.46226579950078
GTTGCATACACGCATGGAAATAACAATCGAACTCCA	0.0137286276337715
GTCTTGGTACCGCAGAGGCAGGGGTTAAGTGATTCC	0.16487556071403
ATCATCCTTACATTACATGGAAATCGTGTGCCAATA	0.300436440185457
GGCGGATGCCTAATCGCGAGCATTACACGCAGGTCA	0.137727663648679
TCTTGGCCCCCATTATGTATAAAGTCTCCAATACGC	0.0478967555954891
AACGAGTGTTGCGGCTAATCCACAAGGGCCCGTTAG	0.141460455335565
AAGCTAAATCGAAGTCTCCGTATACATTTGCGCGTA	0.0579502199323047
AAACGCACAATAAACGACCGGTTGCGACATTAATCG	0.228842083615979
CCCTAAAGTTGGTACTCAAACTCCCCTGCGTAATCA	0.0368458052471393
ATAGAGGAGGTTGAATAATTATTATCAATTGTCTGT	1.02562640899395
CCATTATCGTACCTTCTTGATTGCACTCATAGCGCA	0.021436534426314
GCGCTTACTAATCGAACCTACTATGGCGAAACATGG	0.759049797921849
TCCGGTGTTATGGATCAATAATGCGCGAAAAGAAAT	0.0515431079808187
CATCAGAACACGGATTATCAGATATGCATAGCCTGG	0.0856324597319759
ACAGCACCTCGAAGCTGTTGTTTAATTGGACGATCT	0.93977709161355
TTAAACCCCATTAGCAGTGTATTGTAGGCTAGAACC	0.685885912600366
GTGTGATGCAGATCAATTCTCCTGCATCGCACGCCC	0.120534287175837
TGTGGAAGCTGAAGGCGTAGGTTTAATAGGGATTGG	0.0205752309805624
GATATATCTTGCAAAGCAGAATAGCGGTATTAGCCT	0.0970003728113252
TCTGTTCCCATTAGGACAGTCCAGGAATTCGAAGTA	0.199437959188441
ATAATGGTTCGTTTCGTGTTCATTACCTCGAAATGT	0.389684366938021
GTTTTCGAATGTGTTCGTGGGGAACGAATCAACAAT	0.064173210500638
CTCGCATTAATCCCTGTTCACACTACTAGCGGGTAC	0.213080750388244
CGAAGATGTACTTCTATGGCTATGGTATTGCGTATT	0.0628321952770391
ACGCTTATGTAGCACATCCTACCCACATGAGATTAG	0.0700726087510405
ATATATGTATGTGTTCAGGGACGCAGTGCAAACACA	0.0107887529276414
GCGAATGATAGCTTACTCGGGAAGCCCGGATTAATT	0.216135985934059
GGCCGGCATATAGATACGAAGGATTATCTAATTGCT	0.388598934908977
GTCTAGTTATATAGTGTGCGTCTCCCGTGAAACAGC	0.307057277797121
GAAACTGAACCAAATGGAACGCTCCTAATAGGTGAT	0.572974294578697
CGCACAATCACAGATGTGCTCTCTGTTATGAGATAG	0.0642538817165481
CGCAAATCACTAAAATACGCAGACCGTATGTCATCA	0.128866191324931
GATTCTATCATTCACAGCAAGTTACGAATCGGGGAC	0.168415506877961
GGGAAGCTGATTTAAAAAGTGCCTATCCTACCTGAC	0.143423396936984
TCAAGAGTCAATTGCCAGCACACAGTCCTAATACCC	0.164159501521496
TGGACGCGCAGCTCTGAACACGTAACTAGCTCCATC	0.0165281849197352
TGGCAGACGTGTGGAGGTCGATTACCTCCTGGGACG	0.16178193339404
TTGTCGGAATCGATTAGATGCGCCGTAAATGTCCGT	1.13284105614455
CGGATCCTAATACATGTGATAAATAGCGATTTCGGC	0.442044847859043
GAACAATATTAGCTACACATACGGCGATACTCTCTG	0.63185182243956
GATCATGCTCTTACCAACACGAGTGGTACTTCTCGC	0.040661325948904
GTCACTGTTCATAAACAGGATCGGGATTGACTGGAG	0.0748552893967022
GTAGTCGGTCTATCAGTTAACGCCGATCATGAAACA	0.0716023072333249
GACTAACCACGCGCTGGGGAATCCACACTCCTGGCC	0.046546646261342
AGATTAAATAACTCCCCGGATTAGAAATCCTATGCC	0.0842786280144824
AAAACTCGACTTCAGTTATTAGCAGTTCGCATTTGG	0.311603201797421
TCTACTCAGCATGTTAACTATCTCGTTCTGGCCAGG	0.128472871123366
GGGGTATTATCGCAGCCCCTCCTTAGGACTAAATAT	0.0476467291655598
CTTAATACGAATTGGTCTTCTGCCCCACACCTGAAG	0.0924729621083013
CTTGGGAGTGTGGTAATACTCGCGGTTAATTCATTC	0.258854885220129
CGCCTAATGTCCATGTTACTTCTTGAGGCGGGAGGT	0.036388777622736
CCCCAATCGCGTGTCCCGGTGTCAAGAGTCGTAATT	0.0387976136026008
AGGGTTTGGTATGTAACTGTAATGTACGCACACGCA	0.129668981083477
TGACTTCATTTTCCCAATATGATTGCGCTATAGCTT	0.139261957863436
CATCCTCGCATCTTAATCGGTAATTGTCGGTCTGGC	0.863672985984922
ACATCATCAATAAGGATCGGTCAAATGAAGGATGTG	0.220071499038036
TCACACGCTGATCAACCGTGAAAACCGCTCTCGTTA	0.031486526465329
AACATAACCTATATTGCACTACATAGCGGGACTCTC	0.162765529399465
GTATCATTACAATCGCAGCGGTCATCCCGTCCTCCC	0.218787511674904
AAGTACAAACATAATGATGGTGGCTAAGTGCGCCTT	0.307934711265945
TCTGTCTTAGGCGCGATCGCGTTAATGGACCATCTG	0.0113768902223131
TATTATATAATCTATGTTAGCGGAGAACCTCTCCCG	0.0575365544078609
GCGAGTTGTTGTACCTAGAGTGATGGGACAACCTGC	0.0224712962690237
GTTGCCTTATCGACTGCAGAAATCTGCCGAAATTCC	0.0243719275946406
TCCTGGAGATAGGAATCCGACTTAATTCGTTAGAAC	0.429480596472181
ATTAATGCGTTGTCACTCCACACTGTTGCAGCAAAG	0.0941578153378897
CGACTAAATGGTGACGGTCATGACCTAGACGAAAAA	0.00226907825428991
GATGGTGTACCATTATCTTCACTCGGTAAACCGTGT	0.195702498746975
TCCATGCGTCGTTGTAAACAATAGCTGAATTAGGAA	0.139078898484377
GCGCGGTACGACGTAATGCGGCTATATTCTGGTGTA	0.141850778720678
ATGTTATCGCGACGAGCCGAATACCTCGTTAGAGTG	0.331275238191774
TCCTGCTTATACTCTATACACATGGGACCGCATAAC	0.0567291200765806
ATAACTGTGCGATCAGATGGCATCAAATAACACTAT	0.0910322756066208
ATTCCTGGTGCGCTATGGTCTGTCGCTGTGCTGTCG	0.00839924866628462
CGGTTCCTTCCCGCTAATAACTGTTGGAGTCCTTAT	0.509024510757628
GAATTACGACTCAGGCCCCATTGCTCCTCTAAATGC	0.190109995414236
GCCAGGGGCACGTCAGCGTAATCGACGTAGATCATA	0.436605146790424
GCTGATCGACACAATGCTCTATAGATCCAACTGAGC	0.120527356205656
GTCGCTGGGCAACAATATTGCGACTAAATTACATAG	0.266870268600181
TGGTCCCTATTAGAAAGAGAGACGTAAGGTGTATAG	0.328632299898348
AATGAAACTATCGGAACATTCATCAAGTGCACTACT	0.0169748859728214
CTTTGCTCATGTAAATCACCGATCAGCCGTCGGAAC	0.0438718823762695
TACTAGATCATCACTTGCCTGATATCTACGTGCGAG	0.0101776301970514
GGGCTCTTCAATAATGTCGCCGACGATCACTTGGGC	0.0723313941992965
ATGATCGTTAGGACGATGATAGTTAATCCGACTACC	0.551417594948359
TTTACCTTCAATTTAGACTGACCAATACACCCGCCC	0.133702622768858
GTCAGGCGCTTGGTTGGCTCGCACGCAATTAACCCC	0.187575788953804
ACACAATAACGGAATTCATAATTCATTTGACTTGGA	0.463617832229583
GGAATAGATATGACCCGACCACCGGAACTAAACCGA	0.152104335038799
GTCGCTAGTAGGTTACGTTAATACGAGAACTCCGTC	0.136841899921709
TGCAAATATTCATGGCCATTAGAGGGGCCGTTCTTG	0.161738591140383
CGGTAACGTGAGGCTATACTAATTGACGGCTTGTTA	1.76096402719814
GTACTCACATTAACCGATGCAGTCAGCATGCGAATA	0.313323725149534
TAGTAATCAATTGCATGCCTCGTGCAAAAATAGTGA	0.283872015257816
GGGATGTTTAGGCTATCATGTCGGGTAAACATGGGG	0.0869926346739326
CCTCATGAGTTGGGCCAAATTGCATACTCCGATTAT	0.119292438372107
ATATAGATTTGATTCGCTCAGCAATTAACGAAAACG	0.969638096461718
ATCAGCGCTGTAACGTAATCAGCCGTAAAGTAGTCA	0.453359965020175
GCGGTATGTAGTGTACCGCTTGGCTGTGATCTCGGT	0.0685126946949851
TTGTATAAGTGGGGCGGCAGCCTTCTAATTTAGGGC	0.273849884659626
CCGTGTACCGTTCAGCATCGTTAAATTGGTCTGTCA	0.547052276861186
CGGAATTGTGTAATACCGGTGCCCAGAGTAAGAATC	0.120672841584456
GCAGCCTGTCGTGTAAGACTGGATCGAATTATTTGT	0.188652183277124
ATCTAGGATGCGCATCCACTACGTACCGTAAACCCA	0.0234167365511912
CGTAACTTCTCATGCACATCACAACTCAAGATTACA	0.014698482899234
CTAATTGTGTCCATTGCCCGTTCAAGACCCCCAGTG	0.235383462125556
GGTCTTATTGGGAGGAGCATGATGTAGCCAACGTGA	0.249421401686652
CTGACACTCAACCGCTTCTGCTTTATAGTAATTTCT	0.0336212345482238
ATCATTAGGGACATAAATCTGTCTTCCGCTTTTACA	0.246860120762496
GGTAAGGATGTGACCTTTCCGCGCCACGGAGAGTGA	0.108697107017816
GCGATTTCGGCTAACCATACCAAAGCCTTCGAGTGG	0.0308639876578279
TTGTTAATAGACACTCATGTAACCTGGAGTTCGCTA	0.332637016419401
ACGTGAAGTAGCCTAAATGTGGGGATTTGCACTGGC	0.0137445123734499
AAACTTGTGAAAGTAGAAGCTGTAATTACTCCGTTG	0.682952338883367
GGAGACGTAATACAACTTGGTACGCTGTGAAAATTG	0.389368933310081
ACAAACCTAAACATACTGTCATCTCTTCCTCATTTA	0.054112681103161
GGCCTTATTGCGGTAGAGTATATATTCGATAATGCC	0.114945555445962
AAGGTAATTGGACCCGACACGGACTTTTGGACTAGG	1.74614237873467
AGGACAACTGTTAAACGGTTATATCAAGGCGATGCG	0.0177945438764133
ATATGACGTCCTCCATATTGCGTTTATCACGCCATA	0.0116722365591886
CATCCTAATGAATAAACGATGCCGCGAGAGCACGGC	0.481014172053311
GCCCTTATCTTTAAAATTCGGTCCTTACAATTGATT	0.0611771534690682
ATCGCTAAGTGTTCCCATCTCCCTATTCGCCAGGCC	0.220767145830039
GGGGTTCATACTGCGCTTGAATAGGCTGTTAACTCG	0.127870861201532
GCCAGTAATCTCTAGATAGGACGGGATGACAGCTCA	0.0372791345139447
CACCCTTTTAAATTATAAAATTCATTCTACCAATCC	0.163418335704932
AACTACGCTCATCTATTAAGTTAAAAACCCATTCGT	0.252573472867934
CGCGACACATGACATCCTGTGTATAACCCTAGATAT	0.0358801748494369
GGAGTGATTTACCCATTAATGGCGAGACCACAACTA	1.11089309526437
GTATATGTGCGATACCTCCCGGTTGAACGGTCAACT	0.110952838333085
GGCGCAACATAAAGACTTATCTGATCATATGAAGCA	0.0157149424068057
TTATAAGTCACTTGTAGAAGCTAATTGCAATCGTAC	0.843508859081452
GGCTTCTCGCTCCGTCTACTATTAGGCTTTAAACTC	0.0439666948422978
GCGCCTACAAATAAGCGCCTCATCCTAGGCCTCAGC	0.0419837387846638
ATGTTCATAGATGGGTGTGCGCAGTCATTTTTGCGA	0.0285787730306734
ATTGCATAAGGGATAAGTGTTGTCAAAATTCGTACC	0.0418859404889906
TCTGCGGCCAATAAACTCGGACAAACAGCACCGGGA	0.0541159271478979
CCCGCGGCAATAATTCACTCAACAGAGTCCCATCTT	0.757432246057722
GTTATACGACTAGGTCTAAAGCCATTGAGTGATATA	0.00973117208520258
CCTTTATGGCATATTCTTTCTTCCTCCATTCTGGTA	0.00475633553440579
TGAAAGTCATATGAATTGATGGTCCCGGCCTTATAG	0.155056236499134
GAACGTATAGTAACTCTTCACCTAGCATGGTCATCA	0.18773774050349
AGATAATACCTGTCTTAGTTATCCTGGCAACCCGTT	0.155153594595295
GTGTAGTTCTAGTAGGCTGTGTACGTTCTTTCCATA	0.0499501735140697
CATGGCGGTTTTTAAGTGGATTCTCTCAAACATTGC	0.210343674202074
ACATCTATATATCGTACCCAGAGAAGTGGCGCTGCG	0.141915751664382
GTAAGCAATTATTGATCTTAGTGATGTCTAATGCAA	1.79576517941204
CTTCAACCACTTAGGCAGTACATGGGACAATGACAG	0.273137037612966
TGTGATCCATATTTACACATATATACCGCGTGACTC	0.00015984264597919
CTACTGAATTACGTTTCTTCTTCATACGCTCTGTTT	0.303565976659315
GGTACATGCCTCTAGCCGCTTTGTGCAATTTGCAAG	0.00317758412822957
GTAAGTGGAGGGATAGTGATGTTATTGACCATGATG	0.206660799720788
TACGAGTATGTTAAGTGGTCTCAAATGACGTCTGCC	0.439661476940846
GTCTGTATGGTTGTTGATGCAATTTATCCCCGACGG	0.330705207084013
TTGAATTATCCGACATCAAACGAGCGCAATTAGTAA	0.589902285918474
CTACATGTAAGTCCGGATCATGTTAAGCATGGGACT	0.0683235557665631
ACGAGGAGGTGTTTCTTACACCATTGGCGTAATTCG	0.2162102589126
ATAGTTAATGATCTAATCGAATGATACAGGGGTTGG	2.1330085403885
ATGACTCCCATAACAGTTTCCTAACCAAAACTTAGG	0.0726810363774547
AGATGCTCCTGCGTACACAATTGAATTAACGCACCC	1.0863717863033
TTATTGCATTAATAGCTTCGGTCGAGTCTAGGACGG	0.239735946697331
GAAACCAGTGAGAACTCCTCTGATTATGCATCTACG	0.0931386579093979
GTCTCCAAGCGAGCAATATCACATATTGTTAGAGTT	0.0582341776700869
GGACAGTCTCGGGTCGAGTGAGATGTATGGTTCGGT	0.0869548703877977
ATAATATAGATAGTCCACACTAGTGTTAACATACAC	0.0275373887147325
GACTCGGTTTAATTAGGTGAAACTGATTCATCAAAA	2.67058606228096
GTATGAGAGTCGTACCCTGTCAATCCGAGTGATATC	0.140538515536561
GGACGAACATACGAACCAGCCACGCCGATTACAAAT	0.114476673672715
GGTGATATCACGAGGAGATACTTGGCAGAAGCGGTG	0.0547397555996277
AGTCCACTTTACGCCCACGTCACACCCAGCGCAACG	0.078600817929485
GGAATCTATTTCATAGGCAGATCCCTCGCACCATGG	0.326682091818023
TGCATACCGTTTTAATTGGTATCCGTCCATGCGCTT	3.1925236563219
CTTCGAGAATGTAAACGATCCGCCGCATGAATTATC	0.329614008708493
ATTTCCTACATCACATCAGAATGATCCGGTTGTGAA	0.163987841747081
CGGTATCCCAGCTTTGTGGGATAGCTGATTATGGCG	0.167095155312707
ATAGTCCGCTCCGGTAAAATCTTACCCATAATAGGA	0.02441630156182
CATCTTATACTAGTAGGTGGTAAGATTATCGTCCAG	0.0218447744266167
AGGATGTATTAATACCCGTAAAGCCGTTTTCCCGGT	0.319587506502749
TTATGTCAACATGATCTGGCCAATCCGATAGAGGGG	0.013698171540284
CTGTCTAATTATTCGGTGAACCCCATGTGCCAGCAA	1.83299377916032
CGGTAATATGAACTTTGTTCTTGGGACCCGAGGCGC	0.00312846820088411
TGGTATGCTTGGATCATCGTTATGTTCTATCGGGTA	0.0609604562634573
AGTTAATCTTACCTTATCCATGATGCTTCTCCGGGC	0.0802326934935307
CATGTAATGACTGGGTCCAAGCAGCTAGTTAATGTG	0.454138375090592
AATACGTGATGAATACTAATTATGCTTTGGTACTCT	1.72866455203438
ATCTGGAGCGACTATAGTTGATTTATAGCACAGGAC	0.0450001169669724
CCGGTTGTGAATACTGGGGTGTAATACGTTGAGCTA	0.0693660928337636
TGACTCACATTTCAAATTACATCATCGTATCAGCTC	0.350421792633095
AAGATGCCATATCCACATTCAACAGTGCATTGAGAG	0.0214613596233465
GGTATCTGGTGTATGACTTCTTCGCTTGTTGATAAA	0.0968896417961323
ATTGATTTAGTGCCTCCCATGAATTGGCTTAAAACG	0.0229922406814301
CCCTAGCAACTACTTACCAGCAACTAAATAATCCGA	0.0865017663403429
GCGCCGCTATCTTAAATTAGTAACCGGTTCAGTCCA	0.618559155138751
TACAATTTATAGCCTGACCCACTCAATTACCTGCCT	1.03720439459602
GTGTATTGGATTCTGCCATCGGCTTGGGCAGCCGAT	0.0744266603859593
ACCGGTCAACATGTGAGACCTAAGTACTATCCGAAT	0.0155436064386285
CTAAACATGTGTAACGGTGATCGAGTCCGGCCGAGC	0.040665171627926
GACTCCTCTAGGGTGTATTGAACCCTCATAACTCAG	0.0178938261570182
GCAGCTAACCAGTCCCGCCGCCGACAGTGCGCTCCC	0.0546029663110128
ACAAATTGCTCACAAGAGTGTAGCTGCCTACGCTTC	0.128574130170609
GACAGTGGTGCACAGGTCGCAATGCTAACCTGGCGG	0.0877476289693147
GCTTGTAATTAGTGGGTGATAGCCAGAACCGGTTTA	3.13992830604413
CGAAACCCTTGATGCCCGTGACATATATATGCGTCG	0.0375160708502343
CTTAGTAAGGTCTACCTCAACGACACCCGATAATAG	0.132240378737906
ATGTGTACACCCCTATGGATCTAATATTTCCTAGCG	0.113008379419557
GTATGGGTCAGTCCGACATGATTCGCAGGAAGGCGA	0.0251225864816034
CGAACAAATCCCATCCCCAATCATTGCGAAGGCAGT	0.196987736247702
AATGCATAAGATATGTAGTTAACAAAAAGAAGCTGA	0.0134805901567778
TCAAGTACGAGCTAAATGGTTGTACGCTTGGGTGCT	0.214318640361056
TTGCCGGAGAACGATCATTAGAACATGCCTTGAGTG	0.18033055267083
GTTACCTTAAGTGGAGCTCGGCTAATTCGTAACTAC	1.25856966476469
ATTACCGATACACTCCACCCGTTTAGCGTATGCAGG	0.0216195298300883
CCAATTTAAGCATTTCTTATTTATTAGGGCGCCTAG	0.457432414370597
GGATGTCCAGGTAGTGCAACGCTTTAATGTATGATA	0.0507870155707924
AAGTGCAAAGGCAATCGTCATCAGCAGCTAATCGAT	0.667928681047462
TGGCGAATGCAGCTGTCGGTTAATGATACGGAAGTA	0.102893616938124
AGTAGGTGTAAATGGATTTTGGCAGTGTTTCTCGAC	0.0851575631151972
AATTCTTGTCTCTATTAAATCGAATCTCGAGAATGG	0.282059505084937
ATCAATTAGACGGTCCAATTATCCCTTGGTGGCCTC	2.70907077525333
GAGTGTAATGTGAGCGGGATCTTTCCTAACTTTTCT	0.195077912930363
GAACCCTGAATACGTTGTTAGGCCGGTGTGACGTCT	0.158234054354799
AAGGGTAGATTGCGCTGATCACTTAATATAATGAAG	0.340201937654666
TCGCTCAATCCAGCCGGTTAAGCCCTCAATTAGTTG	0.671483991129803
AGTTAGCATGTGTCTAACTAGAGACCTTATTTGTAA	0.107286526720096
ACCTTGACGCTTAATCACTGAACATTCTCCATTAAT	0.577015213537857
GTAACGTTATTCTGACCCATCACTGGCGCACCCATT	0.0611297837763434
CCCTGGGAGCATACGATCTCATTTGCACGGTATGCT	0.0409729280386571
CACGCTCCTTGTACTAAGTGGCGCATATTGTGTGAT	0.364498526733858
TCGTTGCAATCACCATTTACTTGCGTAATATCCTTG	0.137457907408434
GCCGTGGAAACGATTCTGATAGCATATGACTCGCGG	0.0125594257630472
ATATAAATAATAACTATCAGACGTCATCACGGAACG	0.258193244311326
ATGGACTTGATCCTTCACCCTAATTCGTGTGACTGA	0.78375594606419
AAGTCATAATCCCAGGTGTCAGGCCGATCGGATCAG	0.00907787641276755
CGTTCCTGATGCTATAATGTTTTGTAGCCGGGATAA	0.0384971902569408
AGACACTATTGGGCGGTATCCTTCGGCTTTGCTTCG	0.0433592057101795
TCCTGCGAATCTGGAACCATCATGCATCAATTAGAC	0.882170428230133
ATTAGTTTAACGATGGGGAACCATACACTTAGGACC	0.236368986678616
TCTGTGATAGCACCTGGGCATCCAATTTCATAATCA	0.16050482910785
ATCTGTAATGCCCGTTTCAGGGTAACTACTCGCGCC	0.19274430223858
ACAAACGATGAGGCTGTTCCGATCCTCCGGTTGGTT	0.0122968487636039
GTGTATCCGCGCGTCTACCATGTCAGCGAAGGTAGG	0.0783073817225721
GAGGGTGCTATGTCGGCGATAATAGCTAGAAGTAGT	0.100448425436421
TGCGAATTACCCGCAATGCAATGCTTAGGTGTTCGT	0.445509388939524
CCACAATCGAGCCTCATAATGCAACCTGAACGTCAG	0.270981867608385
AATCTGTGGATAGATTGGGTGAGCGTGGTAGTTATC	0.201070387043864
GAACTCTTATGATTCCTCATTACAGTTACACAAGAC	0.50748632999446
GCATATATAAGGCTCTTGTTTTAGCGGTATCTCGAC	0.0180933962954405
GAGTTATCAACTCTTCGTAGTTACAGCACAAGTATC	0.0719937713306422
AGAAATTAGTCCGGACAATAACCCGGGCTGGACGTC	0.255074730138668
TGTTGCCCAAATTAAGACCAGATTCGAAGTCCACGC	0.760544952475621
ATTATTTTTAATTGCGCGTGGCCCCCTGCGAATACA	0.816330591481672
CTTGAATCTTCGGCGGCTCGTTATCTTTGCAACATT	0.138739887123249
GCAAGTTCTATCATAATGGAAGGTCTTCCCCCGTAC	0.0161779233620424
GCAAGTAATGAATCACAGACCACACCGCTCGAGCAG	0.438577895945163
CTTCTGCTTCTATTCACTTAAATCGCCAGCGCTAAG	0.0140040257327064
GTATAGTATTTCAGGGTCGTCTATGGCAGTGCGTCC	0.0346025074226523
AAGTTGCTGGGACGCGTCCAATTACGGGGCGTTGCA	1.05903784364788
GTTTGACGACGGACCTACTTTATTAGTTGCTGATAC	0.336751578593851
GACGCTATGGCTGTAATAAGACCTCAGCACACTGAG	0.12476462563825
CCAAGTGAGGGTAGACCTACAGTTTGTCTATTAGCC	0.0728320924890922
ACGGTGACAATTTGGTTGTTACTGTTGGGTTCTACC	0.165712685238254
CAAAATATAGTAATCAGAACAGTTCCAACCATGGTA	0.17346923939163
TAGTTCGTTCTGATACCTAATTGGTAGTTAAACTTG	1.49527830630846
CCCGCCGTGCTAGGGGCCAATTTAACACGCACCTAG	0.0126316623062639
CGTAGGAGGAAGGTTGGCGTGAATTAACCACATGGG	0.190774415491823
TGCGGCAATTAAACAACGACCGTGACTCTGGTCGAT	1.0075964460334
ACATGTCACCGGCTCGTATCTGCCAAACAATGGGTA	0.0302993893612776
ACGTTTGCATTAATTTCCCCCACATTATTATGCGGA	0.988570885320079
TGGTATAGTAATAGAGTAACTTTGGCAACGAGATTG	0.273301196681407
TATGTGTTGTAATGTAAATGGCCCCATGGAGCCCGG	0.0867778784300994
AGGTAAGTACACATAGCATTGCGATAGCTTAACTAC	0.0958731983578212
GACTAGATGCCCTTCGGTACGCCATCCTGAAACCAC	0.0194460775640658
TCCCCACTGATTGCCCTGGCCAACTATTGCTTGCCG	0.207121473902197
TGCTCTCTAAATGAATATTTACCATAGATAGCTACG	0.10614226284798
GGCTAGAGTAATTCCGGGCGCCATTGGTATTCACCC	0.0962663318673858
CACGTAAGGTAATACAGATTACCCAGGCAGGAAACA	0.21908144889884
GAAAGTCGAGGCATTTCTGTTTGGGATGATACCCTA	0.0307980044451454
CCATACGATTGCACACTAAGAAGATGCGTTCCAGAA	0.0524634768018005
GCCCCGTGAGAGAATTAATAGGCTCCTATAATAGCA	1.32974611746579
GCTACTATCATCAGGCGGTCTACCCCGGCGTAGCGC	0.187865724553786
GCATGAACCAAAATTCGGGTTCACCTATCCGGGCGC	0.128740288228068
ACAAACGGTTTTTACACACCTACTTATCCCACCTCG	0.154114606407648
TGCTTAGCGGATACACTTAACTGAGGTTATTTATGA	0.0235825656082784
CCGCATATGATTTACGCTATACCCGAGGTGTTGCGG	0.0896830074883219
TTTATCTACTAAGACGAAATTCGGTATCCTAATTTA	0.261984226823998
ACGGCTCAATTCATGGACCGTAATTGAGGTCAAGTA	1.5609806198973
GTCTTGTAAAGGGAAATTACCATTCAGGTGTCATAT	0.23988375434675
CTCCAACCACATGTATGCATAATAGCTGCTTTCATT	0.113543691126989
GTTCTGTAATGTGGCGCTAAGCTAGGTCGGTATGGG	0.282086568435906
GACTAACACTTCTCCACAAGTTGGTCAAGGTTGCCT	0.0645692473661692
ATCCTATTCACGAAACCACGCGTACCTAACTCGCGG	0.0372488770923521
TTTACCTATGTTCCAACAAGTGTGGTTAATCTAAGG	0.0522275458507007
GGTACGGCTTAATGAATCTACTGGCGCAATTGAGCT	1.28855210971852
ACATGTGATGTTACACTATAGGAATCGTCACAAGTT	0.00308725109088567
GAGACAATTTATTTAACCATCCCTGGTTAACCTCTC	0.710096755289706
CCTCGCTCACGTAATCTACCCGTGGGGTCCCACAGA	0.132477319054767
GGAATGCGATCTACCTCCTCGCTCGGCACGTATAGA	0.070653859399304
TTATCTTATTATTGGTCGATAAACAGCTCTTAAGGT	0.639630632955791
ATTCCGCACACTAATGGATGGGGTCGTCTCCAAGCG	0.672295276871923
CACACTCTAATGCAGAGGCGATTCGGCTGACATAGG	0.179230604241963
ATATGCCTACTTGATAGAGCTGCGCGCTGACACTTG	0.0171996812274529
CTCCGATTACTGATTTTGCGCCTCTGGTGATGCAGT	0.0815476703544888
GAGTGGGGTCAATGGCTAGGCCTAATATCATAAACC	0.0255781413625959
GGGTTGTTCATAACTGACCTGGGATCGTCAGAGTCC	0.0520480421442411
GAAGGTCATCTACGGTTTATCCTGACGGCCGTCTCC	0.0141182184201881
GGACTTACGAATTTGGATTTATCTCGGGTGGTCTGC	0.322110783908147
CTATGGATGTTTTAGCACATGTTAGAGGTAGCTAAT	0.109231727446333
AGCATAACATACATATCTATCGGTTCCCGGAGACCC	0.260036412704624
GACCTGTGGCTAAATATGCGGCCTGACGAAGTATTT	0.0859266433133656
GCATATTAGAATAAGTTTTATCTCATGTACCAGGGG	0.231483905423159
GTAATTGTAAACGGGCCAGTTAAAAGCTTATAAATA	0.122119371178877
AGCCCTCTCTAATAAGCCGCGTCACAGCTCATAGTT	1.21463524113718
GCATTGCTTACGGATTGTGAAGTACCGAAACCCTTG	0.0643700186881879
GACTATAAGCCCTAACGTAAAGGAATACCACTTATG	0.174134120443251
GGACGGACACAATCGCTGGCGTAGACACAGTTCTCT	0.0621351838216706
GGTAAGCACAACTACAATCGATGCTAGGTTTAACTC	0.110104749646646
CCTCTTCTGATCAATCACGATCGCGGAAAGATTGCG	0.0201191326168561
CGACCATGCGATAATACAGCATAATATCGTCTCAAA	0.153385834478882
CGTCATCCCTTAATCTGTTGCGAGGAGGAGAATCGC	0.501597535387056
CCTTATCATATAACCACTGCATCCGCGGGCACGTGT	0.0829653372108917
GTTATTAGCCACCGTCTTTCCAGCTGATATAGCCTT	0.0830273428603102
ATTCCTAATTTGAGCAACCCTTTCTAGTAGCAGTCC	1.48083646585216
GTCGTTTCGGTAATTAAGCTCCGGGGCTGTTTTGTG	2.62484871253899
GTTATTGGTACATCGCGTGTGAATAAGCCACACCAG	0.0158573638647077
CCCCGCGCAGTCTTAATTTTCACGTTAGAGCTGTTC	0.0668430016787364
TGACATCATTGGTGACATCGCTCTAAAGTAGAGGTC	0.031985414874864
GACTAATATGGACGAAAACAATAAATGGTCGCGCGG	0.683529924094015
GTAATTGTGAGTGGCATACTGTCCCTCGGTGCTTTC	0.185251222613517
GTGTATGACGCTCAAGGTTAACTCGCCGAGTTCAAA	0.0335880759361995
CCTAGCATAGCTATGCCCAATTGATCACGCTAGTAG	0.0770466599468705
GAATTATTTGTATCCTTTGATTTATTTACTTGAACG	0.268038491336449
CCTGTTAAGTAGCTTCTCGTCAACGAGTCATTTTCC	0.114928964426781
ACATTATGTACCATCGGAAGACGTGCGTTTTGTAGA	0.0496619707986272
GGCTAAGTCATATATTAGAAGGGAAGTAATTATCGT	1.34304291545721
AACTCAAGCTGCCACGAATGCACCACTCTAATCACT	0.232667310729101
TAATCCATACCTTATTAATATCTATATCACGGGAGG	0.917223041829927
TAACGTTATGTCATACGATTTTGTTATTAGGTACGT	0.151342337173601
ATGAGAGATAAATTCCTGGATATTAACGGGTGCAGC	0.0607911603163545
CACCACAATCTCCGTAGTCAGCGCGGTTGTTCCTCC	0.0383509266019445
AACTTCTACTAGGAACTGTCGGGACGAGGCTGATTA	0.341339203404675
AGGCTCATTTAATACATGGAGCTCAAAGTCGGGGAT	0.947947078608737
TGCCACCGATCATTTAAAGCAATCGACGGTGAGTCA	0.21432568590874
CGAACTGGCTCCTAATGCCATGTGCGTATCGTAGAC	0.208070869813888
CCCAGATCGTTTGTAGCATCCGATTGAATTCTCGAG	0.159446793458754
TCGTCAAATTCCGTACTCTCGTTAACTCGTGCTTCT	0.348984052857406
GTTTTATGCAGGCTTTGCCTTAATGAGGCTGGCTTC	1.43098196561838
AGATACATACACTGCCCGGGTAGCGAGGATGTATTA	0.0126047741376803
GACCTTATCTACAATCACTGTAGTTTACGCCTCCGC	0.192582555135409
GACCCTCGCTTTTTAATTCATAAAGACCATAACGCT	0.192850359243215
AGCGTTCATTAAGTCTGCTAGCCTAGATTACACACA	0.934054122027164
CGTCAGGGCGTAGTAGCTACGCCACATATATTAATT	0.0673771607224835
TTCTGAATCGGGAGATGGTAATCCTGATTAGAGAGG	0.0428858745283994
ACTAGTACCCATCGGTAGGATATGAGTAACGCTTGT	0.0140900085360601
GCTAACCAGGTTTCACCCCATTCTGTAACAGTCATA	0.00846154404809841
TAGGCACTTTGCCTAATAGATAGTTGTGCTTCGTCG	0.118742906331342
GACATACTAATCACACTAGAGAAAAAGAAAATGGAA	0.275944683507358
GACCAATAACGGTCGGTTTGATGTCAAACTATCATA	0.0741549953352155
GGAGTTTCATGGTTTCTGGTCTCCGAGGGATTACCA	0.0916435330435518
CAAACCCATCCACTGAGTGGTTGATGTACAGGCCTT	0.0049467604226563
CAGAGATTCGCTAATAAACACATGTGTTGCGCGCGC	0.308296495775814
GTCAAGTGAACAGTGTCCATACTTAACCAACTACAA	0.0879009378119616
GCTATCTATGGGCGAGACACGTGGATCCGCTCAACT	0.105282167737387
GCATTTGCAGAGTTGCTCATGACCCCGATCGCCATC	0.0269384172986978
CGGCTCCTCATCTTCCTAACTGCCTAGGTGCTGTTC	0.00106826619031029
TATATGCGTCGCCTGTCCATAATGCACTTCCCAGGT	0.0561330199518654
CGGTACGCACAGTACTGATTACGCCAGCTTTCAAAT	0.165487108529821
ATTATACTTAACAGGTACCTAAGATAAAACATGCGT	0.0410314632041
GCCTGTATTAAGCGGTCATGAATCGCCCCAAGTGGC	0.255012238982263
ATAGAGTTTCGCGCGACCACCATAATAGCCCGAGCC	0.0887996738871073
ACTTACTATCAACTCGCTAACGATATTAACACCATT	0.863791147051054
CGATTACTTAGGTTAGTCTTGCCCACAACTTCCAAG	0.199655783010531
TTTCTATGATTTGCATTAACTCGGCCTGTGTTACTC	0.443788102438976
TGTTTCAATACTGATAATTTTGCGAGTCGATACACT	0.301951699723642
CAAGGATCATGTACCTTTTAGGCTGTTGTGAAAGCT	0.0190137995248279
GACCCATTAGTAACGTTGCGAATCAGCTACAGACCT	1.43887773075066
ACTATTGCGCATGTGGTGTGCCAGGATGGTCGCGAA	0.00101052021915679
AACACCTCGTAAACACACAGTAGTACCCGGCGAAGT	0.0301872482213585
TTCTAACTAGTTCATATGTTGAGTTTTCAAAAGTTC	0.0298110251739458
CCTATCGCAAAATCGACGATAGGTGCCACTTGGTTT	0.00150235177320023
GACATTGACATAGGGTCGTGTTAGGAGCTTCAGTTA	0.101238766671646
GGACTATGCAGACATCACCCATAAGTGGCGGCGCCA	0.417170843982343
GGCGTTACGACTTGTTGAAATTACCTGGAGCGCGTA	0.038851424836706
AATCTTGTTCGTTGAGCCCGCGCCGATAATCGGCTC	0.117863843393133
TCTCACGGTGTGTCGCAGGACTCGATGTAATTCATT	0.0138991643926239
GCGTTTATGTTAATGCCCGAGGAGCGATACTGTGAG	0.173225278357147
ACCTTTCATAGACGAATGATTGGATAACGGTGGCAT	0.147599006686601
AGGAAACTAATCTGAACCCATCCCTCATTTCGTCCG	0.269308433286503
TAACTCATATTTGGGATTTTAATAATCCACGAAAGC	0.182468829694201
GCATGACATCACACCGAAAATGTGCTCGGTGGCCAC	0.00923392123348592
GTCCAACTGCCCGGCGCTTCAAGAGAGTAATTGATT	0.517160378984372
ACTTTGCGATAAATTGTTGCCAGCTCTGAGGTGTCA	0.0377556631677922
CCACTGTTGTAATAATTCCGTCCGATCAAGAGCATC	0.204971207035578
GAAGACTAAGAGTGATCCAGAGGTATTAACAAGATG	0.0662891905378353
ATGTATCCAATTGGATCGGGTACACTCATATGGCCA	0.46078365947265
GAGATCCCCGTCGAATTTCGCTAAATGGAGTGGGGT	0.0722243967991251
GGTGATTGTGCTCGAGGGTGGACAGACTTTTCGGAC	0.0300843133337512
GCATTCAAACAGGAACCCGAGCCAATATGACACGTT	0.0218369642688814
ACCTATTTACCAACTCCTGTTAAAATCACTATCCGG	0.245594386823895
GATGCCTTATTTACCCTCTATGCATGCCTTCACAGA	0.382330261347949
ACGATCATTTTCCTTTACCGCTTCACTCGCGCCGGC	0.0392588123694467
CTGATTTTGTCGGGTTTGTCCAATGACCAATTTACG	0.176933291512892
CGTGCTAACATGCTATAACCAAGCGGAGGACAAGCG	0.0259208655552051
TATTATTAAATGGTTTCGTCATAGGAAAAGACCGTA	0.203214533018526
TGGCAAGTGGTCCTCCTGTCGGAGTGGGCTAATAGG	0.316520556344853
ACCGAACCAATTATGGTCGAACTGAATCTAGCGGGT	2.72170131980694
CATCCTCCACGTATGATAATATTAATTTATTAATGC	1.65152834283769
CATACGCTCATGGCGCTAATTCGCTTGGGCTCTTTG	2.71220252582936
CGCTCCATAGGTCTTCGGGTGGTACATTGTATGATG	0.0353015953869993
GATATTTTCACGCATCCACGGTAACCGGTGTGAAAC	0.259345847104536
CCTGAAACCACATTGTAAGTAGACGGCCATCGGGCT	0.0311248969686593
GGTAGGGTACAGCGCCAGTATATCACGACTCTGAAT	0.00329019516813908
TTATCCTATAGAAACTAAACACAAATGAGCTACTGC	0.129442599017641
GACAAATCCTGGAGAACTTGTTTCGCTGATTAAAGC	0.243926010321211
TTGACCCCTTCGAACCAAATTAGGGTCACCCTGGCT	0.501042741698288
GAGCCATTAGGATTCAATATGATGATAGGAAAGTAC	0.112678718703876
ACTGTAGGGATTCGGCCTACGAGTTTGCGCTTAATT	0.296000187414835
GGTGAAGGACCCTAATGCTGGTATATAAAGGTTCTG	0.0514752696468456
ATCTCTGGTCCTCCCCAGTAATTGCTGCGGCGCGTT	0.461019060537067
ACGAGGTTAGTATAAACTGCTCTATTAACCCCCGAT	0.165702751775078
CCCAAATTATTCATTGGTTAACTCAGGCCATGCATC	0.705263545975677
GATGATGATCTCTGTCAGCCTCCGAATTTCATGCTC	0.023577183547813
TGCTATACTTGTTCCGAACGACCTAATTGCGCTCAA	0.408568629931934
CAAAGACTTCACTTGGGTTGGTTAGCACGAGCTTAG	0.0305093567009065
GAACTAACGCGCGAGATTAAGAAGCATTCTCTGTAC	0.0791238766041529
GGTCTGGTTAGCGTTCCAGGTGCTACTGTGTAGCAT	0.101859871587774
GCATGGTCCCTGAATTGACGACCCGTACGTGTGCTT	0.0611976992007284
GTTAATAAGGGCCCTATATTACGTTAGCCACCTCTC	0.562154184478843
CGTTAATCGTGCAGTAGTTACGGTGCATTCAACATC	0.266406841680967
TCCTCCAGATAATTCGAGTACAATTCCCTTCGATCG	0.392028087215106
CTTCACTTAATGATTGAACGACCTCGCCCAGGTCGT	0.853749343370089
GCACTTGTGGGGCGGCGGGCACCCCCCAATTACCAA	0.390060694881224
GAACCTACAGTGCACGGAATAAGTTGCGCGGCTTGC	0.0546708391035702
CGATATGACTCAGCCTATGCACGGCCCCATTCAGAT	0.0334040536825793
CTCCGCACTGAATTTCCATTACACGTTCCGTACCTG	0.0963894505156936
CCCGTGTTAAGTGTCTCGCATTGGGAGAGTATGTCA	0.151592132456168
CCACTGTGAGTGTGATCTGCACTAGGGGTGGCATAA	0.0338638509787572
TCTAGTACATAGCATGATATGACCTCTGAGCAGGTC	0.0265745296622544
GAATATGAGCGAGTGCTCAGGTATTTCGGCGCTGTT	0.0507774735863772
TAATTTAATTTTGAGCTTCATGATAGCTACAGTCGA	0.168024958515083
GCTGTTGATATATGACAAGGGTCCTAAGCTACCCTT	0.162262685601687
GACGTTCGCAGCGCATGGTTTTTAATCAATGTGTCC	0.317989421482822
CTGTTCAGGTAATCAAATCGATTTGTAGCTTGGGAG	1.27508194972319
CCACTTTATGTTCAGTCCTCCGAACTCTATCACCCT	0.102480597560376
ATAATTGTCCGAGTGTTTACCTATTCCTGCAGAAAA	0.139899614826794
AAATGGTCACATGGCAACCGATTCACCTCAATCGAT	0.0124842668738041
CTCCATTGCTAGTCGGCTAGTTACAGTTGTCATCTC	0.108489012325848
ATCATTACATGATTTGTGGGTCAGGGCGCTCACACG	0.15278754266898
GTAATATTCATACGGCCTCGACTCATTACACGGCTT	0.566207965022234
GGAATAATGCTCTCAAGCCAGTATGTTGCGTACCAG	0.213348119264581
GGCACCCAATAAAGATATGTGCAACGCCAATCCGGA	0.162205916469565
GTTAAACGCCTAACATGATCGAATGCAACCATCCTC	0.0425143234380445
GTGAATCTTTGATGGGGTGATCAAGGGGACTACAAT	0.0936353905887586
GACCGCATAACCATAAATTGCGGCTTAAGCAAGTGT	0.0327287780900396
ATGTTAATGTGGCCAGCGCCCAGTCACCATATGACC	0.164138286579039
CGAGCGTAGTATGTAAAAGTCGGCAATTATCACGGG	0.311027248045389
GATGTTCCACATTAACAAGCCAACTCGCTCGTATGA	0.541098271721368
TACAGCGACTAATACGAGCGTCGAGACACCCGGTGG	0.0335428446034057
ACCTGGTCCTTTAATTGCTTACCTCGCCTAAATCCG	1.50382597108166
AGCACGAATACAAGTTATGTACTGGACTCCCAGCTG	0.00692160425310725
GGCCTGTTGGAATTTTTTGGTACCTGAGCATGTGAT	0.0193072910607032
AGGACCAATTAGCGTAACTGTACCACTAGGACGGAA	2.63204582044016
GCAGTATGTTAGCACTCCGCATCAAGTACGTTAGGT	0.148910669808418
AAGTCATCATGTTCATAATACTATTTGGTGGACTGA	0.239913564501685
CGCTCTTCGATCTAAATTGCAGTCTATTTATGGCGT	0.0683586164435298
ATGATACTACTATGTACTGTGTCGACTGCCCAACCA	0.141639727943011
ATACCGTACTATGAAATCAGTGTCCGGACCAGCACT	0.0375196174361564
TCCATAACTGCGCTTATTACAGATGAGTGTCTACAG	0.329732886677638
AGTTACGCGTAGATTAAAGGGTAACGCGATCGCTCC	0.0844395881409787
TGTGTGTGATATCTTGACTTAGTCGACGGCAACGGG	0.0656234623527886
GACAGCTTCCCAATGCTCAGTACCATTACGAAAGCG	0.0172722266099103
AAAACCTCCAAGAATGATTCAATTCGAATTCGGTTT	0.0222638659665772
GGGTGTCCAGCTGTCATTTGTCTCTTTATAAGTCAC	0.0134661388207241
TGATACCCAGCTGCGGGATCTCAGGGGAATTAGGCC	0.00241021581813985
GGAGTCTCGGCATACACACGCGGTCGTTAATCGATA	0.846844164872997
GAATACGAATATTGTATTTGATAGTGTGATAGCGGG	0.260945351859593
TACCGTCACTAATTAAGGATTTAAAATTGTTGTGTC	3.54524559661255
GACGTAACATGACAGAGAAACAGTGGCCTCGACGTG	0.0172639171446365
CCCCTTGTCGGTCATTAGTATCCATGAATAGCGTTC	0.843294337093838
TGTCCAGGGATGGCGTAGTTACTTACTTAATAGTAT	0.0617326449733844
GTCGAAATGATACTGCCGTGACTTCTTAATCATTAG	0.411165206413442
ATGTATCAGAGTATCTAACTTGGTGTTAATGTTATT	0.105192516333203
CACATAGTAATATGACTCCATTACTCCATCAAAAAC	0.205824321163526
AGACTTCGTTATCATACCACTTTGTCTCTAGCGGTG	0.149091692453443
ATACGACAGTAGGTTGTTGACCGTCCTGATGAGTAG	0.0196217723475604
TACGAGCACATTTCATCGGGGACCAGTTATAGTTCC	0.0105716702469825
GTGAAATTACGGTTGCCACGGGTCATTCTGAGCTCC	0.0725811165998829
GATAACCTACCTTAGGAGAGGCCGCGGTTATTAGAT	0.074570575943412
TCCGCGCAAATGAATTTAAACAGAATACCATCGCAT	0.077828700409111
GACTTTCACTTTGGACATCGTACCATGATGCCAGAA	0.0655488050111967
AGTCCTAACCCCTTTAATAGGATAATACTCTGGGGC	0.704049936909554
GTTAGTCACTTAGAGGTAAGATCCTCAATACGATTC	0.229420654855076
GAACTAAACGTCCTGTCCCATCTCGAGCCACACCCA	0.116177760990115
CACTCGGATACTACTTGTGGGTATGGTTTGACGACG	0.0187704612744987
ACGCAATGTACATAGCGACTGGTTACGGGCAGATTG	0.0660533484377385
AAGGGTAGGGTGTCTGTAATGATTAAGTGAGACCCC	0.266501186647193
GTGTGTGGAGGGTAGAGAGCTTGCTTTCAATAATTC	0.00539407450733973
GTGCTAGATTTCCCTGATGCGTTACCTAATCTGTGC	0.421302671166707
GATATCATTAGATACGAGCCTGCAGCTTCACATCAA	0.645967930565949
GGGATGTACTTACGCCTCAATACCCGGTAATTACAT	1.15112544662514
GAATTGTTACGAATTCCCTGCTCTCAACAACAAACG	0.0962216099380756
CGTTTGTGCGTGTCTATATTGCCTCGGCTTGCACAC	0.0245841626605697
ATTTATTGGCGTACCCTCCCATGGTAATACGTATCT	0.135920479386259
AGGTTCGTACTCTACTTCGAAGGCTAATCTATGAGC	0.269711417146864
ACCTTTTACTAGAATATGCGCCGAGAAATATTGGCC	0.0043964715898121
AGCATTATCTCAACCGATGATGTAGTGTTAATTATA	0.974864580064076
TCTATTTATCTATCCCCCATTATATCCCATCTACAG	0.349255534343826
GAGCCTAAAAATGCTCGCTGCGGCTGGTGATTATCC	0.195932388006178
GTCTTCTGTTAATACAGTCTAGAGGAGATCAAAACG	0.075572027603675
TCTAATTCATCTAGCTATAAGATGTCTGATTGTGAT	0.309088804974282
GCAGCCATTGGGCAATTGGTTAGCCTAGCATAAGAT	0.066191087128307
AGAGGTACTGGCATTGTCGTCAAAGTAAGTGGGCCC	0.0312362204341191
TTACAGTAGCAGCTAGCATTGATTAGCGACAGTTAT	0.624144056743599
CCGTTTCCGCAATTAGCTTCCCTAACCTAGCTCCTC	1.08318427528368
GCTCAGATAATTAAGAACCTATCGTAGGATGTGCCA	2.17601389238358
GCACTTAATCGTTCCTTAAAGATGCCCGTATGTGGT	0.53410403035346
ATCACTACATCTGCACTGCCCTCGTCAACTGACGCT	0.0614164511733788
TCGTTGATGATCCATGCGGTACATTTAATTGGCTAG	1.69423575191634
ATACTGAAACTAATGGTCGGCTATATAAGTAAGCAC	0.198818683022968
GAGATGGTTAAGCTTGATCGGTGAAGGTTCCACTCA	0.0157841902151591
CATCGTTCATCACCGAGATCTGCATGAGACAGTGGG	0.0392670904611557
ACTCATGCGGCTTCATAAAAATTATTCTGGTAATGA	0.348674202568573
AAAGAAGGACAAGACTAACTACTGCTAATCGGGCGG	0.321002814345005
TTTTGCTACTCGATTATCTAGAACACGGCCCGAAAC	0.0431855406728639
GCTCTTAATTAATGAACCCGCTCTTGGACAGTCTCG	2.48853774198898
ATACTTTCTACACCCTGGATGTAAGTGGAACCTGGG	0.0225199860826609
AGTGTTAACGATGCTTCGGCGTAAGAAATCCCCTGT	0.0501117890495074
ATTTGACGTCATGTTATGGTTGTATCGAGAGTTGGG	0.061655139820231
AGTCAGCTTCGGACCTGTACTGTATTAACATTCGAC	0.0159914079091681
GCAACCAGACCGCGAATTAAGCGAGCACCGCGCCTT	0.401539599603716
TTTACATTACCCAATCAACGCCCTAACCCAATTCGG	0.32674949156889
CTGTTATATACAACTTACATAACGGTCCTGGCCACG	0.0348013083285755
GATACTAGTGGACGGACGGTTGTGATGCACCGAGTT	0.11756098335543
AATAATACCCAGAAGCTATTACCACCGGGATCAATA	0.0780922731401039
TACGGTGAATATGCTCATAGGTCTGTAACGGCTATT	0.0427198445331761
CGCTCCATTGCACTGTCGTTATCGTGTCAGGCTCTA	0.100052266082907
GTGAATTACCACCACCTGTACTAATAGGAAATAACG	0.685407423933212
AACCACCCAGGTTATTATCACCCAAATCTGTTCGAG	0.379435703168416
TCACGTTAAGTAATGGGGATACTTCGTCAGGCGCTT	0.432756738049998
CCACATCGAAGATAATGGCCGATCTGCGCAAAAGGC	0.173472947656743
GATATTACAGACCTCGATATAGCCGCGGTAAAAAGC	0.0651509828563649
ATGCCTTCGGTCCTACACGATAATGGGTGAAAAATG	0.111614822531061
TGGCTATAATTGAACCATACTAGGGCGGCCCATATT	1.88984175831055
ACAAGCTAACGAGCAAGTGTTCGCTACTATGTCTCA	0.916640501242226
AGAACACGAGGGTGACCAATTGGTATATACGAAAGC	0.103330214328968
ACAAACAAGCCTTTCAATCAGGCTGCCGCCCATAGT	0.00717600643033977
GTAATCTACATACCTGCTCTGGACTCGGGAACAAAA	0.0120241643373254
CATCCTTTGTTAAATGCTCGTACGTACGGGATTCCG	0.051742791712267
CTCCCACATGTCGCGGATTCAATTGTCCCACAGTGC	0.0561086396312301
CTAGGGGCATATGCCTGATTATCCTACTCTCGCGAA	0.445760541284604
TCGATCTTAACGTGCCCATTAAGCGCTGTTGCGACT	0.238254369242083
AGTCGCAGCTCGTTTTTGCCAGTTAATCTACAACAA	0.0454382296712294
ATTTCCCATCGAGGCTAATGTTAGATTATAGATGTC	0.151383142875974
CCTGGCAATTATAGTACTGGCTTACTCTCGACAAGG	1.03745499956452
GAGTGGTGTCTTTGAGTATGGGGCGGGACGCTGTAA	0.019938520560681
GTAGCTTTCGATTATGTTCAAAGGGTCTAAGGGCGC	0.211102966791859
GATTCTGTGCTTTTGTGCTGGCGCCTGCCAATAATT	0.134150656114823
CGAAGCATTTTTCGTTACCTTGTCATAATCTGTCTC	0.0930904651926993
GCTGATTGGCTGAATGTTATACTCGAGCCATTGGAG	0.361703454617511
GGTGGCTAATCATCACATCGCTTGAAGCCCTACACA	0.874897083788541
GTCATCTACACAAGGTACTCCGAATTAACGAGTTGT	0.576733833850033
GCGATTTAATGCAGCCGCTGGAGGAAGCACATTACT	0.0913456101016248
TTCAGGTCAATTTTGATGTTAGGCTTGTAAACAGAT	0.0792666279735462
CATATGTACATCGATACCCTTCAGACCGTGTACCAA	0.119671364112378
CAAATGGTTCTTGGCGCCGTTAACTGGACCTGTAAC	0.065569545524671
CTCCTTGGCATCAAGATTAGCGATTCAGGTAGCACT	0.0449485933732518
ACACCGAGCTGCCGTGTCAACTGGTTAACGGAGTTA	0.00189315557177807
AAATGTTTCGTCCGTCATTTGGGTCGCGTAAGTGGA	0.145698878709206
TCCAAATCTACGACCTGTGTAATGTATCGTAGCTCA	0.0886579242649202
ACTGGAAAATGAATACAATATAGAGTGTATCGTCCC	0.0878738013311051
GGACAACACATTACGTCGGGATTCAGAGGCAAGAAT	0.310576922508866
GATCTAGGAAACGGCATTAAATTGTACTTCATCATT	0.268853407814971
GGAAATAGGCACATTAAAACTCCGTATTGGCGCATT	0.782009484623764
CGTAGTATCGCCGTGCCGTTCTAATAAATATGTGAT	0.257701696272519
GGTGGATGCGCCTAAACCTAGCAGTCATTAGGTTCA	0.150198013207149
ACAAATATTGAACGCAGATCGGTAAATCACGTCGTT	0.0706125342463865
CGTTAGATAGGGTTTCCGTTCTCCTGTGGACACACC	0.0243855710890478
CAGTCGCCGGTCGTTAGAGCCCAAAATCACTCCTTC	0.00596169032404006
GAGGGGCGGTCAGATAGGCTCGTTAAAGGCCCGACC	0.105485658949241
GGAGCGATTTTGATTATATAAAAGCCCTCAGAATTC	0.222938660268877
GTAATAACTAGTGATAGACACGGATTCCTGCCTTTG	0.193597698993716
CCCAATTCTACTCTGGTTGGCTAATGGTCTATCTGA	0.301030785988083
GTCATTTGCATCCACCGATACAACTTTACGGTCAGT	0.0122359051821277
ATTAATGCCTACTCCTACAATCTCACTATCATCCAA	0.0269021669130386
AGCTCTACCTAATTCTGCAATGAAACGCAGACTTTA	0.101522008289254
GTGTTTACTGATCGTGTCTAGCAAAGGATGATTTAT	0.0255242940053822
GTTTTTGTCATAAGTCAAATGGGTTTGTGCTTTGCT	0.00863844345366403
GGAAACGCGTTAACTGATGGGATCACTAAACCGTCA	0.330446033759702
GTGCCCTGTTATGCCATCAGAAGTTATGCCCTACGA	0.0414077191711308
CAGATATTTCAGGTCTAAATTTGAGGTGTATCCGCG	0.0182258099934816
CGTATACGCGGCATACTTACCACACCTAAGATCGGG	0.0385862102092652
GAAATGGTGAGTTGTTTAACACCCTGCTCAGGGAGG	0.10517434571355
GTCATGGAGAATTGCGGGTATAGAGTGGGCTCGCGC	0.0771282799918659
TGTTTGCTCATAATTCCCCCCCCATGATTCTATCAT	0.0882258633301755
CATCGACTTAGTACACTAATTCATTATCACAGAACC	1.78433439064469
GAGATATTCGCGAGAAACTGTATAGGGACCCACACA	0.00860017063881569
TTGTGCCTACGATGAAAGCGCTGGTTAGATAATGTC	0.00107890608594971
TGTATGAAGGCGTTTTGCAAGTATATTAACCAGTCA	0.15778530801918
GGTAGAGCTGACCGACTTGATGGCCAGTTATCCTTA	0.0798375682449758
GTCGCGCCAGCCACATATTGGCGATTTACTTAAGTG	0.132609391865683
CCGCCTCCGATCTTGCAATTACATACAGAATATAAT	0.0781965011663941
GCATGCTAGCGACCAATCAGACAGTTGCTGTTTGAG	0.0155765488776246
GTGTTTAAATGACACCATGTGTCCCACCTACTAGTC	0.147821990229179
GGGTTAAGAAATAAGGCCACATTAAGCCTTGAGCTA	0.204870187835904
TTACATTTCTAGGCGTTAGCTCATTAGCCCGAAACC	0.843988480000629
GTCGGACGTTAGTGATCATCCGCAAACGCCCCCTAG	0.0152694434250506
GGATGCATGAGAGCTGACGTCACAGGTGTTATCAAT	0.0404263099312114
GTCTAATGAACGCCGTCGCCGCCGTCTCTGAAGTAC	0.586276704746524
CTAGTAATATCCAGTGACTAACAGTAGTCAGGACGC	0.0196299145896661
AACCATCAGATGAAATTTGCGATTGATATACACATC	0.0512630346777168
AAGTCCAAAAATCGAATTAGCCAACTGCTCAACGGG	1.78459080426321
CAATGATGAGTACGCATACTGTTGGAAAGGGCAGAT	0.00227609559247377
AATTGACTATCATTAAACGCGTTTCAGATTAGGCCA	0.251057281372952
CCCTGAATTATGCCTCAGTTACCACATATAGCGGAG	0.385054140167571
GATATTGGTCCTCGCGTGTCGATTCCTTAATGTAGC	0.313341553082034
TGGATAGCGGGTGCTGTTAATTTAGAAAGAATCTAA	0.267810443955812
TATCACAGAGGGTCTTAATATAGACTCAATAAACAC	0.107328298764818
CATAGGCTTAACAGACCAGGCCCAATAATGTAATTC	0.0887668437380471
ATATCACTCGATACTGTCCTAGCTCGATTAACATGA	0.290843372389944
GCCTAACAAAATGTTGCGATTTCATCTGTTACTTTT	0.0754314033422237
GGAGGGCCCCCGGTGCCTAAGGTTCAATTACCGATT	0.287699053043711
ATAACATACCCGCGGAACGAACAAATTGGTGTCACA	0.235432856985264
GACGGATTACAAGGAGGTCTCGTCCTGTACACTCCG	0.142398597865746
GACACTCCCGGAGAATTATTTCGCGTGTCTGCCGAT	0.154333680507625
TCTCGTCGTGCCATAATAGATTATTCGCTCTACATG	0.469828001116621
CTATCGGGCAGTGAAGGTGGCAACATGGTAATTATG	0.45457694045963
ACGATACTGCACTGCTGAGTCCCACATTTATCGATG	0.0831441396478856
ATTGCCGGAACACATCACTAGACACATTGATCCTTG	0.0213346220999797
CGTTATAATCAAGGAAAGGTTATACCCTTTAAGCCC	0.306460402126909
CCGTGGCCCGGCAAAGGGAACATAATCAACGTTAGT	0.0400970885519354
TAATCTATTGATAGCCGGGGCCCTCTAACGAAGAGG	0.114262289233484
ATCTGATTCCTGGTTTATACTCGTTAAGATAGATCG	0.37472638882983
GTACTGTAGGTTTTAATGGTGATTGTTTCTCCGCGT	0.280989552385187
ACACGATGCATCATACGTGTATTAAAAGGCGGGTAT	0.0601221521976876
CTACTGTGTGCGTGATTAACACACAAGAGCTTAAGC	0.269594927707769
CGGTGTACTGTACATTAGTGCGTACGTTGTCGTTGA	0.312746660139595
TTACGATCTGTCCGATGAGTGATTAGCCGCACGAGC	0.325053518166503
ATTCTCCTGTTAGTTAAGCGATGACAAACGCCGCGA	0.199329659934789
GGTTCGATTGCATCCTGTACCGTCAAGTTCATTAGG	0.593666018082991
ATTGCCAATGCGCTAATGACGCACCACCTTTCATAG	1.21736836446075
TCAGGATTCACAATTGGCTTGTTTAAGTTTACATGC	0.125469624698403
CTTTTTTACCGTACATCACGGCAATGGTAATTTGTT	0.223895127880605
GACTTCCTCATCATGGTACTAGACCCAACACCAGCT	0.052643795239977
GTTATATATCACCAGACTTGTTGTCCGCTCTTGTGT	0.134428476197069
GTCGCAGTATTATATTCGACTTATTCAACCTCTCCT	0.0677517994354973
GGGTATTGGCGTTAAACGCTATTAGTTATGTTGCAT	0.311639852292931
GAACTGCGTTGTGGCTGATTGCGCACGCAGTCGACG	0.110797574386515
CCGTACACATACACGCCCAATCAAAATTGGATCCTT	0.319260313497288
AAGGGCCTCTCACTTGTAATTCACACTTCATGCTAC	0.0182583770759286
CTAAGTTACTCGGCTGAATTATAGGAAGGGTAGATT	0.230389790400154
CGTACATCGTTTGCCGCGATATAACACATTCGGTAA	0.135937187884401
CTGTACATTTGGTAATTATCCGCACCCCCGGATGGG	1.75683152578288
TTACACTTGGGCGGGCAGTAAGAGTCTTATCCATTG	0.000807273374034616
GAGTTTCGCCATCTGATCAGGCATCGGAGGAACAAG	0.0666557906502983
CGAAATAATGTCCAATGGGGTCCTGACCCGCCTAAA	0.148382908517791
ATCAGCTCACGCCTGGCATATCCCCTCAGTCACATG	0.385446528775643
CAGAGGCTTTTAATGAGGACAAGGTGCTAGCGTCGT	2.3607123361418
GTACGCAGTTAAGTTCCGCAACTGACTAATCAACGA	0.554498951607911
TAACTAGTGCCGATAAGGGGACAAGTATTAAATCAT	0.0151227431726028
CACTGAGCGCTCAATAATCTGCCCTGGGCTTCTCCA	0.211119489988213
ACCCAACACGCTACAATGCTTCCGTTCGGCTTCTCT	0.066058744256651
AACTTGGTTTGCATAAGACTACGGGGTATATGGGGA	0.0631699340222771
ATTAATGTATATATAGAGGGGCTCAAACTTTAAATA	0.23717227447255
TAAAGATGACATTACCGGATGCTTACAGAGACCCGC	0.00673898259928643
GGAATCTTGACAAGAGTAGAGTAAAATTTAATTCAC	0.0899531817269396
GGAGACACGTACTAATGATCTCGCTCCAAGACTTCT	1.54582309791547
GGAATGATTTGCGAATCTTAGGGAAACACCTCGACC	0.227712125113326
GGACATACAATACAAGGTCGGTGGGGAAGCGGGTGG	0.308259632036581
GAGAGTCGCATTCTCGTATTAGTCTGGCGTGAGCGC	0.183928841576409
AGTAGGAGCAAATGATCTTTCTTGGCTAGCCATTTT	0.0135252034676401
TAGTTGGTTAATCACCTAATTCGATGTGGTAATCTC	2.97517539099265
CATGAGTCGGTGGGTGGAGTGCTGATGATTTAATGA	0.517775323516984
GGGTTAGTCTGATTGCCTACCATACCTTGAATCCAG	0.267330060504998
GGTGGTGTTCTATTATTACCACAAAATGCTATGAAG	0.322542605928068
CGCTGGGTTATATCGTCCAAAGGCCAATCAGCGAGG	0.0891986599190466
GAATATGCAGGCCAACATTGAAATTAATCACCGGGC	0.43230114786553
CCATCCATATAAGTCTGCCTCGACATATACGGTGTG	0.0421245637118391
TCAGCGCTAATTAATCATGCCTTACGTATGTGATTC	3.84952540302516
GGTATTCACCCTGACCCGATCGTCGCCGCAACTAAT	0.0159739600971927
CCGTAACTTGCCAATGGTAGGTTAACTTCGGTGGGT	0.0598604992388704
CGAGCCGCCCCCATTAACGATGACCTCTCCTAGCGC	0.387356588958397
GAGAGTGTTAACTGCAGGTGGGTCCCCTCCGTGGTC	0.0347142197399487
TGACCGACGTTCTGAGAAATAGAGGATTAAATTAGA	0.00918747650439018
TGTGGTATCGGTTACATGAATACTGTAACCGATTAT	0.107365385971274
ATTTTCTGTTGGTTATATGATCGCTGAGAGTGTCAG	0.112920844445416
GGTTCCCGCTAGATTACGGTGCCCCTTCCTTCGACT	0.0660174023347588
ATGGGCAATACACGGATATCTCAGCCTTAATCTAAA	0.128361181914056
CACGATATTGATGCCTGCAACTGGTTTCATATGCTA	0.154971902640644
AATGGCCGCAATTATGAAGGTGCCCCCGGGTATTAG	0.554564939422114
ATAGTTCTGTGGGTATTACCATAGGATCACAAGCTT	0.045506582160718
ATTCTCTGTACTCATTAACGCAGAATGGACTGCCCG	1.48841035733293
TGTGTGCGCGGCTATAGCTCCTTCTATGCTTAATCC	0.00779630418318964
ACCATGTTCGCATGTTTTAAAACGAAGGACGATTAG	0.00788027875241804
GTGCTTACATTGAATACGCCTGACTTGCCCTGACTG	0.0766257425365627
GAGTATGCCATTAAGAGAGGTCCAGGCATATACGTA	0.191793269291145
TGAATCTACATTAAGAGTTTGTGAAGCCCCATGCAC	0.0514173264438658
GCATATCCGTTCTTATGCCACAAGGTAGGAAATACT	0.0809753018465603
ATGCTTAATCCGTGCGATATTGAGATTATCTACCCA	0.619880132326331
GCATATCTGATTCTACCGCTCTAGGGACCGGCAGCC	0.0712569458247678
GAATAGCCAACCTCTTTGATGCTTGATTTAATATCT	0.157727765990066
CCACAAGCCCATTATCTAACACGGATACGAGCACAT	0.641321567539887
ACACATACCCTACCGTGCGATGAACCAAGTAAAAGT	0.0149254882571343
GCACTCATTTATTTGATTATGATTCGGACCAATAGG	2.24037577908397
CCGCACTAATTCCCCGAAAGAGGTTACCAGTAAAAT	0.616662336245903
CGTTGACTAAGTTAACTACATCAACAGGCTTCGGCC	0.0936210166400299
GCATCCTTTCACGCGCAATATTAATGCGCACAAGCG	0.158516854368511
CATATAGAGTCGCGTCTTCCGGTAATAAGTTCTGCC	0.151447343210524
ATAACTCATGGTTACACGTACGCTAATAGCCATTCT	0.328355442086829
AGGTCCACGAAATTAGTGATTGGAGTACTAGCCCGG	0.387131066667656
ATTGGGGTCATCGGGGTAACAATGTATCGGGATAAA	0.0917174412345562
ACCGCTGAATATTCATTATTTGTTGAACATAATGCC	0.337368782580551
CTCGAGCCCATGTGTAAGTTGATTTGATCAGCCGGT	0.113651626468876
ACTACGCCCTTTCATCTTGATTAAACCGGGCGGATC	0.095858945041389
AGTATTTGCCATTAGTAGGCAGACTAAAATATCGTT	0.108882984191322
GATTGGGTCTATTCAAGATGTAGACTGGCATCGCTG	0.0340581252742762
GCTTGCTGCGACATGTATAAATGTCCTCAATGTTCA	0.0205706068988032
AATCACCGTATGTTTAGCTTAAATCATACCATAAAT	0.0366231883090219
CAATATGGCGTGTAGTTTCCTACTTGTCAGTTGCAC	0.0756194330340249
GAGAATAAATGAGCGTCTTTGGATTGCAGCGCCATA	0.35922058098494
ATTCTGTCCAATTTCCCGGAAATTCGTTCGCCCTCT	0.242641294653383
ATGATACTGGATGATCCTCGCCTAGTAGAAGATTGA	0.0894333376994107
AACACATATTAGTAATAGGCATCTTGTGCATGTAGA	1.3162074912571
TCGTAGAAATTGTGTCTTAATTCAGTAATGAGTTGC	1.66730353226034
GTCTCCACATATTCTATGATCACGCCTCACAACATT	0.290861794722546
TGCACTATGTTTGAGCTGATAATATACCGCAACTAC	0.07310458315883
GCTCTCCACTGTCGCGATTCCTGCTAAATCTACTTC	0.032621241881977
AGTACCTATTAAACTTCTGAGGGTCAAACCCAATCA	0.446060389595704
CTACCTCGATAACTATCCAGTCGCTTCGGATCCATA	0.192531757565258
CCCTTGTCGAAGTGCATTAAAGGCAGGAATACTATC	0.0226855035234355
AATTGTTCGGACCGGGCCTAACTCATTTAAGGTGAT	0.101975123086153
CTCTTATGCTGACTTTGTGCTAAATGAGTGCTTTAT	0.164489038314935
AGCAGATAATTTCTCGGCCATAAGTCCTATTATAAT	0.406625266259545
GTTACATGTAATCTTCTAACACCCGCCTAGTCCAAT	0.0346599168709003
TAGCAGCCGACGTAATCATTTAACATGTGCCACACC	0.173835586776648
GATCCTATGTTCTTTGCGGGGTCTACGGCTAACTCT	0.0329919854596095
GGCGTCCCTAATCGTTAGTTCGCCTTAAAGGTATCC	0.335018946490429
GACTATAACGTTGGGTTTCCAGTCCGTGTTCAGAAC	0.0333471323498973
GATCTGTAATAGGGTCTGCACTCCGGTCTCGACCCT	0.535941699880532
AACTTATTGAGATCTAGGGCACACTCGTTGGGTGTA	0.00742161028429074
CAGACACTAATCCGCTAAAGCTGCTAACCCGATGGC	0.718247881044711
AATTCCTAATCACTTTACCCGGACTCGAAATATGAT	0.844882573387819
ACCTAACAGGAATACGGCTACAAGCTACACTAGTTA	0.00469178749813756
CACTATAACCACATACCGCACGTAATGCACGACCAG	0.344671709958773
GACGCGTAACAGTGAATAAGTGTGCTCCGCTATTTG	0.0173390068996915
GATCCTATCGGACATACGTATAGATGTGTCCAAAAT	0.0043884007028375
AGTATTGGGCATTACGTGGCCATGTTGCGAAGGAGA	0.0349079005380423
GGGTACTTAAGTCGAAAGGTCTGATAAATGTCGGAC	0.107085278658298
CAGACCTATACTCCGTTATTAACCCGGAATGATTTG	0.208825567649074
TGAACGAATTAGTAAATAAAGCTGTTGGCCGTGTCG	1.09879315090916
GCGTTCAACGTGCTTAAGTGGGCGAAAGATATGATA	0.305645056804917
GAATGCAGATTGCGAAGAGTCGATGCGTTAATCGTG	0.145627887698863
TCTGAGTATCGATTAACTGTCTATTTGGGGTCCTAT	0.979854367788734
CGACAAGTTATCGCACCGGCTATATCGACTCGGACG	0.0563403009633152
CCGCGGTATATTGCATATGCCATCGCTTTCTCTGGA	0.0281158751249628
CCTCGTTAACGTACCATACTGTGGTCAAACTCGGTC	0.187881205463568
TAAATGTACATTTATGGTAGTGGACCCGTTACCTTT	0.057493273583675
GACACTGAATATGGATGGGAAGCGTTACATTGAGAT	0.128402718753039
CTGTTATGTAATTTACCGACGGGCCCGTAGGCGTGC	0.713983610706347
GCTAGTGGTTTACGGCCATATCCTACGCGAGCATCT	0.0391490213099676
CATTAAGTGGTACTGTCTCACAATGTAATGGCCAGG	0.438658261465357
TGATTTAAACGACCACAATTGCCAAGTGCTATTCGG	0.222793896912615
ATCGGGATAAACATCGATTGTTGCTGTAAAGTTGCA	0.0323910990765143
GGTGATCGTCCTAAATAGCTCAACGCCTTGGCCGCG	0.29757202631273
AAGGGGCATTAATACAGGTCGCCGCAGGATCCCCAA	0.181870397807063
GGACCTGTAACACTGTTACGACATCATGCGTTGATA	0.310120730001446
TTAATTATAAGCTTTTCGATTTTCATCCGTGTGCAC	0.0368931080178038
GAGAACACTGTCATAACTGTAAGACGGTCTCATCTC	0.0287035064340642
CAATATTGTTACCTGCGTTTGGAGCTACCATTTTAT	0.172689007656767
CCACCAATAACACAGTATGTGTGCCTGGGGTCGGAA	0.130341379259685
GCGCGGATTACTACCAGTCGTAGCATCACATGACTA	0.00996527425311655
GTGTACCGTCGTCAGTAGTACTGCCAAACGTACTAT	0.0130995016917599
ACAATGAAGTGGCCGCAAATTGAGTCCCAAGCCACT	0.484994812770052
CTGGTAGTCGATAACGAGACAAAAGTTATCCTACGT	0.18081668917049
GACGTCAAGCGGCACAATTACCCTCCCTGTTCTACA	0.249679657572518
GTTGGGACTAATTGGCAACTATCTTAGGGGTTGCTC	2.70189626634945
GTGGCTAATAGCTTAAACGTACTCCTATCATTATCA	0.60174426867891
GTACCACCGCAATGCTCGTTATGGGGAGAGCAGCGA	0.165569874187586
AACTATTTCCTTACGTTCGTCCACTACTAACAAGTT	0.218444227229227
CACTCATGATGTACAACGGGCGAGCGCTCTAATATA	0.148354765032192
GGAGTCGTTACGTTAGATGTGGCACAAGACTGCCTG	0.323699933926774
GTACGAACTACCTGCGTGCAATTCAACTTCGGGCGG	0.0197348578317922
GTATTAATTGTTTCGGCGAAGTGGGAGGACTATCCA	1.19353940248153
GATCGCCGGAAGATCCTGGATTACGCTAATTTAAGA	0.64912520061759
GACTCTAGCGAGGCTTGATCTCTGCGTCATTACGTC	0.0459029508478498
GGACACGAGAATCCGTATAACAACCGCTGCGTCTCA	0.170969044520876
GACGGGGATTGAGAAACACAAAATCTTAATTGACAA	1.14890287045724
GGTTGCTAATAACGACCCTACTCTACCGCGGTATAT	0.815839504501265
ACTTTGAGTGGGGACTTTGTTAATGTACGGCACTCC	0.330075522673898
AAATGTACGGTTGAATGACCATACCCTAGATGAGGG	0.0847630504326177
TGTAAACCAGCGCCCCACTTACTTACCGAACTAGCT	0.0205713485576628
CGGTCTCCCGTATTTAGGATACCAATTGTGTAGATG	0.0276099215237718
CAGTTGTAAATAGCAGGGAATTGTTTCCTATGTGCG	0.0529849098371674
GCATCAACACGGATCTAGCAAGATCATCGATTAGTG	0.710962862979363
ACCATTTAAATGAAGTTTGGAGTTGTCAAGCTTTCC	0.189855230473243
GCAATCATGACTAGTTCCAATTCGCTGCGGACAAAT	0.274175420034835
GTTGGCCACATTGTCGACTTAGGGTGGGATTTTTCG	0.106998871319881
ATTTATCGATGTTATCACAGCGTTTCCACACAAGCT	0.0859405191869364
ACAGTGAGCATTAATCGAGTCACGCAACCGATCGTG	0.853684983200952
CGAAATTTAGACATCATTACACCTAGCGGGGCGGGA	0.395115094211974
TATTTTGTTCGATACATTGCGTCCAAATTGGGTAGG	0.478284748742913
ATTGATCCTTGCAATAAGTTAAGCACTGGGGCCCCT	0.0361820843971027
GGTATGGTGTTCCGGGTGGCGCTGAATTACTCCCGG	0.174198234896057
GCTGACACTTGCAGTAGACACCTAATAGAGGACATT	0.19744502848451
GGTTGCCCTAACGCTTTTAACTAGATTCCGCCAATA	0.0244519313034244
GCCAGGGTCTTCAGCTAATATTATCTTTGAGGTTGT	0.0424821038142372
GGCCATCGCCTCTTCATAACCTACTAATTAATAGCA	1.24605085504002
CGCGCCAACGATGTACACGGGTTTTCCAAGGTAATT	0.0862328103213155
CATTCCTTTAGGATGCTGATATCGAATTGTCCGTTG	0.0726333714228101
ATGTAGACAAGCTGGATTTACTGACTTGCGAGTGGT	0.00833323714076958
CGTATACCACAAAGACGGGTTAACAGCCGGCCGAAC	0.00676300689702501
GATCTTGTGCGACACAAGTGATATAGGGCCCGGTCT	0.070320810338646
CACAGTTCTCTAGGTATCTTCATTTAGTTCGCGGGC	0.02780513926382
GCTTATGATGAGATTAAGCGATTGTGTCCCCCAGAC	0.337744443140261
CACGTCTATGGTTCATTGGCCCCGGACCGGGATCGT	0.0387567834844392
AAGATCCTAACGACATGTTTTTATTCGCGCGCCACC	0.100229736732965
TGACACTTTCCTTAATAATCAGTATCACCGGTCCCG	0.542546141756664
CCTCTACGGGGTGATATAGTATTGTGACTTGGTTAG	0.110571740298568
CCCTATACGGGTTATTAGGACATCTTTTGTATCGAC	0.543918493008896
TACTCCAGGCGTAGTGAAGTATAGAGTTAATAAGGG	0.240650351177314
GCGAATCATCGCCAATACCATAGACTCGGGCTCACG	0.00938698961278191
GCGTGAACTCTAACTGCCGGAAATCAGTCGAAACAT	0.0358976413237034
ATTCATCCATGGCGGGATTGGCCAGACGACTCTGGT	0.0025913406333122
GGAGCTAAGATGCGTAAACATATGGTTTCAGCACTA	0.0412444823586711
CGACCTACTTCTAACATGGCATTCGTGATGCAAGGA	0.0495233175372011
AGAACCTCTATTAACCTATCTGTCATACCGTTAGCC	0.737624069197475
CCCCTTACAGTAGGCTACTGTATGACAATCGTATGT	0.0458337022237547
ATGACGGGATCGCACAATGCACATTATGACAAGACA	0.0332924355927146
CCGCCCTTGTCATTCGACCTTTCTAATGACACGTCA	0.115982330635324
CATGTTATTTAAAATATGGAAGCCAATTCTGATCCC	0.149922931989084
ATTTGACCTAAACTTTGTGGTTTATTGCTTCCGCGC	0.0223921104197721
AGTCACCCAATTGAGTGTCATTGTGCGCCGCCCGTT	0.540760522177574
CCGTTGACTCATGTAGGGATAATTTGTGCGCAGAAC	0.481154915532434
GGTATGCACTACACTCGTAGCCTGGGTATCACATAG	0.0914302815880025
GGAACAATACGAGTAGACCTCGAGGCGCACCCGAAG	0.103828087561341
TATAGCCAGATAATAATCAAATAAGCAGGAAGTACT	0.806946422413281
AGTACTGTTATCGATTGATCGTGGGTATTCTTGACG	0.400658195259379
CGATCGATCGACTAATTTGACACCTGCCTTACCCAT	1.90484422839603
GAATGACGCTTCAGAACCCCATAACGAGGAAAGTAG	0.102201901471908
CTAGATGAGACACAAATTTGCGGAACCCAGACTATC	0.0248121789349886
GAACGGAACCTACATCATTAGCAACTGTGGTAACCC	0.782062945430621
CGAATCTGTCTGTTAGGTATATTGGCGCCCCTATAA	0.0414400442437263
TGCATGGATTAATCCTGGTCGGACCAGTGAGCGTCG	0.0716232008006742
GTGAGGTACATCTCTGGTATCTGACTGTGTCGTAGT	0.0408165266255397
ACTTCTGGGAATCTCGCGCCTGACTGATTGGGTCTA	0.108424119623203
TTATATAGATGTTCTTTCATTACTTTAAATGATTGG	0.174883502896754
GCGCCATAGGCCGAATTACACTAAACCAAGTCTAAT	0.029799746309533
GATCTTAAGCCAATTGGTCCGCTAGTAAAGGTATGA	0.405169955932086
CGATTGTAGATCAAATTGTTCCGTGCGTAGCGAGAC	0.0984735545904181
AAGTGTATCACAAGGCTATTATTAGACAGTAGTGAC	0.160056245300036
GACAGATCCGTTTTGTGTATGTTAGTTGAATGAATG	0.169971606429969
GTACTATTCCAGCGTCTCTGTTACCTCCCATTTATG	0.162462702930764
GTGATCCGAACTAGTATTGGTTGCACCCTGAGTCGT	0.123401690728026
GATTTAGGACATTAAAGATCTCCCGTCATTCATTAA	0.242737907632715
CAATGAAATCGTTGCGTTTAGTGTCACTTATATTTA	0.0782740645949632
TCATAACTCAGGTGTATTAGCAGAGATTTTCTGTCC	0.219896554738782
CCAGATATATAACCTCACCAGTGGAGATTGTATACC	0.0785127403042264
AGACGAGTATCCTATTAAATAAGGAATGGAATGGTT	0.303469534655837
GTTGTGTGTTTTAGTGACATGGTGTCGTTCGAGGGC	0.103939511006601
CGTCTAGATTAATCAAGGGTTCTCTCTAGAGCCCGG	0.697051418931618
GTAAACTAATGCGATAGTGTAGGCCATTCAATGATA	0.6706192295006
AATGAGGGTTGGATCGGTCGTTATGATGAATAACGG	0.0777977054905894
GTATCACCTACTGAGACCGGATTGAGAGTGTAGACA	0.0383936904285519
AATCTAATTTCGTTCTCGTAGAAGGTGCCCAGTTGC	0.671383857735388
GAGTGTGTACGAATCGCTTCTCCCGCGCTCACATCT	0.06211418326629
ATCCCAGGAGAGAGTTGGCTTTAGCTAACAAGATTA	0.157803170995705
TGCCACGTAACCAATTCGCCCGCTGCCAAACTCGTA	0.0528183719330136
ATTGGTGATTAGTTTATATCCCGAGACTATATGTAT	1.05703458304004
CGGGATTAGTTAGTAAAGTAATTGCATATAGGTGTG	1.11104903926
ACTGGGTTCTAATAGTATGATTATGGGTCACGAAAT	0.555312802040238
GCTTCCTTAAAATACATCTTAATAAACTCTAGTTCA	0.203262008164678
ACAGTAACTGTCAGTTATCAATAGAGTGGAGAGTTG	0.139374438743528
GCTATACAATATGCTCGATCTCCGGTTCGAATCGAT	0.161930722090936
TATTTCGGGTAGAATGTTAATTCAAGAACCGTGTCT	0.259754142326766
ACAGCATACTCGCGCGGCGATTATGTAACCGCGATC	0.0284129143127398
AATGACCCATACGAACGCTATTCACCTGGATGTTCT	0.019432420976445
TCAGATTCGCTGTATCGCCCAATAACCATCCTACCG	0.0206724095996942
AGTAGATCTTAGCTATAATGCAAATCATCCCTCGCG	0.145425730057616
CCACTGGTCCTTACCGCCCCTAATGGCGGACAGCAC	0.0498231577050445
CCCCAAATTGCGATGGTCTATACAGTCATAGTAGAC	0.0272378361713133
GCACTTCGGATAGATCATTATCTGGACGTTCAAGCA	0.351433156302893
GAGAAGATCAGATAGTGTCTCGTTAATAGCGACGTC	0.204046319524006
GCATCGGTTAATTGCGGTGTAGCTCCGAACTTATAA	1.31160291537563
CTTCACACTTGCGTTAATTCACAGGGAGAGTTAACA	0.7968306777211
GAGCATCCAGCTAATCATAGTGAAGGTTATGTAAAG	0.288108871928884
TCGTGTTTATGTGTATTTAGCAATCCCGATTTAGGA	0.0694419998221874
TGCGGATAGAATATACATCGTTGATTCAGTTACTGA	0.035549043980865
CGTAGCGCGGCGTCTAATAGGCACGAATCGAATCGT	0.311617313197225
AATTGATATGTCATGAGACACGTTAGCGAGGTCGTT	0.0579170890680238
TGGCTTGACTATTACCAATAACCTGAACTCTGCCTA	0.0430300038688483
GCTCCCTACGGTGTAATTGACGAGAATCTCATGGAA	0.789784951341728
TAAAAATTAAGAGACTGATTGACAGGGTGCATTTCA	0.362230790807119
GTCGTTTTATGTCGGTACGTCGCCCATGATCATACG	0.0759365556554985
CCCCGTGCGTATTAGCCCAGCCGAACCTGGCCAGCC	0.0228949952161367
TCAGTTCACACCCCTGCTTTGAGTAATTTAGGAGAA	0.00416744651267521
ATGTACATAAGCTACGTTTTACAATGATTGTAGCAC	0.226343559100749
GCTATAACTCAGTCACTGTTGCGCGTCGGGCCACCC	0.0476687979116268
GGTTCTTAGACAATCCGTCTTGGTTAATTTGGGGAG	0.551145463844212
CCTAGTAAGAATGAGCCTAATACACAGATCCCCCTA	0.0999480732612967
CTTGGGAGGACACGATTATATTATTGCATACCGGCC	0.0938080871175196
TAATGTAAGGGGTGTACTCAGTCCCGTTTAGTCATG	0.000257187649677323
TCGCGGATTAGGCATTGCCGGGTGTAGTAACACCGT	0.136595384663337
ACATGCTCGAGGTCAATAACACCACGATTCTGTGCT	0.11712450674195
ATGTACTCGCCAGCCTTATTGAAACTTACTACTCCG	0.078282666166198
TCAGATTCTCGTTACGTCTCTGATTGCTATGAGTCC	0.2137263932814
GGAGATTACTCATCGGCACTATGACTGTTGCAAGTT	0.316100693247896
GCTCGCCAACGTCGTTATTAGTAACTCCAGTATTCG	0.324715173044362
GGGATTATTGCGTGTCGCATCACGTTTAGCCCATCA	0.204635054343485
ATCTTGTGTGGTACTCATCAGTGCTTGAAGTTAGTA	0.156125657553404
TATGTCGTTCAGTTCACTAAATAGTTTGACCATTAG	0.219676630909078
CCAGGTATTTAAATCATCTTGACATTCTCTGGGTCG	0.494920233606355
GAGTGTTGCACGACGTACAGCTAAATTGGGGTGGTC	0.476715572171563
GCACTTATCTCTCTCCGCTACTCATCGTTGTACTCA	0.175274888694944
GAACTATTTAGTTCTTAACAGAGACTAGCTAAGGCA	0.0491942279225889
GATAACGAGCTGGTCGATACGTGCATGTTGTATGGA	0.308077018040157
CGGGTCGAAACTTGTTTAATCCCTAAAGCTAATAGG	0.231330140957037
ACCATTACAGCCCATACCCAGGAATTAAGGCGAAGT	0.105394748559944
GGCTCTATCACATCGACCATCGGCCCTTCACTGCCT	0.120488926125067
TGACTGTTAGTTTCTAATTAACCGCGCGGCAGGGTG	1.58079929417909
CCGACCTATTTAATGGGGCGTGCAGCCCGAGCATCC	0.544356583260477
CTGGGAGGGTAGTTCTTATACTGCATTATTGTTCCG	0.20280857566323
GTAACACACATTCTTATGAGACCGTCAAATCTATAC	0.0740722841006659
ACCCACTTGTCTGCGATGGACATTAAGCTAACCACG	0.166140704335087
ACCTGGCGACCCATGTGCTCTAATTGTCGCCCCCTT	0.606223523883641
GATCTAATTGGGTGTGGCTGTCTGGTGGTGATCCCG	2.29797381424755
CCCGGAACTATCAAATATCTGTAGGTTCATTGAGGG	0.0450980620458591
CCGAATCCTCTAAGTATGCCCATACACCTGAGAGAG	0.0840699691064516
AAATCAATCCAACTAGTACGGGCAAACCGTCTAGTC	0.0507609002632764
CTTTGCGCGTTGAACCTATCAATCTGTTTGGATACC	0.00190307426935024
ATGCCATTACAGATTGACCGCAACGCGGCCAGGCGA	0.200051537194966
GATGGTGTTGTGGCGCATGAACGATTATGTCGTTCA	0.169201849463656
CCTGTAGTCTCGTAACTTCCGTATTAAATGCGGGTC	0.0952925619186158
AGTGATAGCTGTCTAATCTAAAAGGGATAGTTGCAA	0.24222883805676
CATGAGATCGTACAAAATACAACAAAAGGTAATTGG	0.74144398586336
TAGAGACGAGTTATTGGCCCACGAATTCCACATAAT	0.205714967477386
ATGATCGGATTGTGGTCACTCTAATAGTCCAGAGAA	0.256346025953198
GTACTAACGCAAGAATCGCACGGTCATTAAATAATA	0.494711388242755
GTTGATGCCCAACTAGTCTAACAATACTCCAGCTGT	0.0377478836826891
CTATCACAATGAGATCTGTGGTTTCATGACGGGGTT	0.111131004470002
GATACCACGCTTTTGATCAGTGCCGGAGCCGCGAGT	0.0751054320881663
AGTCCTCCTTACGTGTACGAAGTATAGCACCTCTTA	0.00398930761235998
CATGACCATGCTTTACCCGTGTCGTATATGAACGTG	0.00194842608930089
AATCAGTATAGTTCTTGCCAATACATTATGAAGGAT	0.020383398897118
ATGCACAATTAGAAGTGCCGTGTGTGTGAACGACAG	0.734488901212475
GCGTTAGTATCATTGCGGTCCAGGGGTAACGACATA	0.00415127507264607
CTAATGATGTGCCTATTATATGCTCCTCTGTTATTG	0.732231345605443
GCATAATTATAGTCTCACATAACCGCATCACGGCCG	1.59394972620734
GCTTCGAGGTTATTGGCATGTCCAATCTTTCGCCGA	0.0846316687498053
ATGACACTTACGATACCTAGCGTCGCTATTTACAAC	0.0316162954414749
ACTATTTATCCTAGATCAATACAGCTTTTTAGTCTA	0.0163977530200962
TGGGTCAGTTGCTAGTTATAACTGAAGTGTACAGGC	0.0143381073619118
GATCAGCAGATCCTCATGCAATTCCTCTGTTCCCAT	0.0752241912119322
AGACATGTCATCAACTGTCAACGCAACCAACTGTCC	0.155826987750591
CATATTGAGTACGGTCGACACGGTCAATTTATCGAA	0.164460095972731
GCATCTTGCTCACCCCTAACAGGTCGCTCGTTAAGC	0.25387674820165
TGCAACTTAATGGTCAAAGTGCGTACAAACGTGGTG	0.0650130637054157
CCCATCACGGTAGCGGACGTATTAGTTACCAATTAG	0.591310545233568
GCTTGCACTTAGTTATTGACTTACCCGTACATACGC	0.395820293564357
GTAGTAGGTGAATTTGTGATGTATTGACGCCGTCAT	0.438537147084752
GCCCCCCTAAACGAATTCCTACGGTTAAAGCTTGGG	0.0141579426702222
TCATCTACTACCACTGCTATTTTAATCCAGTTGCGA	0.098889564942953
GTATATGCACCCAGCGAGGTCTCCATTGACGAAAGC	0.0232002509064502
ACTATGCCATCCAGGCGTTTGTGTGCATCACCAATT	0.105036338653246
TGTGTATCTATGTGATAGGGCCATCATAGGGGATTT	0.121217019146132
GTTGGTTTCATCCATACGCTAAGTGCAGGAGTATCG	0.0389563388186045
ACGTTTTACGTACCCTTTACATTGTAATCGATAGCC	0.110136481947647
TGTACCCCATTTCTGTCACCTGTTATTAGTCGTCGA	0.136653320018858
GGATGTCCCGTGAGCCAAGCCTAAATAACCTAAGTT	0.0326605769099679
CCACCTTCCCACTCTAGTTGCTCAATCATGCAATAA	0.0290131216458355
GGAACGACACACTCTAGACGCAATGCCCACTAATAG	0.761502640771407
AGCTAGATGATGTGGCATTTCCTTTCCATCTCGCCC	0.0484214411038243
GTTGAGTCATTATGGGCAACATGCGCCCAACGGCTA	0.542120381484609
AGACCACTTAAAACCGCATTCCGAGTTAAGAGGTTC	0.427931894386666
GTTCATTGTCAACGATACAGCGAGCAAACGAGGACA	0.00633040719184514
GTGAGTAGGGGCGGGATCGATCACCTGTCGGGTTGA	0.0513661604728444
ACAGTCTAGCAAGCCTGAAGTTTGCCTGCCTTAATT	0.287538069527316
ACCAAATGAAGTGCAATTTAGTTTGTAGGGTCGTTC	0.380473928995698
GGGCAATTTGGGAGTGGAACTCTTCTTCTTTGGCGT	0.284040874590255
GTTCGTATTCGTGCATTTAAATATTCGCTTGACGAA	0.0672135460415868
GGCCGGACGCAGGGACAATTAACGCGGGGTGCCTTC	0.554269659789557
AGTTCAATTCGCGCCGTGATTACCCAACGTTAACAC	0.316201182632227
AGCTTGTTCATGCCTATTAGGCAGGCGTCCCCGCGG	0.479782230119048
AGTATGCAGCCTCGTGAACCAACTTTAATCATTCAG	0.089435584333935
GACGAATCACGAAGATTAGGCGCGTGATTCTCAAGA	0.0926540929381642
GTATGTAAGGTGGTTATAAAATGTGCAATTCCGTCA	0.245048494893228
ATATCACTTGGCACATCCGTCCAGATAGGTCATAGC	0.0607447488640977
GACTGTGCTCCAATACACTGCGATTAAAACGCATTA	0.131135776125586
CTATTGAGCGTGATGATTTGTACCAAGGTGCCAATG	0.00527498548344786
CGCTTATCAATTCGAGAAGTATGTGCGTTTGCTATG	0.0538190182669197
GAGCTCTAAGCTGGTAATTCGCCGGGAGCAGTAATT	0.912313646401448
CATCCAGTACACACAATATATTGTTCCAGGCAAGTA	0.0457773194943808
CGAGTTGACAAATTTGTCCTCTCAAGTAAGCTCTGT	0.078069109136976
ATCGCATTACGGGTACACCGTACCGTCCTGTGTCAA	0.145015272560052
CCCCGAGTTAATGAAAGCGACAAAGACATGTCTGAC	0.404242153031174
ACTGGCGTCGAGGTCAGATTAGCAACCCACTCACCC	0.245355037470949
CGTAGCTACACTGCAACCAATCTGGAGACACGGGTC	0.0420310838045165
GATGGGTACACACTAATTAGCCTGCTCAATGAACCA	3.77160114831273
ACGTAAGATGGTAGCAAATCGAACTGACCTCTTCCG	0.0053362003451526
ACATTGATAGTTTTCTAAGTGAAAGCTTAGTAAGGT	0.0228633468677332
CAGAAGGTTATAATTCAGATGCTGACGGACCCGAGA	0.221027027520762
TTGACTACTAAGTGAGCGCCAGTGATAAGCTACAAA	0.16191647538643
CAGGTAACTATCATGTAAAAACATCACCATTACAGC	0.0751110126767821
GTAGTAGGCTAACACTGGTCAGATTGCGTCTCAACA	0.107125201615948
GCAATGGGAGTGGGTGAACTATTGGACAATAAATTA	0.368526006602736
AATATTCTTGAAATGAGTACCCTAACGAATTGGCGA	0.179317150772321
CAGGAGTCAAATAATGAGTGCCAATGGACTTCAAGC	0.361608838820285
ACGTCCGATTAGAAGGCCCTCTACTAGTTACGAGGC	0.223878015139011
GAATAAAGTGTCTTTCACAATTACGAGATGTATTAC	0.370842455697296
CATTGCAAGTTAGCGGGTAATGCAGCGTAGACAAGA	0.0458204527254082
TCACGTTTTTAATTTTATCGGCCCTGTGTATCGTTG	0.184602903822756
GGTAAGCATGCAACACTTGCATCGATAAGCTGTCCT	0.0631555764124094
ATGCTGATTGATGTTCGTATTAACAGCTATAGTCCG	0.660815104873053
ATGAGCGAATATTCTTATTTGAATTAGAGCGGTATA	0.219017385039296
TGGGCTGCCTTGCCATATCTTGTGCCCACTTAATGC	0.0629235782491445
GGCACGCCCTTACTACTGATTGAGCTTAAGTATGCA	0.311101952774141
TTTTTACACCTTCTATAATTGTCAAGAATTATATGC	0.256114860599765
AGTCAATGTTAATCGTTTGAACGATATCAGTACGCC	0.42470582519253
GTAGCCCAATTGGAGTAACGAGACCGGGCGTTTCTA	0.365420523012625
TGTTATTAACATAATCTCATCAAATCCGTTATAGAC	0.383334245356697
GAGCGTCGAATGTATCTGTCTAGTAACCCGAACATC	0.0396153282639911
GTGCGGGTCATTACAGCATGCTACGAGATGGGCCTA	0.24711012246684
GCGTTATACAAGTGAGTTATATGGCATGGTCCACAG	0.134810353151169
ACCCCTATTTTATATTCACCTCTCGAATTTGCTCCG	0.0850549198553648
ACGCAGACGGATTGGTTTAATGTGGGACTTCCTCAT	0.0598269139948082
TCATGATTAGGGCCTCTTTGAGATCATAATTGTCCG	0.730613663783495
GAACCAGTAACAGTTCTAGTCAATATTCTATCCGAG	0.0504832573847831
CCTACTCAATAATACATGATCGGTACAGAACAAAGC	0.154702995101223
CTGTAGGATAAAAGACTTACGACCCCCTAATTGATG	1.60824067147758
ACTTATATTACTATATTATGCCAGGAGCGTAAACTA	0.478250258860521
GACACTCAGACGTACAGGGCCGATAGGTCTCAGGAA	0.00429698846761001
TAGCTTTAATTGTAATATTAGCGGTGGCTTCGAGAC	1.07033831050507
TTATCAATCAGAATGTGAAACTCGTTGCATGACTGA	0.0150096216811888
GATTCAACCATTCGGGGCATTCCATTTCCCCATCGT	0.22877740821299
TATAGGAGGGTATATCGCCATCCTATTTATAAATAT	0.00667124625121884
AATCCCGACAATTAATCGCTAGGGCGGATTGACTAC	0.972148962829718
GGAAAATCGATTATGCAGTCGGTGTGGTGAAATCCG	1.34027668947642
ATATTTAATTTCCTCACTAATCCAGATCGGATGGGT	1.31748674409804
GCTCCTCAGTCCGATTACCCTAGCTTCGGAATCAAC	0.0881017426080101
GGATGGCTCTGGATTTAGGTCTATACGCAGCCATTA	0.164479396988672
GAAATCGGACAGAATTACTTACGAAAGGTATTCTAG	0.175135609627866
GGAAGAACGCAATGCATGTACAAAGTTCGGCAGTTG	0.0473995778710584
GGTAAGTCTAAACCTCCCATCATATGTTATCAGCTA	0.0257542147960745
TGGCCCGCAGATAATAGAGTCGTCAGGCCAGGACTC	0.103453172674614
GGAAATTCGGCTAGACACTTACATATATTCGCCGGA	0.202678134568316
TGACCGTTCTTTAATAGTGCGTGAGTCCCATTAAGG	0.336151957378872
GTCTGTTTTATTCGGTATTGATCCTGATGTGATGTC	0.393804064502902
GAGAATAAACCTCAATATTATCGCCATTGATGCTCT	0.144282544317148
CACTGTAATATGTGCTAGCCCCGACAGACCTTGGCA	0.0958032573728507
GCTATTAAATGTCCCGTTGATGCACCCCTGCGCCAT	0.100454901665962
GAAACAATACTTGTCACGGTTTCCGCGCTTGCTGGC	0.0207831118959385
ACGAGTCTTAATCAAGCTGGTACCCTCACCGGGCTC	0.555972317112304
ACAAACGGGTGGTATTAATCAGGAATTGGTTGTCCC	0.460866423270058
GGAAACACCAATCTGCCTCTTCAGGGTGGAGTAGAC	0.06998360523775
TGATTGTCTAAAATTACTCGCCCTGGCATACGGGAC	0.0176493649477574
GATAAATAATTCAGGACGGAAAGGTAGTAGAGCCTC	0.292645215930034
AGCGTGCTTACCTGTAACTAGTCAATGAAGGGTACG	0.0383806053660745
CATTCATTTTCGACCCTTAATGAACGATACGTCGGC	0.738665010935312
CACCTCCTCATGACTACGGATTACTCTTGCGCCTAA	0.0246712521115857
TATTTATGAGCATTTAAGGATCGAAGTCGTTAACTT	0.17516785444887
GCTGCTCACAATGACCGACCTAGTGCATACTGTGAA	0.0807751132601204
ATAGATTGCATGTTGACGTATATTATTCACGGGCAG	0.393102541990347
GAATGCCGAACAAACTAATGAAGCTTTCTAACTACG	0.736893223235327
GTTTTAATGAACTGCGGTTGGGTATACTCTCGTGGG	0.836469936460863
TGTTGATTTCTCTCATTTGGCATAAACGCGGTGAAG	0.000337993580896338
CACTGTAAATCAGATCCGAACCTCACCTTGTATGGT	0.177201478526407
GTCTCGGAACAACCAAATGATTGTTTACTTCAGAAC	0.0312270002624073
GACTGGCACTTAATGTGGTGTCAACACACGGGTTGC	0.559670000004655
TTCCACTTTCACGTGTGATTGCATTTGTACAACTGT	0.0129677904945038
TGGGCACTACTGGGGAATATGTTATGCTACTAGTCA	0.00921034083191277
ACCGAAGCAACCATTATCCAGTACCTGTTCTTTACA	0.0518050832384956
AAAGCATGTTCCGAGAGATGCCCTAATTCTCACCCC	0.0293161610113239
ATGTCCCATCAATCAGCGCAATATACCGAGGTACCG	0.226403544063965
AGCCCCTAGTTCATTGTGCCAATTGCATTTTCGTTC	0.0668727577470368
CCGATATCTGTGATGAACGAGTCGGTTCGTTACCAG	0.0880514786557771
CCAAAACAGGGCGAGAAAATTGATGCTGGCGTTGTG	0.0939892206694214
CATTATTCAACGGAGTGTTATCACCATAAGTGCATT	0.0605777014693272
ATAGATCCGCCTATAATTACACTTCCATTAATCGGC	1.36449136424733
CTATTATGATCCAAACGCGTTGTGATGTTGGTGGGT	0.0570911791711438
ACTGGCGGATATGCAGTGCACTCAAGGCCATAATGG	0.0316987760074739
GGACTTAGCTAATGCTTGGCTACTCAAGACGACGAT	0.236242033480126
ATCATGACACTGCGCGATGTTGACGCTATGCAGTCT	0.0859998407377847
GAATTGTGCAGCACGTATCCAGCTCTTCCCCCAGGC	0.103800238494383
AATTGTACTGTGCGCTACGACCTCGTGGTTATAGTT	0.0441500611275443
GAATCGGGGACGCTGCTTGGTGTAATAGTGGATGTT	0.128942334546759
GCCCAATCTATTTTTATTACCGAAAGTCTATTCACA	0.59041942280572
GTTTATTGCAGAAAGGTGATTTTACGAGATAATAGG	0.353898096271137
ATCACGCAAAGGAGTTACATAATTGTTGCTTCGGTT	0.554288698951613
CGATAATCACGAACCGGGCGTGCTCTTAAGAAAGAC	0.0251154563740069
CATCGGGTTCCCAGATTGTGACCTAATTTTATAAAT	0.0712846538193841
ACTTGGGACCTCTCTTGACGGAAATTATAATCGGTT	0.220577820254444
GCCACCCTCAAAATGATTCCTTTAACTATTTTATTG	0.101119347592447
CTCTCTTTAATGAGTGTGTTGAGCCTAATGATCAAT	1.93643047472721
ATATGATGTCAGCCTGATCGATCCAGAAAGCAGCCG	0.0543207685483508
CCTTGAACCATTAGCACGTGGATATATAAATCTTAC	0.255382167800442
ACAATACCTACCAGTATATAGTATATGTGGTCGGGC	0.244195210161183
TAGTTAATAGGAACCGGGTTTGTATGGATAGCAGAC	0.353205475388061
GATCGATCGGGATCCTGGAGCGTCATTATCAGCTCG	0.0672971346505853
AGTATACAATTAATGTAGGCGACGTGGACTGACCCT	0.649906855740841
AAGCCCACGATTAGCAAGAACTACGCCAATTAGGGA	1.24231626672887
CATTAATAATGGGTTGGGTCTCATCCGTTAGCCTTC	0.767451221878334
ATTGGACACTCCATCTATTACACCTCATACTGGGGA	0.093927193951716
CCCTCGCATAATACCACCTGCGAGTCGCCGTTATTT	0.0566880974039544
ATCCAGTGTCATACCAAATTTCAAGTGTACGTGCGG	0.0481094473724358
GCTCACCATTCATCTGGTCATTCAAAGGGGTCGTTG	0.204103634446192
ATTTATTGCATGGGCTTCATCACCATCTGTTTCAAT	0.0919407895346067
ACGCCTGCCTAATATGCGCGTCTGTACATGATGGCA	0.447437886185941
TATATGATGTAGATGGGTTCATCAACTCGACGGGTA	0.0678600758918102
TGCAACCTAAGTGTGCAAATTAACTTTCAGCGCTCA	0.689270939430186
GTATATCTGCAGTAATTCGCAAAATTCTGTGTCGGA	0.738377608951283
CCTAATTGATGATTTCGCATTAAGTTTATTACATTT	2.69293764473724
TGAATCAACTAACGAGATAGGAGAGGTGCGTATGAT	0.400842129329048
CCATCTGGTATTTAGCTCGATGGGTTGGTCTCGCTG	0.0281304440472226
CCCGATCAATTGCCCATGGCCTGTTGCCCGCATCTG	0.185428191471832
GCTCGTCTGTGCCATCGAATTACAACGGTACTAGCG	0.306674477668883
ATCCATATCCCATACGTTTAACGCGCCACTTTCGCA	0.190635107355643
CTTATCCATTGCAGGTGTCTCATAAGCAGTCTCCTG	0.0544166638698589
GTTCCCCACCTATCCTAATCATAAACTCAGGTAATA	0.263307190900174
GATCCCAAATAAAACAGCCGGTGCTCTGGATAGCTA	0.022590038420861
GGACTAATATTAGTCCCCCTTGTTAAAATGTGTAAG	0.977068744460862
GAAACGTGATGGCTATAGCGTTCAATTTGTACCCGA	0.187475037626438
AGTTTGTGATTAATGACGCCTTGGATATCGAGTCAT	1.26647268651136
ACGCCTGACCACGATTTACATTTGTTCGCTCAATCC	0.085689593852865
GGTCGACAATCATTTACTGCCGGGCATTTAGAGTGG	0.273867848826043
CGATTTTCCTAAGTAATCGCCATCTATAGCAGAATG	0.162727336840801
GCCGGATTATACCTCTACTACGGCTCAAGCTGATGT	0.0823836065515683
GATATCAAATGTTCGTTTATACCAGTCTGTCTTAGG	0.167604275760714
GAGGTTTAATTTTTGATAGCTTGGAGTAGCAGGAGA	0.278502718779403
AGTTAACGCGTCGTTTAAACTCTAAAAGCAATTTAC	0.0645391402144499
GCGGAGATTCTGGGTTGGTGGATTAGTGCCAGTTCC	0.257956720600134
CGATGATTCATTAGGACCACTGCGCAACATTCCTGG	0.81747119310711
ACGATACCATATTCTAATCGTTCACCGTCGTTGTGT	0.349782342053451
CGGCTACCTTTAATGGAGTATGGCACGCTTTACGCA	0.127747331514235
TACGCGAAAATTAAGCAGTATAATGGGGTTTGTTAA	0.668082935697915
CCCTCTTATTGGATCCCACCTGTGCCGATTTAATAG	0.272075999785599
GAACCCTATTACTGGTGAGTAATTACTTGCAGAACT	2.66385381598035
AGCCCAATCATCCGCCGGTCACGCCCTAGCTTAAAG	0.00604240538009687
TATTTTGCTTAATTAGTAGACGAACACGATTCAATG	2.19846913152623
CGTTGTCTAATAAAACGTCCACCTATGCATATAGAA	0.13526251804443
AGAGACATTCGGCCATTACACCGGATCTGCCGACGC	0.039725095453634
GTACGTATTACCTAGATGCTCCCCGCGGCCCATGAA	0.204044368233372
CTGTACTGTGAATCTAGTCCCGAGTTGGGTTCCTGG	0.0769428987986142
TTGCGTGTTGTGTCTAATATCCAAACTACACCACGT	0.0619479177335093
GATAGTGTTTTATTTCCACCTTATGAAAGCACCAGT	0.134121333033545
ACGCGATACCTATTACGTCAATCAGACCACCCATCT	0.525122237414919
ACTTATGAGTGTAGTGGCTAGATCACTCAAGTAGTC	0.0733045071498029
ATCTCTACAATGGCTCGTACTGTGACCTCTTTGCCA	0.0456146630019489
TGTTGTAATCGCCGAGACCATCACCTCACTATATTC	0.0251248494445427
CAATTACAGCGTATTAGTGGTTTCTAAGAAAATTGC	0.758750543421092
GGTCCACATAGTAGATATGCGCCTGAGTCTTTTACT	0.168562086428072
CAGATCGTCCTGTTACACGCATACTTCCACCATGGA	0.0329104355720278
ACATTGCCTACTTATATTGGATGGTGATCAGGAAGA	0.439412773732939
AACAACTCACTTACTGTCCTGCGAAAAGTATATCAG	0.13578686576514
ACAATAGCCTAACAGTTATCTTCGTGACTGCTAGGG	0.112204181504734
CGCATATTGGACATGCCGATGCTAGTCCCTCCACCC	0.00580266868539924
ATCTGGTCGTCTAATTAGCTACGGTACTGTCGTGTT	4.87015221059215
ACAGTTGAGGCACTAATGCAACGGTCGGGCCATGGA	0.49027153634773
ATTGAATCTTGTTAACCCCGGCCAGAAATCGGAAGA	0.0678508493126609
AACCCTTGAATAATCTAACCCCATATATCACAGAGG	0.155853259078287
AACTTGGTGGCGGATTAATCACAAAAGCACTTAGTC	0.451297478983658
GACCACGTTAAACCCATTTCAATCTAGCATGTACAG	0.0432649234180659
AGGTTCCTAATCCTCCACCGCGATTGATCCGTTAAA	0.0589575104315708
ATTGCTAATGGATTAAAAAGACTTGGCTATCACTTC	0.811517615347071
GATAAACTGATGATATTTTGCATTTTTCAAATATTG	0.0842931993333204
GTATTGACCTCGAATCGTTTAAGTGAACCCTGGTAT	0.37034299840792
AAACGGCAATTTATGAAAATCAGCTGTCTTAAGTAC	0.301133391032009
TATCCCTATGAGTGGTGTTAAATGGGATCTCATAAA	0.0108980704346153
AGTCGATCAATAGGGCAGACCATAGCATTCATCCTG	0.00239855523301863
CTCTCGTTTCAGTCTACTGTGTTTACCCTAAATTTC	0.00983812924300795
CCCAACCAGTAGAAGCATGCGATGCTATTAACTTGC	0.0241131485618201
GTGATCTGTTGACAGTGTCTGGCGGGCTCGTACATG	0.00774482741434743
ATGCACACATATGCCAGTATAGTGTCCCACTATGGG	0.0635447988753416
TTGGTTGACACATACAGTAATTACCACGCAACCTGC	1.40734419410308
ATCAATCGTAACCCTCATTCAGTTGATGGGGATCGT	0.074875754126039
CGGAATGGGTTAGACCTGCCCGGGACTAATGAATTC	0.222021525592743
GTATAGCATGAGGCATACACTATAACTTGTGGCAGC	0.123369843804517
GCATCGGAATAATTGTCGTCTCCTCTAATGTAAGGG	0.939754161556319
TGGCTCTTGAACCCATATTCGCTATCAATATTGTTA	0.0105790523212567
GTACCTGGGTGTGATGTAAGTCTCCTGTAGGTACTA	0.0339429285058563
GTATATCTAGTCGGAGTCCATGGGCCGTTGCTGACA	0.0205673750944833
GCACGCGCTTGTTAACGAATAGCGGACGGGCCTTTA	0.31272068527216
GCTCTTACACTGGGCTATAATATCCTGACACGGTCC	0.0580447929469803
GCATTGTAATAAGCTTCGCGGACGGCTCTAGTGTTG	0.40579758246935
ACCACAAGTCTGTTTGTTTAATATTCTCACCTGTCC	0.0601679806066004
AAGGAGTTGAATGTCGTTAATGTCGGGAGAAGCAAA	0.101900416938681
ACCTCTGTAAGTCTGAGTCTGATAACCACGTGTCGG	0.0549776796642722
GGGATCCTCAAGGTATGTGTATAGCTTTACCCAACA	0.0484863463022457
CTGCTTCAATCACGGAGCAAGCAACCACATAATATT	0.0630893810815929
CCGATCTACATAATCAGGCAGGGGCATTTCGCTTGA	0.608428230287864
CTTAACCGGTTGCTGTGAGATTCAGGAGGCTAATAA	0.128442715590217
GGTCTTGACAATGACTTACTAGTGGGGCCCTGTTTC	0.0673274505838248
GGCCAAAAGACTCGATTAAAGCATATACTAAGGCTT	0.230417486902045
CCGCACTATACTATTACACTAGTGGCGGGCTTCATA	0.153308612052914
GGATTTTCTCTGGCATAACGGCTAGCTAATCCAAGG	0.30861691714191
GAATAACGCCTCGCCTACGCTGTGGTTTGCGTGGGA	0.007465415038158
TATGGATATCCTACAGCTTTAGCTCGTGTTAATAGT	0.00681470991279968
TGCTCCCCCGAAATTGGGCCGGAAGCTAATGATGTG	0.471325143393129
AATAACTTCGCAAATCTCATAACCTCTCGTGTTATG	0.0337302049395452
TGGTATTACGGTACTTCTAATTACTTAGTCCGCGCA	2.13765712884164
GCTAACGCTCGTAGGCCTAACTAGCCACACGTATCT	0.241167254734711
GACCGTGTTCGTAATTTCATTAAGAAGTTAAACCGG	1.49216946289623
GTTACGATTTTAAATGCATGTTACCGCTCCGTTCCA	0.0501232280369852
GTCGTGGAGGCATGTGCCAAGTTAATCAGCATATGT	0.464497580326318
CTGTTTAAATATGTATAGGTCGGTTGTTAAAGTGAT	0.150081170064002
GATACCACTGTTGCTTACGTGCCCGGTAGCTTATCC	0.123442582234018
TAGATGACCACTTAGTTGAACCTTGACGACCGTGCT	0.140891165568496
TCAAGTCTAAGTAGGAACACTAATCAATCTCACCTA	0.750859717296753
GTAGTGGAACATTTGGATCTGCCTGTAGAGTAAGTA	0.0264526453829595
GTACTTCAATATAACAATTTAATATACAGACACCTA	0.392701975665831
GCATTTTCACGAGCTGCCCGTGTTATTGTCGTTGCC	0.081902482500887
GAGACGTACTCAAATAGGATTTCGACTCTGTTCCGC	0.0540723627784993
AGACCATCCTTCGCCAATGACACTACATGAATCTCA	0.0154281401808587
GGTAATACACCGGGGCTAGTTCCCTTTAAAACCATC	0.0693862802995534
CGTCTACATATTGTGGAGCGTGTCCCCTGTCGAGGA	0.0214420955756849
TGCAGTCCACCTAATACCTTGGACTCACACTCTAAT	0.0517656282230824
AGGCCATTCGTACCCAATCTCATTGCCAAATATTAA	0.0107722318926173
GACGCAATTGCCCTGTTTGTATTTTAGCGTAATACA	0.282602198391591
CTCCTTCATCAACCGCTAAGTTATCATCAGTTAAAA	0.038606843605328
GAATTCACTACTGGCTCCCTTATTCCTGATGACGCT	0.0391784026074651
AACTGAGGGGTACATAAACCGCGAGCTTCCTGTCGT	0.0646034849366703
AGTTCTGCCATAAATAGGCGCGCTATCGCACACGCG	0.00829305682202606
TCCCGTAATATGGCCTCAAGGCACATGACCACCGAG	0.0608122348174043
CTAATTTAAGATTTGTGATTCGCATAGGCTCCACGC	0.072847790440339
CACCCGCCTTTGATTACGGCTCCTGCGACACTTACT	0.0764853236070722
GAATAGGGCAATGGCCATCAAGGGCTTCCTGGGGTG	0.0347920622177194
GGAGCCTATGAAATGCTGAACTGGCTATCGTGGGCA	0.101034706965588
AAAATCGCGATCCGTATTAGTACAAGTTCAGTCTGC	0.141030978289835
GTATGGTTACGTTGTATAAATAAGGGTACTGAGGGA	0.187499363382507
TGTTAGCTTCGCATACACTGATTACTTTGCATATCG	0.267037952456729
CGTTAATGCTTTCCTCTGGTAACACACGAAGGCAGG	0.0737999106974389
TACTGGACCTAATTAGCGGTACGAGTGCGAGTGGAC	4.05155654033887
GGTGCCTTACCTTAGTTGATAAGCCATGAATTACGA	0.15885666942422
CAGGCGACTATATCCATGTAATGCTCACTTGCAGCT	1.44157320501436e-05
GGTAGTAAGGGAATTGAGGATAACGTTTTCACAGGG	0.0608475089995792
GGATCTACGACACACCGATTGCTCATGCTTTGTAAC	0.133165691451082
GCGCACATAAAAGTTCAATAATAAGCATGCCGTGGG	0.192366178692575
CAATGTTATTGCTTGATAAGGGGCTGGCGAATAGTC	0.340261205821118
TTGGATCGACATAGCGCAACAAATTGAACAAGCCTG	0.0167135996545503
CTCCGTATTTATAGCTACTATCCCTGCTCCGTTAGA	0.0439947036750848
GCTTGGAGTGCGTTAATAACAGCGAAGCAGATTGTT	0.111268202836933
TGCCTCCGGGACTTAACAAGCGCCACGGTTCTCCAC	0.00808558971135495
GAACTGCCTACTGTTAGCTCTTATGCATCACATATG	0.11066958397556
CTAACCCATCTCCTATAGTGACACTGTAATTGTGAG	0.0965757437783136
GCGATGTCCTGTTTCTGGCCCTCGTTAGTTGTAACA	0.173430656750872
ACTGGAGACCCTTGTTAATTAACTAATGTTATGCCT	2.99743364990437
GACTAAATTGGTACACGCGTCGGGATGTGATTGGAA	1.02856358728525
ACTTTCGTTAGCAAGTAGAACTTGACTCCAAAGTGT	0.0276584407699499
AGTAAGTCCCCGCAGCAGTCCGCCGTTCTTAATAAG	0.00754156156247201
AGAGGCTAAGTAAGCTACACGGACACTTCTTTCATC	0.0394292605459276
AGTCGTGTAAATGATAAGCGTCACGCCCCTCGGCAC	0.0278715031425572
GATCGGCTACGTTCCCATCGTTTACTACGTGGTTAA	0.0304378465417486
GTGGCCCATCAGTATTATTGGAATCCTAGCATTGGA	0.0978870119093373
CTAACGGTCTTAACCTAATTGAATCGCACACAGCCT	1.51388555244883
AACCGTAATCACTCGACTGATCCATACAATAGCCTA	0.446937632528129
GGACCCACTTAGCTAGACGGCGTCTTAATGGAGGGC	0.917071314282721
TCGGTTTATACGTACACACATGCGGATATTATCCCG	0.0202696722585494
GCATGTCTCGAATAAATGTTATCGTCTGTGGACGTC	0.128710035828759
TGTCCCAATGTTTGGTTATAATCGTCCCGATGTACA	0.0924774632353831
CTAGAGGGGTTTGAAGGCTTACACGCCTCATTTGCC	0.00102610895341678
TGTTTTACGGTCCACGATCGGGCTAATGATTCATGG	0.241023155177952
GACTCTCCTAACATCGTCCCTCACCTGTATCCCACT	0.0563169835102212
CCTCCATTTCTTACAATGCATGGGTGTCGATCACTC	0.0015566458776273
GGCCGCTATCCATTCCTCGTTCGTAACCGATGGCTG	0.0146660189147852
AATACTCCGTCTAACGCACGCCTCAGCCAGATTAAT	0.0109293365339499
CAGACGCGGGGAGGGTTATTGGAGCAAACTATTACG	0.0347588545961089
CAGAAAATGGTCCGATTAATTCTTCATCACGCGACC	0.369987939294118
TGTCGATCCTCTATGATTGATGAGATCTTCAAAGTG	0.0792721224596665
TACTAATAGCCCCCTATGTCAGCTTAGTCCCCCGAT	0.298046885503447
CGTGTTGCGTAATGAGGGCGGGGATTTTGACGATGA	1.16937689755813
GTGATTCCAGTTAAATTAGCTTGAAGGTCTTATTGG	1.56474145596618
CTCCGCTTCCAGCTCAATTATTGTGAGCTGCGAGAG	0.885733438921724
CGAGACGGTTATCACACATGCACTACCTCTCGACCC	0.0409424210861543
GCGTAAGTGATGAGTCGGCCCCGAGCGTCAAAGCAG	0.0194433480801428
AACGTCAAATGCATTATAATTGACTTGACCAAGACT	1.95602378532902
GGAAAGCTTACGCCACTTTAATGGTTGCCCGTACTT	0.222826987013306
TGGGGTACTAACGAGGATCTGGCGGATGACGCATTC	0.262674660381913
GGTATGTACTCAACAAGTGGAACACAACTGTATGGA	0.0388857956894529
GACTTGGTTAGGTTACATCGATTAAACACGGAATTA	0.753822278977775
AGCAGCATAGTTTTATCCGTATCAACACTCATACCC	0.0497355165490633
GATCTATTAGTTTGTGCCCGTGGTCGTGCGTTCGGT	0.561516910432062
ATAGTGGTCCGCAGGTTCTAATCACGATAATACCAT	0.0918603054140417
TACCATTAATTTGCGCTGTATGACCGCTCGAAGTCC	1.29951153608997
GACAGCGGCGAATACTGTCGTTCCTAATTGAGAGCA	1.12205476490828
GACCAAAGATGATGGGTAATCAACCTATGTAGTGCT	0.609988154722496
GTGACCATAAGCTCACACAATTAGCGACCACCTGCC	0.912241070409114
ATGACCGATTGCCGTATTTGTGACTTACAACAGGTA	0.050644113106486
CTAGCTGTAATCTGAATGGTGTCATCTGACTACTGG	0.157436926038504
GTATAGGGTTCCTATTGGTCAGGCTCACCCAGTTTT	0.0767846220356597
GGTAACGGCGCAATCACTGGGACAGAGGCTATATAT	0.0106993913275795
ACGCCAGAGGTAAGCCTTAAATTATCGGGAGCTTTT	0.0822841131449186
AACAGCATAACTAGTCCGCATCGCGTGGAGGACACC	0.0939321963551753
GACGCTTTATTCAATTGAAAAGGAATGACATACCGG	0.575030615524205
GATAGCAGTATAGACCTATGTGAGTGGTTATACGGC	0.141577148068709
GGAGTAAGTACAAGCGCAAATGTCGGCTAGCATGCA	0.102458716148093
AGGTGCCGCGATTGCCTTCGTTAATATTAGGTTGAC	0.000614017303528585
AGTACTCATTAGCGACCACATCGGGAGCCCCCGTCG	1.54500913429637
CGACTTGTTATTTGCAACTCTTATATAAATTAATAC	0.431072604579471
GACTTGGCCACTACAGTAGATGCGGTGTTCTCATAG	0.0763659427954179
GATCGTATGCCTGCATAGTAATCCAGGGCGATCTTG	0.0826030148883714
AATAATCTTCAATGACATCCATGTCTTGACATGTCT	0.0562276973879739
GAATTAGTTATAAACAGTTTCTATTATACAAGGAGA	0.247358162929561
CACAATGACGTCATAAATGAGGTGACATAGAGCTGT	0.415910523663995
AAGGTTAACAATATCAATTAGCTAAAACTATCTCAA	2.42071110290646
ATCACGTGGAAGTAACTGCCGATTTGTATTCCCTGT	0.0496493026063908
GTCCGTATTTGATCACAATAAAGTCATCGCTGAACG	0.117434806429175
GGCCATAATGGGCTAAGTGGTAACACGGCTCAGAAG	0.943144287618248
GCCTTAAGCGCAATTCACGTTAATCGGATGCGACTT	0.317109493532174
GTTCTTTTCGCAAGTGTTGTAGGGTGTGGTGGTTAA	0.0181216029646806
GCTTCCAGCCGTTGCAGTGATTATCATCATCCGTCA	0.193265790793932
TGGGAATTAGCAACATGTAAAGCCACGGAAAACGAA	0.129948526554606
GTTACGAGGTCTGCTATGCTCACAAATCATCATCTC	0.0558420444245411
CCATGACCTGACACCCCTAATTCCGTGATCCGAGGA	0.338545719720324
GGACAGAGTCGCTACTGTACCTGCGTAGTTGCCCAC	0.0636920636788306
GCGATAATGCGACAACGTTTACGAGAACCGGCGTAG	0.25937504997882
CCTAGTAGCTGAGCTTTCGAAGCGAATTAACATCAG	0.19105099252794
GTAAATAAGGTCGTATACGGGCGATCTATCCTCTGT	0.10601208184008
GTACCACCGTTTATTTAGTACAAAAAGCATATGGAT	0.112670331199481
CTGATACATTGAACTGCATTTACAGCTTTCATCGTT	0.0373745265436753
TTCCAGCAGTAATCAGCGTGCGTGCAGGTCGTTGGC	0.345315286329124
GTCGGACCTATGTTGACCTTAATGGATAATTAATGG	1.74765396356979
GCTAATCGAAATCGGGAAGGTCGCCACGAGAAATCG	0.240653524751976
GAAAGCTTATCGGCTTGTATGCACCATGCTGTCACC	0.0631418843510249
CAACAAATTTGGTTCGGCTAGCTGTAGAGATGAGGG	0.110065562333683
CACATGGATACAACAACGAAACAATGATTAATCAGC	0.393277232371119
GACACCTATCAGTTCGTAGAGTTCGAACCCACGTAA	0.0387601664108515
CATGGTTTATTTTCCGAGGGCATAATCGTTTATTGT	0.165958751027564
CTTCATTAAGCGACACATCCACCGCCGTTCCATTGG	0.363808101613479
TTACTCTGAACTCCAAAACTGATTAGCTTCATCGTA	0.305323340374706
ATAGCAGCCTAATTAGAAACTAGTGTAGACTGTTGC	2.34631595119155
ACGTTCGCTTATTTTAGTGCGATTAGCACAGGGGAG	0.103922096747748
GGACCACCATGTATTTCAGACAGTCCGATCTGGACA	0.0481050031197122
ATACATGCAGTGATCTAGCCCCTCGTATGGCTAACA	0.0519488107157731
AGATTCCACATCGCATCTAGATGTCCGAGACCCGGT	0.0375448807079302
GAGTTTAAACTGGCCGTGTAAGCGTGTGGGCAGGGT	0.0385636327406412
GTCTCTTGATTGAGTCGCTTGCAGGTTGGATTATGG	0.606435012781032
TCCTTATAGTACATTACAATTCGTTTGTTCTGGTTA	0.146048219909037
GAAAAACAGGTACTATTTGTCAATATCATACGTTCG	0.0420731886936376
TGTCAAGGCCACTTATAGATATTAAACGGGAATCCA	0.163954025977023
GATGCATACATTCACCACCAAGGAAATCTTCCCGGC	0.0910413326606926
GCTATTCTCGAGGCCCTGCCTGTGACTACCTAATCG	0.0576713237386124
GGTATACTTTTATGCTCATGCCAACGGAAGTCTCGC	0.0911121921294317
ATCGATCTTTAGCTGATGAGTGCATATTACGATTCC	0.334366967304277
GGATCTGACGTTAATTTGACCTTCCACATATGTCGA	2.03926277841684
CGTAGAGTAATCGGCTACTCCTGAAACGCACCAGCA	0.093517638313193
GATCATTGTTCGGTAATACCTTACTGGTAAACAAAG	0.134336082647026
ATTCATAATGTGCAGGTCTCCACACTAAACAGGAAA	0.118365399154379
AAATATCCCATTATGCAAGCGAAAGTGAAGCATCCT	0.362978408593375
CTTTGTGCTGTTATGGGGCAGAGCGGGATTAAAATT	0.0165032740522681
GTGTGGTCCATTAGCTGACTAGCCTCGAACGAGATT	0.569316318427836
AATTGCTGAAATCAGATGATCGGCCCAATGACATAT	0.00502878892636567
AAAGCTTAATGGGGAACAGCGGCCATAACGAACTTC	0.636897852572098
TAATCGATTACCGTTCCTGTCGCACAGGTTAACTGT	1.01782952564591
AGTATCTTAGATGTCCTGAGGACCGTCCGTTAATCA	0.352962243715035
ATAAATGCATAAATATGATCGTACTTGGGGTGCCCC	0.0963000452989057
GCATTCACCAATGGCTATATTACAAATTTCCCCAAA	0.0415187655660779
ATCTAGCACTTATTAGAACCAGCACGCTGCTCTGTA	0.285383750195047
GTGTCACGTGTCGTTCATCCTTATTAACTAGGGTCT	0.468863260708803
ATTGTGGGTAATTGCAGGCGCTTCTGGACCCCGAGA	0.572642352608375
CGCACAAGCAGGACCTAACGAGTCAGCCCGAGGCGA	0.0933857854304974
GGCTCAGTTATAACGAGGCGGAACGCAACAACATGC	0.240680964557609
ATTACCAATTCAACCAGCTACTGGATCGTCGGGATC	0.0490592018878402
ACTACTCATTAGGCGCAACTGCCGCATTTCCAACTA	1.33195028447432
GTGATTAAAGTGGCACAGTACCCTAGGCTCCTTGCC	0.0111756897762982
TCTTAAGCACTACCCATCATTAACGGCTCGAGAACG	0.148283883045948
AGCCTGATACATATCCTAGTATGCCGTCGAGTTGGC	0.0188126081794394
TGCTCCGGTCTAAGTGATCTACAAATACATAGATGA	0.113866164545393
ACGCTCGGGGTCTGCAACTTCTTGTCATTAAGTGGT	0.0935468490559265
AATAGTTTGGGGTGCATTGTGTCCTGGTTGCATTAG	0.18673959894503
AACCTGGTAAGTGAGGCTTCACACTCCGCGCACTTG	0.0557928910479789
GGCTGTCATTGACTAATATACTGTGACACTCAGGGC	0.525347608140994
CACAGGGTTACTGTTCTTGCGTGCCTGCGAGTAATT	0.0585501103593642
GGAGTTAGGACGTGTCCTGCTACCAGCTGACCTAAG	0.0377002708267761
TTGACAACCTGGCAATACGCAAATTGTTGATGAGGC	0.0350680111440545
AATTCCCCGTCCTGCGCTAATCCATTTCTACACGAG	0.11633151076086
GCCGAGTAACCGATCTAGAATATAGCGAAATAATGT	0.0263143843810626
GAATATTTTCGTTATGAATCCCTATGGCACTCGGTA	0.174640017961993
GAATGATAAATTGGCATGCGGTCCCGTTGTGTAGGC	1.06466208422428
CTAATACACCACCCACATTTGAGCCCGGTAAATTGA	0.223637854579942
ATTTTGACAGGTTTAATCAAATGTCGCAGCAGACGC	0.178903804512723
GCCATAGTCATAACACCGCAGTTGGATCCGAGGTGG	0.018712851009923
ATTGCTAAGTCTCATTGAGAACCCAAAGTGCCTTGA	0.00313427069513638
CTCCAATGAACCCTTCTAGGCACGCCAGATTATGCG	0.00365210502089684
ACAACACACCCACGATCGTATCTCTCATCGGGTTCC	0.0242311935161892
CCCGACGGTACTCCCGATACTTAATAAATAGACATG	0.0672660497841666
TATTTGGTGATGATGTTGACTTCGATCTGTTAGACC	0.0105994746275852
TTCGGGCACTTATCGTCTAACCCTGGCACGATCTCA	0.103136145319546
GTAAACGAGGCGATTGTTACCATATCATAGATTGTG	0.133531767831181
CCGCGTATCTGGTAATATGCGTCAGGATCCAATTCA	0.165070674426258
GGTAGTAGCGAATCCGGCTGTTCATTATGAGTGACT	0.209295736006629
GCCTCTAATGTATTAAGCCCTGGCACGACAGCCCCC	0.397507218499979
ATTCAATGATACTCAATCCATTTACGTTAGTGTGAC	0.0794916785513835
AGTAGCAATAGGTAAATTAACGATCCAACGTTCTCA	0.93805737051145
ACTTCTCCTGGGTCCATTACAGTGGTGGCACACTTG	0.0730661596697851
CCAAGGACCTTACACTAATAACGCTTTACCACTGGT	0.279128874101261
GAAACACGGATGGCTTTAAATAGGGCTAACGCAGAC	0.0596426457011061
AGTGTAGCCAAAACATGTAGAATCAGTAATACGTCC	0.0060632721840263
GATCCCTGCCCTATTTTGATAGTAACTGGGAGGCCA	0.0265628907797308
CAATCAATCACTGCTCAGCAAGCGGGTATAATCATA	0.27973770641338
AGCTACAAATTTATTTTCAAGACTCTTAGATTGGGC	0.0588928055356262
GTATAATATGGCACTGTTGGACGAACAACATGTCTA	0.366372003803409
GGCCGATTACGTTACAACTGTTTCCAACTCATCCAT	0.281933402607374
CTTACACATCAATCTACGGCTCGTCGGAAGGTGATG	0.0327003545150097
ACTATAGTCACGAGCGTGGTCACCTGCTGCTACGTG	0.0429469432207375
ACCATTATTAAGCTTAGGACTGTTACCTTGGTGCTC	0.668608408166015
GATCCTTCGTAAACCGACCAGTCTGAAGGGCGTGCT	0.00186327093452576
ATAATTAATGGTGGAACGCTATCGTGACGTATCGAT	0.336507698110559
GTGGTATAGTGTATTGGGAAGGACAATGTCTCCAAC	0.0155118760018434
CACAGAGGGGTCCTCTTTAATTGACCGGATGGCTAG	1.4688739209578
CTTCGTACTATCATTTCCAAGGCTTAGTTAATCTCT	0.0644888458920068
AACGAATAATTTTATTCCGATTTTGACATACCACAA	0.0855782825172006
CCGATGTGGAATACTACGATCCGACTAATATCTCAA	0.0511407455495731
GTAGGGGTGGTTATCGGGATTCCAGACAATGAGACG	0.210359791030329
ACTGTTCAAGAAGCCAGTACCAATTGGACGCCTCAA	0.0552562533814686
ACATTAACGAATCATACCCCGGTGCGGCCACTCCAC	0.228026384403137
GAGTGTTCTTAAAATCGATACGTTTGCCGTCTACCA	0.0898171386319404
GGTATGGCACTTCCACCCCAATTGACGTGTTTCGTT	0.245294553735806
CGCAAATACATCAGCCCTAGCTACCCAAGTTAACGT	0.0632736425225198
GACCCAAGCGTCGATTCAATACCTATGTCGGTCTAC	0.0472149445676025
TGGTATCACCGTCTTGTTGCATCATGAGTAAGGGAT	0.0272806106548987
AACACATGTCGGTTCCACGATGAGGGGTGCGCAATA	0.0458056927092324
GTAGATCCCACAAGTTTACTTCGCTTAGTGGAGCCA	0.00171877911848913
GTCGAGTTAAAGTTAGAATCCAGTGTGCGCTGAGAT	0.0405033985118353
GGTTCATTCACCGACAGCACCAATCGCCCGTGAGAA	0.0642837429514179
AAACGACAAACATCCACGACCCGATTAGACAATGAT	0.0538549498439321
GATATTGCCCCAACTATTAGAATTCTGCATGTCGTC	0.208951372330668
CCTGTCGCTACTAATGACGAGTTTACATTTTCCTCA	0.619786416424511
ACGTTACATTTGAGATTACGATATCCGGCCGTGGTC	0.059610460667614
CCAGACGACCGACTCACGCTAATGAAATGGAAGCTC	0.379497010663145
GATGAATCCGCATCTGGTTACCCATCAGCGGGTGGT	0.194599061123383
AGTCCTATATCGCCGAGGGGTGTAACTGCGCGCGCA	0.0334310747020255
GCTGTAAATTGTCAAATTAGGTCTGGACAGGTACTC	1.06753839980826
GGTTAAATCACCCCGAGCCTGTAATTTGCTAACCTA	0.572142108282844
GATGTACAGAGGAGACTCCTCATAATCACCTGTAAA	0.301636950045525
ACTTCCGACACCACTGATAACCGGCATCCTGCATTG	0.0461596565301163
GCATTGTACGTTAGAATGTAGATAATGAACGGATGT	0.539464857855752
GATGCATCGATGTCGGATACTGGAATCGTGTTGCAC	0.134164131002589
CTGGCTACTGATCACTGGGCTGATTGGTACTCCGGT	0.153849074262247
GCACTGATCTTGATCCAATGATTCCAGGCGGTGTTG	0.116365529892253
GAATAATCGACACCTTGACAATTGTCACCAAGCCAT	0.69230890939803
GCGATACAAATGGACACGCGGAGACGGGCAGCGACC	0.00141364814903748
CCCTAGATCGGGCGCTAATAATACAGAGCGTGAACG	0.353069720886314
ACTCCACTGGCTAGACAACCGGCTTTACATTAATTG	1.23545005380783
TTAACGTGAAGTCATTACATTGCCATTCGGCGGTTT	0.0829877283059577
CGATACTGTATCGCATGGACAGCACGTGCAATTAGG	0.531481108246914
ACCTGCGATCTAGAGATACACTAATGTGCACTGACG	0.475534305382629
ACCCGCAATAGTTGACGTACTAACCTAACCTCTGAT	0.0985149582779732
GACTAAGTCAGTTAGCCCTAATTTAGTATCAAGTAA	1.38457494863907
TCGCGACGTTAAATACACACACAATCCGCATTACCG	0.124391653246238
CAAATAGCACGCTAAATTGGATATGACCCCCTTGCA	1.00359018806445
CGTCTATTTTCGGGTAATTATCTCATAATGAGGTGG	4.5304926140239
ATGTATACGTTTTAGCCGATTCGTCAATGTGCTATC	0.120450648309229
GACTACCCCGAAGTGCTTATAATAGATGGCCGTCAC	0.0743180671799693
TACTAGATTACTACAGACGTTTGCGATCACGTGCAT	0.0927058714055943
GTATTACCGGAGATCACCTGAATTAATAACGAATTC	0.361771596367045
GCTGGGTCTATGTGGCCTCTAATTGTTACCCCGCGC	0.554188258975074
GACGCCGTTTATGAAGGGATTAGCTGATATCATTAG	0.201285026788365
GATTCAAAGCCACAACCTCATTACGCAACTAAAACC	0.642315344099453
TGAAGTCCGATTTAAACTGTTTAATTTAGTCCTGTT	0.405415830030117
GTTCACTACAGCGTCATATCTCATCAGTAGAATGAT	0.0482125668923229
GTATCCTCCGTGACAAAATTAGAGGGCAATCACCTG	0.313136009016983
ACTGGGACAATCCACAGATTGAATATTCCCCGAGTC	0.0330269122156647
TATTGTCCGGTTGCACCACAGCGCCTGATTAGTTCT	0.232511752364464
CTACCACAGATTATTACCTACCGTTACTCCTTTCGG	0.525497199823926
ACAATCATGAACGAAGCGAACATTAGTAAGTGGAGG	0.0318794272059328
GATTATGGAAGTAAACATGTAATTAAGGGAAACGAC	1.09394657607789
GAACTAGCAATAATTAGTCGCAGAGGCCAAACGTTA	2.16664522622321
TCATTGGTAGACAATAACATAACATCGATCCAATTT	0.0232565432439647
GAATGTTGTCGGATGATGATGGAGAACGGCACAGCT	0.0699596074030288
TGTGTACTAAATAACGGCCAATTATGTCTATCCAGA	1.50252812873655
GACATAAGCAGCGAGACGCCTAAATTGCCACTACTA	0.245120042373836
GTGATGGTGATGCTTGTGGGGTTGTCGACATTCGGG	0.109516520579386
AAACTCAGTTCCTAACTAGGACAGGGCATACTATTT	0.0975759325898841
TCATTGCTATACGTTGTCTCCATGTTGATTTACTCG	0.15376586929408
CCGCCGTAATAACATACTGCGTAACCGTCGGGGCCC	0.285939248571736
TTTGGATGGTATAGCAGCAGTTCATCGAGTTAACAC	0.0346373255716936
ATCTGGTTAATTGAAACCGACCTTGACCAGGGTTTA	2.1255770863012
AGCACCTCTTAGACTAAGCGGTATTGCGGGCCTAAT	0.006557983517197
CGGTGCTAACTAATGGCGCCACAGATTCCCGGATTC	0.311998463232438
GGTGACCTTTGATAAGCGCGTGTTCACTGTCTGTGA	0.0306438928849918
TACCGGTGTTACCCTGTACTATGCTATAGTACTTAT	0.01123293321597
AGTTGAGGTATCAAATTATCTCGATTGAATGTCTCC	0.93159738062793
ACGACCATTTAGACAAACGCTCGCCGGTGCCCCAGA	0.0913030992822966
CCCACTTGCTGTGTCGCGTGATATTCTCCGCTTCAG	0.0325742804933054
AGGTGATAGGCTCAAATCGGTCCGTTTTTAGTCCTA	0.0075165947164321
GATAGATTCTTGATGTGTTAGTCAATGCGAACGAGG	0.316377072253604
ATACCATCACGCCAGGTCGTGGTACAGTTGATATGG	0.0144151158153174
GACAGTCATCTATATGAGCGGCACACCCGGACACCT	0.195819422616401
GGTCTAGGGCCGACGTTAAGATGCTAAACTCATTAT	0.125432037878177
TAGAGCTGAGATCTATAATTAAGTCAACTTTGTCAT	1.43625496711025
GGTGGATGGTAACTAGCCGGTGTCAGCTCGTGGAAA	0.156839062034804
CGAGTCCAATCAACTTTTACAGCCGTCGATTGTGCC	0.362194462422621
CCCTCTCATCAATGAAAATGTATGACTGTCCGTCAT	0.0444670099091469
GATCCATAATATCAAGAAGACCTTATGCACTCATGC	0.111228873417759
TGGACTACCCTACCCGTAATTAAAATCTCATTCAAC	0.915050842717117
CTTCATGCTACTCCTCCCCTCCGCCCAATTAGGATA	0.594535355841741
AGCACATGGAAGCATATGTGCTTTAATGGGCATGAG	0.0676988579224361
GGTTAACATGCGTTACTATTGTTTTGGACTGCCTCG	0.114531817453621
GCCCGTTCATTCATGCTAGGAACGCTCTATTGGGTT	0.0165086157260098
ATGATGCAAAACGGTTTAGCAGGATCTCTGATAGGA	0.0324188970671593
GTCTGATCCCTTTTTACTATTATCCTGCCTTCCAAA	0.0620265692344788
TACCCCCAATTGTATGAATCCGGCGACCGCTAATAT	0.225641825141106
GGTAAAGGTTTCTATCGGCGCCTCACTAGTTTAGTG	0.012424335395027
CCAATACCTCAGTAATAGTGATACGCAGTCGCTAGA	0.0780307494874356
GGGTTTGCTGGACGTGATTAGTCATACCCACGTTTT	0.443696633367359
AGGACACTAACTATGGCCTGGAGCATTGTTTGTACC	0.121902714704283
TATGCCTAGTACATCATGATAAATATTAGAGTGGGT	0.0132880242708522
GGGGCAAGAGCTAATCCTCTTGGTTGCTTCCATTAC	0.128644717704662
CTGCACGAGTTTCCCGTTCGATTAAATTGCTGAGTA	0.219490838617184
CCATTTATATACCCGACTGTCAGTGGCTTCTTGAAA	0.0415280138364174
GTATTGCGAAAAACCGTGACCTGTCGATTTATTGTC	0.0163920833694822
ACCGAACAGAGTGGTGGTCCATACTACCATTATTAA	0.0166212596860692
ACTCTTGTCTAAATGGCTACACCACTCGTATAGAAC	0.138057619374673
CCTCTTGTTAAGAAAACCTAGCGCAGCCTCGGAGGG	0.0197397725450169
TCGAAATAATCGAAGTTAGGTCAGACTGACATATCT	0.0542327021808253
TCTATTAAGAGCCGTATCCCCGGCAACGTTAATTGA	0.90623100123138
ATGAATTACTGAATAAGCTTGTATATCAGCGTGTCA	0.217430303189508
ACAGCATGCACATGCACGGTTAATGGATGTAACGTT	0.267929732189555
GGCTACTAAACGTTGACGTCAATGGGAGATTTCCAG	0.0183563025762012
TCATGCAATAAAGTAGCTCATCAATCCCCGAGCATT	0.121044676522909
GTGTTATACCTTCCAACATCCAGAACGACGCTCCTT	0.0366099615840269
ATGTAGCCCGTAATAATTATACGAGTTCGTACTACG	1.0960236152127
ACTATCAAGATAACGGAGCGATGCCATGTTTACTGC	0.0049936811145793
CACACCTCCTAGCATATTCGATCGCAGACTCGACTG	0.0078128072134729
GTAATTAGGAAAATAAAGTGGTCCAAAGAACAGATC	0.494751576715068
TCACATCCGGAGTATATAGCTATGATTGTGTCATTT	0.0895681135122001
GGGTTATAGGGTATCTTGAAATATCACTCATATACG	0.123890055822921
CAACTACGAACAGTGTATGCTATAAATGGCAGCAGA	0.0349468474267455
TGCAGTCACACGAGGGATCATTACTGTCCATATGTA	0.195209254482926
ACGAACCGGAGCATTTATTTCCGGGAGGTTAATTGG	0.937353732432244
GACATATGCTCGTGAGTGGATTAACTAGCTGACGTG	0.426356615055352
CCAGCGTCAAGTCAATCTATATAAATGGGCTAGCAC	0.0183848872455981
CTCACGGCGGCGATTGACACGCAGCCCATAATTGCT	0.0547254392006476
CTTGTCCACCCAAGTGTACTCATCTTGTTATAAATC	0.0443637114850729
GTCCATCATTACTAAGGCCAGGTTTCCTTTGCTACT	0.348890355814955
GGGGTATACCCCTGTCTATTATTTAACTTAGATTTG	0.175627610049783
GCACTGTTCTCAATATAAAGGCAGATTACTTCTCAC	0.158183255467657
ACTTATATTTAGCCTTCATTTATCCTCAGCGCAAAC	0.180127531071133
GTCCCCTCATACAAGGCCAATGCTAATGACTTGTGC	0.636222784609767
CACTCGCGCAAATTGGCAGATACGCGCGCAAGTGCT	0.43351324977559
GGATTCTTCGGAGCTAGCGGCCCTATTACGAACCCG	0.19719208137268
GCTCGTGGAAAGGTATCGATTCGTCCGCAATCAATT	0.000405350859719344
CTTATTGTCCACAATTAACAGCCTATTCCAGGTGAC	0.51330777533883
CTTAGTCCCTGCTGCCATATGTACTGATGAATCCGC	0.0192033992493331
ACCATTATACCTTATGGGCTGCAATGATCATTTGGC	0.330587177649425
TCTAGCTAAATCATTCGTTACGACAGTGCCAGATGG	0.122883377931133
CGTGAGGTATACTTCATATTTAATCAGGGTAATATG	0.605480366513214
AATTAGCATTATCGTGGGAGTTGGAAGCTGTCTTTC	0.0547184392020466
AACAGAATGTACAATATTGTCTGGGACTTTATCGAT	0.0403760674510021
GGAAGGGTAATAATTGATGTGGGTCCGTTCGTAAAT	2.74090391818777
CGGATGAACAGATTGCCATCAGGTCAGGTTCCGGTT	0.0375647230187542
ACGAAGACTCCTATTACCATGCCTGTAAAACAACGG	0.191938859712507
AGGTCAATACTGTGCCCATCGCTGTAGCTACCGTGA	0.0933947794705431
CACCGGCCTATGTGCCTGTCGTAATTTGCGGGTGGA	0.225550884834868
AGTGTAATTGCTAGCCAACTTTCTTCCCGGTGCCGG	1.03203777843039
GTCCCGTTACTGTTTAACAATTCCATGAGACGTTGA	0.0791761078838625
GTCAAATCTGATGCAGGGCAGACAGCGCAAATCGAT	0.0367113331170523
GGTTCCCCCTGTTGATTGGCACGCTGTCTAACCATT	0.298789467978046
GGCAAGTGTCTTAACAGTTCACTGTTACATGTGTAG	0.0415745673106077
GCACTTACTCCCCATGAGACTCCATATTCATGCAAC	0.0247888391878904
GTGTAATCTCTGCTACAGCCGCTTCAGTGCCGATCG	0.00363525421567438
CCGTCGTTGCCAATTGGCGGCACATTATCCACGCAT	0.209563737543171
CCTGTATGTGCTTGGGCCTGGATATACCAACGCGCC	0.00841475960018073
GACACGGCTATGACAAGCTGATAAGGCGGAGGAATA	0.00412503114578611
AGTATATAGACGCCCTAGTAATCGGGGCACGCCGAC	0.173183479250027
CTGAGGTTTTAAATTGATTCGTGCAAGGCGTTGTTA	0.490846642961147
GAATCGACCCTTGTACCGCTATTACCTAATACACCA	0.281514636014246
ACATTAGTTGGTCTTAAGCATATGATAGCAAGTGTA	0.0271702769893123
ATATGATTTCTATACTTCCTCGTTGTGCGGCAATTA	0.455143136220935
GGGGACACTATCATTGTTGTTGGTTGCCGCCGACCA	0.0271002267666295
GGATACTTGGAGAGTTCCGTATCCAACCTTTGATCG	0.10319175351886
GGCAACAGTTTCACGGGAATAATACCTTCTCACGAT	0.0049432793407233
ACATTTAACACCACATAAACGGGCAGACACATAGTA	0.0847169513427359
ATGACTGTTCACCAATTATCTGAATATTGCGGGATC	1.48987096905321
GCCTGTTAGTACCTTCACGAAGCTGCGGTCAGCGTC	0.00813414488895819
TGGCGTTTAATTAACACCGAATGTGATGCTGTACAC	2.69197069736135
TAACCGTATTGTCTAATCGGGGTTGCATGCCGTACC	0.219105253673071
GCATCGAGTTTCACTGTCATGTGATCACGAGTCCTC	0.0910321299279018
ACACACTCACTCTCCGATTTAGTGATCTGAAAGAGA	0.00145537239741343
GGGTTAATACCTAGCTCTAGGAATTGGGCACGACAA	0.255811804420469
GCTCCTATCGCGCAACGACAGTCGTGTGCATATCCC	0.0172775915176376
GTTAAGTCGCACTGTTATACATGACAGGCTTCTATT	0.0871003486608612
TACTTGTGTACGATGATTATTTCATTGCGAGCCGCA	0.194026252933698
ATCGTAAGTGGTAGGTGTACGCACCTATTACTCTGT	0.240707167172836
CAGACCATAAGTAGTAGCCATACCTAGTTTCAGCCG	0.00704775770122734
AATCACCGCACATTACACATCTCGACTCAGCGTTAG	0.249063310194666
CATCTAGCTGATTTGTTTCATTCCACATTCGTGTTC	0.297856245048087
TCAATAATCATAATAGAGCGCAAGGTCCTTCGTCTA	0.342512857782129
AACGATGTATTGCTATGTTGATGAACGTTGAACTCC	0.0976246657684089
ATCGTGCTCGTGATCAATGTTACCTAAGTCAATCGG	0.0147767376218972
ATCTAGTGTAACCTAACTAGATGTTAGAATTAAGCC	0.197982967667091
ATTAAATTAGACCATCGCTCCAGGGTTTGGCTACGG	0.388542743745305
TAATCCGCGTAATTGCGTGCAGCGATCAGACCCGCC	0.459842948119532
ATGAACCAATCGGTCGATTAGAGATAGAGAAAGAAG	0.215748222933518
AATACCACGGTAATGCCGATTAATAAGGTTTTACTT	0.487697534931786
CAACAGTTAACAACGGATCGGTGGAAATTGAGCACC	0.0621834491595947
AGTGATGCGCCTTCCATAAACATCATAATCTTCTCG	0.0151741903911342
GATGACAGTCACGATGGTTAGGTCTGTGTGCTTTCT	0.169853517126412
GTGTTTTATCAGGCTCGTAATTGGATGGCCTAAGGT	2.22701432678582
CGTCGATGATTCTGGCACATCAACTGCGTTAACCAC	0.0969256619937852
ATGTCCTTAAGCACGGTTGCTGATCTGATTAGTGTC	0.717483518180647
ACGTCAATCTTCATTCTCAGTGAGGCACCAGCGCTC	0.00588276295538205
GGCTGTTAGTGACTCGGATATATGGCGGGGCGTCAA	0.148138170007267
GAAATGTAATAGTTAGCCGTTTTTGGCTCTTCGACG	0.405433242582326
GGTCCCATTACAACTTATTATCTGTTCGGCATTGTC	1.16299670695017
ATGGGATATACTAGTGCCATATCAGTGAGCTACGCC	0.100060621235304
GACATACCTCTTCATCGTTACCAAACAGCGCTAGGT	0.176879475004465
ATCAGTCTAATTGGTCACCTCAGTTAATGTTGAAAG	3.35917974032043
AAAACTGTCGGTGTATTGGTGGACCCTATAATGAAC	0.225070550093749
CAATATCCACTCTCTCGGATTGTCTGAGGTTTACCC	0.0347028118158563
GGTCACGTAACATATGTTGGCAAGCCCAATTACTCG	1.00480205550403
TGGCCATGGCATCCACGAATTATGTTGATTGGTCGT	0.562095789439345
GTGGTATGCACGGTGGGCCTAAGTGTTTGGTGTTAC	0.0430509923562595
CGTAACATGCTGATTATACGCCTTAAGTGTGATAAG	0.640838675162881
GCGGTAAAGGTAGAGGACAGCTTAAGTGACGCCGAT	0.0259164919391099
TAATTCAATTACAAGCACCTCGTCTACCTCGTGCCT	1.10371547603358
CCGAACTAGCTAATATGGCTAGTCAGAACTGCGTTG	0.559290742296309
CTGCATGATAACGTACTCTATAAGTGATGCACTCTC	0.0556821017787189
TAAACAGGAAATTATTCGAACTCTCACAATAATTGA	0.335691701540833
GTATTGATATCATGGAGACCCAGTGCTACTACTGTT	0.0417842808803238
CCAGCTAGTATGCTCAGTGGGTGCAAGATCCTATAT	0.00609771931112863
CCCGAATATCTACACTACCTAACGCTAGGCGGTGGA	0.0182589001560962
AACAACTAGTCACCAGTTGCTATCCGACAGTGGTAG	0.0283019808157203
CGTAGATAAGCAAAATTAGCAAAGCAACATGCTTTT	0.322765385421379
GAATAACAGGAAACATAGTGCACAAATGTGGAACGA	0.00202632166976112
CCTGGAATATTAACTCGTTTCCGGATATATTATACT	0.407894504792673
GCACCGTTATTGCCCTCACCTCGCGTGCGCTGCCAT	0.115380714401273
CACTAATACTATAGTTCCGGCTTGGCCTCCCTGAAT	0.118636604386653
ACTCAGACTAACCATCGCACGTGGTCATTGTGGTAA	0.0661497109947525
CGCTAAATATAGCCATTTACCCTACGCCAAAGCTAC	0.145253851466594
ACGACTACAGTGTATAGATGGACTGCATATGAGATA	0.0571723235904537
TGATCTGTGAGTTTTCTCCCAATTTACCCAGCGGAT	0.0850200348120535
TTTGAACCCAGGCCGTCAATTTGGCGGTCTTGTTAA	0.0291245374129631
ATGTCGGCGCCGGACGGTAATGTGCTGCACTATTCC	0.0736645967258916
TCATGACGTAACACCTGCAATAATATACAATGTATT	0.120781751076455
GAGTCACAAAATGACGCCCACCCCAGCGTTATGCTA	0.0276896206607341
GCCCGTCGGTGTCATGTCTCTCTAGTTAATCGTCAC	0.088118372936841
GTTTACAGTCTAATCCCAAGCATCTTACGGCAATTC	0.0862362060722502
AACGATCACATCCGCCTGGAACAGACCACTAATTAC	1.06791723408295
ATTTATTCAGTCAAATCAGTAGCCACGAAACTGATG	0.103187608599249
CCGTAGGCACTAAATACGGGATCTATGGTACTATGT	0.0373781929931387
GAGCATGTTTTTCCCTCAGGGCTTTAATCAGCTGCG	0.489230231455868
GCCGGTCCTTGTCCAGTCATTAACAAAGGTCTTAGC	0.226045433362828
CAGAAGTTCGCGTGATTGGACGCACTGTCCTATTCT	0.0696637414271251
CATCCAGGATAACCACCGTGTCGTTGCGATATGTTC	0.0452964083947374
GGCCAGTCATAGACTCTAATAAAGGCAATAACTTGC	0.144786026400586
GAGATTTAATCTAGGACTCGTTCAAAGCGAGTACAC	0.0931364298766054
GTGAGTATTTGAGATGGTATGAACCACTATGTTCCT	0.0330128258527966
CCTTTCTCGAGCGTTGATTGGGTACGCAAATGACCC	0.320818852251628
TGGATCAACGCGCATACATTAGTTTACTAGATGCGA	0.0679828439539472
GTCTTAAGTACGTGTGGGGACCGTGCAGCGGAGTTG	0.0360108913214932
GAAATAACTAAGGACTACAAGAACTTCCGCACCAAT	0.0475997633861583
CGTCCCATGTTTGATGTGCCCTAACCAGGCAAGCTC	0.180180569548423
CCCTAGAGTGTGTTATCGACACTGTGGGGCGTCCTC	0.0201661485500817
ACCTAAACGATGGATAATGGGCCTTCGAGGAAGCGA	0.69394806270894
GACTGTGCCCTGATTAGCAGACCGGCACCGTATATC	0.769389799062611
GTGATGAGGCTTCCTGTAACCCGTTTGGTATAATTA	0.669063198074632
ATCTAATTGCTGTCCGTTGGTGCCACCGGGCACACC	1.25302532035474
AAATCAGAGCATAATGGCGCGCACATTCCCAATTAA	0.298311286422527
ATTTAATATCTGATAAGCTGGTTCGGTCCTGGTGTG	0.0865998310810923
CGTAATTTGAAAAATGTGGTGCGTTAGCCCGCTACA	0.0473123878729421
ACCTGCTATCATGAATTAAAGACCCTCCCGTAATAT	0.392956854239021
CGACGTTTGGAATGCGACGATATTACTGTGCTAATT	0.776397688987231
AGCATTAAGTAGCGCTCGTTGAATCGTGACGCTAGT	0.137766303702658
GCAGGGGCTTAACGACAGCTTGCGTATTTACCGCCT	0.0547167559295322
CTTCGTCCAATCATAGGCAATAGATTAGCTAGGCAA	0.513657442908972
AATCGGAACACAGTGTACGTCATTCGTCGATTACTA	0.129805726438485
ACCATGTTGACAATACCTCTTGCGAAATGCCCGCGT	0.087894862732553
GACCCTAGAGTTCACACTGGATTTGTGTTAGGCCCT	0.0184093626720863
AGGCGGTATCACCTCTCATTAGCGATCGTCTCATCA	1.29126508968071
TCGAACTTGTTAATACCACTACGTGGGCGGACCCGC	0.244792313892893
CCATTACTATGCGCATAATGCTGCCATTGTGGGTAA	0.359295786148811
ACGCCAATCTCCTGTCCGTCTGTAGTCACCAAAACA	0.0640357428652114
GGACCTAGCGCCATTAAGCAGACGCGAGAGGGCGCA	0.108635180943591
GTAATCGGGTTGTCACCACATTTGTTAATCGCAACC	0.278374689636548
CTTATCCAGTTAAGAATTTTGGATTCCTCCGATTTC	0.00512254482152485
GATTAATCAGCCCGCCGCTGGTAGATTGGTAGATTT	0.968057096026483
GTAGTCCCTTAACTGTAGTACACCAGCTCTGCAACC	0.0983847732856497
CCCACTAACAATATAGGCACGGTAGTGAGCGACCTT	0.16372236495398
AGGCTCCATAATTCCATTTGAAAGACATGCGACCTG	0.183112332532069
GTCCCTCTTTAGCGTTAATCAACGCATCGTACGAAC	0.852377934734073
AGCTATTTGTGATAATAGAAAGCGTATGCGCCAGTC	0.0987496907358343
GGGTTAGTATTCTTAGATGCGGATGGTACGTATTAC	0.0964742080931712
CAATATTGAGCATAGTGTGCTCTCGACCTGGTGACT	0.0475864153548175
GTAAGAAATATTTATTCGTTCGTGGAACCGTCCACT	0.0166099969698844
CCACCTACAACACGCCATGATCACTGCTAGATTCGG	0.0727865821686372
GTCGGTTAACCTACTGTAACGTCGCTTTCGGTGTGT	0.102189042234758
GTAACGCTCGCTCCATTCACACCTTGTGGGGCACAA	0.021277224061009
TCGCTCACACCCAAGCGCGCTGCCCATTAGCGCACG	0.140516498521563
GGCGCAAGAGATTGAGGGAGCGGATTAGCACGCCCT	0.0315359646318048
AGATCTGATATACTCTACTGTAGTTGGTAGATGCGT	0.0373890374184302
GAGCCGCTCAGCGGGGTCATTATTCGCCGATAGTTA	0.00306185727375952
ATCTTTTTGACGACCTCATAATTTGGGATCAATCCA	0.213824260212113
CATCTCATTTAGTGTATCTGGGTATCCTGCTTCTCA	0.548961124145419
CAGCTAGATAGGTATTATTAACCAAAGTGGTTTCCT	0.344742189877946
ATAGTATCACGGCACCAAACAATTAACTTAACTTCC	0.530687361015665
AATCTCGATTATTATCCGCCCGCAGTAGGGGAGTTA	0.392610672914752
ACAGGTTATAGTCTAGTGACAGCGTTCACATTTCCG	0.0560359191405278
GTACTTAGCCACATAGCAAGTAATTGGCGCCTGATG	1.31300025054017
GAAAAGTATTGACAACGCGGGCTCGCTGTGATTGCG	0.00134285840858323
ACGGAGCAGAACTAACGAATATTAATAGCGCTACGC	0.108106627830562
AGGCGTTGATTTAACTAGGAAGAACAAAACCTCGGA	0.0826621199114982
GTTCCAACATTGTCCGCTACCAATTCCGTTTTCAAC	0.000175474455243155
CAATACATGTTGCGTCTTGCATCGGATTTTTTTCGG	0.02315499467543
ATGCCCCTTAGTTAACGAGGAGTCACAGCATATTTA	0.594190811308187
ACATGAGAAAGAAATTATGGGACTGGACGACTTAAT	0.060021538229789
CCCGTGGGTACCAGATCACCTATTAGGAGAAGTTGC	0.0805311055741594
ACCTAGGCAATTAATACCTCATCGGACGAGACTTTA	1.63064941933775
ATCGTCGACTAAATACACCTGTTCTGCGTTCGCAAT	0.0872475060676992
GGTCCCACAGATAGTTTAGCGCACACACTCTGCTGT	0.162778935447913
AGTATAAACGTAGATTGGCTCTGCTCCGGAAGCGCT	0.193934673352406
AAAGCTCGATGACAATATATCCAAATATGCTCCCGA	0.00988448517692506
TGAGATCGTTACCGTTGCACTCTTTCCGAGCGGTTA	0.242200000878201
GATACACAGGAGCACGAGCAGCTATATACCTACAAT	0.0670644088912808
GATAAAACAGATAAATCACTACGGCTAGGAGGGTTG	0.0778163733915438
GTCATACTAACAACGGCCTACGGCAAGACTCTACTC	0.0171622106470877
CGATTCTCTTCAATTCGTCGGTCGCTTTAGTGGTAA	0.0107362896803263
GGTGTACTGCTGTGCATTGGTAGTACCCTATATCGA	0.180523038508605
GATATGACGGAGATGTAGTCACGCCCGGATAGATAG	0.0190539692222318
CGAACTTATAAGCACTTGTTCCTGGTCCCGTAGACT	0.0243161174703107
GCAAAGTATTCGCATACTAGTGATGCTGCTGTATAA	0.0330973110050024
AGGGACTTATTAACACTTAACCCTCTCTCTTACAAG	0.470735420863385
GCCTTTAATGTGACTGGCCATCTGGGCAACTCGCCA	0.103757462383496
CTTTAACCGATTAGCGAACTAAGCCCCCTCTTCCGT	0.538215213495471
TGCTTTCTACCGCCGATTAGCCCCTGGATTGTTAAC	0.211420202260269
GTCATGACGTTCACTGTACACCCTATATAAGCTTCA	0.0706970593679769
TTCTGGCCATATTTGCGTATTGGTTCACATGTAAGG	0.0896761781279753
AGTACTAATAACTTCCACCGACCCAGGCGGAGAAGC	0.634460761555965
GCACCTGGCACGTGAGTTGTCATTAGCACTCAATGA	0.225336092478681
CGAAAATTGTCGCATCTATGCAAACCAGGGTATTGG	0.113061896656729
TGTCGCATGCATCATGGCATCAGTATCTAATAACTC	0.0215536210651837
CGCAATCAATTTGATTTAAGGCTATAAAAAGCTTGG	0.754608847191259
CCGTTTAATTGTGTATGCATCGCGCATCCTCATCGG	1.0878147127103
CCCTAATATTCTAGTTATTGCTCCTACGGTGGGGCA	0.360638949201257
GAGTCATGGGCAGTAATGACGGTTTCTTCGTACTAT	0.207973779000482
GAGTCGAATCCTGTTTGTCCCCACGGGTGTCCACAG	0.0336800749204494
ACCTAGCTTATCTGAGTGCTGGTAGTTACGTCATTG	0.183486187294424
ACACTTGCTGATGAAGGCGAGGGAGAGGTCCCAATT	0.0554586992430161
CTTATTCGCATTAGCAAGGTGACTGACATGAGAAAG	0.222059376282645
GATTCTTTCCTTTTCGCCTGTTCGCAAATTAGTGGA	0.96778953463173
TGTTTATGCCATGCTCGCTCATTTAGATGCCGTAGG	0.0995738394819924
TGCTGGTAAGTATCCACTAACTAATTATAGAAGAGG	2.31869410519438
AGAGTCGAATATCAAGTCTCTGTCATTTCGAGTATC	0.00654777606306941
CAGATAGTTCTCGTTAAACTAATCATCCTGCGTCAT	1.28603904602703
TGACACCTTCAGTATGAACCCTCGATTACCCGGATA	0.0784517143838837
TATTATTAATGTTCATTGTAGGTCCTTCAAGACTAC	0.176855426238683
GTTACTTCCACTTACTGGTTCCAGTAAGCCCGCGAG	0.260725000949957
CGACAGTTTATAACGGGATGGTCTGGACGCCACTTA	0.155600669798668
AGTTATACAACGTCAATGTAGATGTACCGCTGAATA	0.0421042904610611
GGAATACTATCTAATGCCTTCAGCTCTTAGCCAGTC	0.468265688793082
ATTCGCGGATGATTCACATCTGCAACATGATGGTTT	0.0261533346400801
CAATGTCAGGATCAGGCAAATTGCGGACCGTTCTAG	0.0708981042002633
CCCTGTCTTTATTTGGTCGTGTGCCCGCGACCGATT	0.0308923786592722
ATGTCATAAGCGTTCCGTGTAGCCATCCAGAGCAGC	0.0101844921319295
GGCTAAACACACGCATTCAACCCTGAGGACAACTGT	0.0322667878637747
ATGCTGTCACCAATTTGAGATACATGAACCCTAAGC	0.181156867502758
ACTAATCTCGACGATCTCAAGGTTTCAGTCCTGATC	0.00336712181995984
GCAGTTATTTACACGATACCAACGGTAAGTCTCGGT	0.125773591474853
GGAAGTAGGACATGCTTATAGCCTTGTTGCCACAGA	0.116627498023523
GATAGGAAGGCGCTGATACGACTTAGTGGTGGGAGT	0.0181517031528019
ACTACTGAAAAGTTCCCATGATTACGCGCTACATTA	0.138123021491698
CTATTCTCGTTTATGTACCGAGCTGATACCGCTACC	0.0106885212423588
CCAACTCTCCCTGATTGGTGGAGAAGGAAGTGCGAG	0.128541420790935
GGTGATACGGACACGACTGCATACCTCCCACAATGA	0.0012537144594798
GCAACGAAGTATGCGTATTATTTTTTCGGAGGTGTT	0.0130289410265804
GATGGCTGGTTGATCAGTCAATATGTCGAACCAGAC	0.144386256191215
GTCCCTGTATCTCGTTTACCATATGCGCATTCGTTA	0.391435393218339
GGAAAATTAGTCAAAGGCAAAATGTTTTAGAGTGAT	0.524647302801488
GACTTTCCGTTGATTGACATAACCAAATTTTTTCGA	0.537034137647667
CGATATCAATGTGCGGCTTCCCGGTCAATACATGTT	0.0390084670291173
GGGTGTTCTCGATCATGTATGAAGCATGCATACACA	0.0464807201516761
AGTGTGTGTAAGTGAGCAGGTTCGCTATTGCGTGGT	0.0986640609330345
CTTGACACGCTTAATTTGATGAAATAAATTGCCTAG	1.40343281842903
ACGTCCCGATAATGCATGTCTGGTTTACGAGGTGGT	0.191637188885899
GCCAATCCACTAATATTGCAGAGTCCGAAGTTACGA	0.25698478958858
CCTATTGTATTATCGGCTATGCCCCGCCCCTGACAG	0.103729660813499
TGGTGTGTGTCTGTTGTGTGAGGGGCTAACCCTCAC	0.0154830482753501
AGGTGCAACACATCGATAATTCAAACACTCCTGCAA	0.279777847017587
GACAACCCGCCGGTATCGATAATGTGGTAAGTCTAA	0.172666324491451
ATAAAACTTAAACTACTACTCTATCATGGACCAATT	0.0488477836264282
TAGGTCTACATACACATAATCGATATTTTCCTATTG	0.48942826749404
AGCTAACTAGGGGTCTACCTAGGTCCCTCCTCGGCC	0.195616419839628
ACAAGATCTTTTGCCTCATTAGGGTACGGTACCTTC	1.68492945033957
GTCTTTAATGGCACGATGGACAGCGGCATTACTTTT	0.138561767413628
ATCTTTATAACGACTATATATGCCGATTGTATCAGG	0.202480092479285
GTTTATTGAATCAAACGGGTACATGCACTCTTCGGC	0.508325969551661
CGATAGTGGATTCCGAGCGAAATATGTGTGAGTGTA	0.00211844263875958
TCATATCCGCTTCTAATTCTCCTTTGCGTCTCGTGT	0.248580719238431
CCTTATTACTCGCTGACTTAGACCTCGTTTAAGATC	0.124023926982799
GACTAACTGGACACACTCCTCTAACCATCAGTGTCG	0.320613805235155
ATCCGTGTTTGTCTACATCATGGATTCCAGTACCCC	0.0969679287877937
GCACACTTCGTATTAGGTCACAGAGAAGAAGCCAAA	0.040121656313655
ATGATTAAAGGAATTAACTATGTGCTTACCGACGTA	0.481416618534358
GGCGTCGATACTTTAATAAGGCAAACTTGTTCTTAA	0.547160093978074
TCCGTTACATTATCTGATGCGCCCAGGCCACACTGG	0.177222595773311
GGGAACCGCTTATTATTCTGAATTGAAAGTGAGAAC	0.150856333114156
GACGATAAGAGTTACCACGATACACTGACATGGCTT	0.0378556112996194
GTAAACAAACTACCAGTTCATTTAGCAGCAAGTCGA	0.123555464148351
CGAATTATTCCATGTCGTTCCACCGCCAAAGAGTGG	0.0525245466492098
GAGAACCACCATTAATGCATCATCTACCGAATAGTG	0.466073706436732
GTCCGTCAACCCCCGCCGCGTTTCCTTAATAGGTTG	0.10563226895234
CTATAATCACCGACGTCATGGCGCCTTAGTGATTCT	0.241851167517019
TGATAAAATGAACATGATTGGGTGGCGCGAGGAGAG	0.240335630129264
GAAGGTTGGAACATCTAAATGGACGTTACTCTTCCC	0.131674019939592
ATAACGAATTCTATGTATGAATTGCCAAAACGGGTG	0.0669751077207657
AAAGTTCTGACGTCCATCAACACACTAACATCATTT	0.000656171360027119
GCGTAGTTTTTTTAACGAGTCCATTGTACGCATCCG	0.17186064078679
AGTTGTTGGGTTACGTGTATCTTTCAGAGGCGTCTC	0.00417052315085775
TTGTCTTGCCTCCAGGCGACTGATAATAGGTTCAAT	0.00558757332167957
GTAAGCGGCTGTAATCGAGGATGAGTTTCAGTCACA	0.171078562035097
CTAGTGAGTATTCCTCCCGTTAATTGTTGTAAGTAT	1.09535273017658
CTTGGTATACATAAATTTACCTAATGGTGAGCACAG	0.227815307716699
CGCTATCCTTAGCTAAATAGCCGTTAACATTCTGTA	0.148842366106576
CTGATGTACATATTAGGGGCTTGGATTACTGTACCG	0.550663638856106
ACTCACACCTGCTGTATGTCGCCTAATATTTATCGC	0.199322808360042
GGTAGTTAGGAGATGAAGCACGTGTAGCTACTCACC	0.130485712207201
GTCCACGGTGGAACTGTAGTTACATTGTTCGAATTG	0.0209809867169444
ATATCCGAATCGGCAACCAAATTGCCCGTAACCATC	0.241949234913777
TCTTCCTGGTTACGCTACATTCGTTATCTGCATTCC	0.160183819472392
ACATTCCTAGCTATTACTTGGTAGCTCTCAGCACGT	0.0830355678495455
GGTCCTTAATATGACAAACCAATTCAGGGTTTTCCT	0.75538300053847
AGGAAAATAGTCATATACATCCGGTGATTAGGCCGA	0.383540649636958
CTAGGCCAATAATAGAACATAACTCCGTGGTGAGAA	0.258245282645099
GAGTGTCGCCGCGGAGTCGATATTGACCGGGACCAC	0.00530849192983128
GTAGTAGAAACTTATGACCGTTTAAACGTCGTCACC	0.162265818286851
TTTACAACTCCTTGATGTTATATCATTTAATTACGA	0.473860260177283
CCAGATGGCCACACGGTTCGAGTTAATTGGGCAGTC	1.23946751239965
GGTCTATAGCTGTTTGGTCACGATGTCCGCTTGTGC	0.0314216447494806
GTATTGCCACATTCCCGTAACGGTCAAGGATCGCTG	0.042162388081045
CAGGAAACACTCATTAAAATGCCAAGGGGCTAAATT	0.731262492517119
TTCTAGTACACTCGCCGCTAATTTTCTCCATATGCC	0.45238506216587
TCCCCTCCATAATCGGTGCTTAATTTTGCATCAAAA	0.290306162989231
CCATTGGCAATTGCCTACAGCGGATAGAGATACTAG	0.0389358269241086
GAAGGTTGATTGCCCGAATGCAGTACAAAGGTATGC	0.285252737290659
CGTAATGATAATCTGCATCACTCATCCGTCTCGACT	0.715882479651475
GGGTAAGAGGACGAGCTGACATTGCACTCGATCAAC	0.0258072372048925
GAGTAACTCACCAGAAGACCACATCATTCCCACTGC	0.0878791307150506
GGAATCAAACCTTGGGACGCCTGGAAGCTCTGATTA	0.147062218203439
ATGCCGATCCATGTATGTACGATTTTTCCGAGACGT	0.0414141590666965
GTCACACAGGCTTCCTAATTATCTTTATCCGCGGAT	2.79548300365976
GACACTCGTGGTTTGCTCAACCGCGCTCCATATACT	0.0250192699315633
GTATGATGATCAAGTCGAACCGTACTTAAGCGCTCG	0.156684200606922
ATATGTAACCAGCTGTGTCCGACTGCGGTAGCCTAG	0.101209428196043
CCATTGGAGCACGTCTGTTCGGAGCCCGCACTAATT	0.487134953739107
GATCCTCAAACATGATTTAACCTCCCGGCACTCTGT	0.044735494698702
CTAATGAATTCCAATTACCTTTTCTCGCCAAATAGA	1.33610664506555
GTGTCTGATCAGTTGCGTGTGGGTTCCTCTGTGTTT	0.10135718069356
GTAATTATCGTGCTCTCAGAAATTGCAGAAGCCATG	0.27240549526091
GAATACGGACGTTCGGTATTTGCTGGGTTGCCGGTG	0.0490727027967632
AGCCTATATTTGACGGATAAAATCGACTGCGCTTCC	0.0541576287435643
GTTATGACGCTGCCTAATGACGTTGGCTCGTTGCAG	0.625868141636907
GGCACACTATAAACCAATGGAGTAGAATTAGGTTCT	0.100898532190787
AGTGGGCTTAATGGTAGGGCGGGGTGGGCCATGAGA	0.131705688844982
GCGCAATTAAATTTGTGCAGTCCGCTCAAACTCATT	1.29085387811514
TGAGTAGATTTGTTAGGCGTTGAAGGCGGTGGGCGT	0.0322055180289795
AGGGTTAATGACTGCTGATTAACATTGTCAATCTAC	1.83190006905078
ACCCGTATTATAACCGTAACGTGGTGCCTCCATTGC	0.219487230172936
CGACTGCCACTGTTTGTTCTTACCTATCTAGCACTT	0.0235319350677667
GCGCTTTTTCCAATTATGAAGCCGCGGATGGCGATA	0.554488139263262
TACCACTTAATCAAAGACTCAACCAATTTAAAGTAG	0.666312195600688
CGTGTCCAATAATTAAAGCAGGCGGGATGGTACAAT	0.929351189653686
AAGGATGACCGCATGATTATTCGTAGACTAGGACTG	0.0016595560913919
TCGTTTACGGTAATGATAGAGATTAGCAGGGGCTTA	0.223497246380553
CCGTCTCGTTTAATGCTGGGGCGACATGGCATGTAC	0.0465357086482944
CTCGTGTAATAAGGGGAAGGAACTAAAGATCGGCCT	0.231474671383263
ACGACTATGATATTCTATATAGCTGACTGCGGGTGC	0.143617174309577
CGCGCGACAGTTTGATTAAGTATCTATCAAGGGAAT	0.2807379528682
CCTGTTTGCTAAGCATCGACTCGTGTACAAATATCT	0.00405633697101788
AATTAGGTTCTTTACTCTTGTCGGGGATGGTATTTA	0.0116765703178305
ACATACAAGTCACATAGGAGTCGGAACTCGTCACTG	0.071346893938755
GGACTACCTGACTGAGCAACGCAATCGGCTCGTCAC	0.0971046503573962
TCCTGATTGACTTTTCCCGTTGTCGCTAGTTTTGCT	0.268253882314649
GTCCTGTGATAATCAGGTTCCTACCTTAACTCCAGA	0.645284559975999
AATCAAGAGTGGATATGTGGATGGCAGTTACATGCT	0.0021754141352698
GAAAGCACACCAGGTTGATGTGGTCTTCGTGGTGTG	0.0184421428883855
TTTGGTAATCATTCTTGCCGGGCGCGGTTCTAGCTA	0.0315258275363791
TCAATTGCTAATACTAGGACAACCGCCAATAAGATC	0.0430197080508158
AGAATTCGATGATTGGTTTTCGTCCGAACGCAGAGT	0.240114696928539
AATATGCTATTATAGGAGCCCGGGCTTCACTCAGCG	0.126028749515171
CTTACTTCCATAATACGTTTGATACGGAGCATGGTA	0.117064038240788
ATAATATATTTATCAGTCGAGTGTGTAGTCCCGGTT	0.116663107915689
GCTACTCAGACACCATTTTGCCTTACCAGCTCAGGT	0.0473043979630755
GTTGGAGAATTAGCCTCAGAGTTAAAATCGGATGTC	0.280094373956107
CCCTTGCAGTTAACTAGCGAGTCGGGACGGCCGGAA	0.15050405969314
CTAGGTGGCAATTACTCACTTTGCAGTTCTCTCAAC	0.802480473719802
CTCTAATTTTGCCCTGTCACACCTGTACACCGGCGG	0.177011388348069
GTACTATGTATACATCCTACATGTTGGTGACAGTAT	0.219507445526693
GAGTTCATTGATAAGTTCGCCCGAAGCAGCTGTTTG	0.0725049412000653
AGTGACTTAGTGTCAACCGACTATAAGTGGACGCTT	0.0563108561936842
GGATACGCGACGTAACCCCCTTTTCAGGTGTCCTAT	0.00587776007389942
GCAGTCTGAAACCGTCGATGCTGATGAGCCGTGGTG	0.168637150997798
CCAGCCGTCAACCGTCATTACAAGTATTTCCGTTTC	0.02886151743169
TGCCGTATTATGTGGTCACCGATCCATTCGCCGAGG	0.114453520426817
ATTGATGACGTCAGGGGATACGTATTCGCTCACACC	0.00462446886536171
TTAATTGACAAAGATGGTAAGTTCCCTAAGGCGTTC	0.0184058748589942
TGGTTTATGGAGTCTCAGTGTAGCTAGGACTGATTG	0.0500010943695184
GTTTCATTAGACCCGGCTAGGGGAATTCAATGCGTG	0.260365669475068
ATACAGTACGATTGTGACGGCCCATCATCGCACTAG	0.13945165631598
CTAATTACTCTCAATGAGCTGCCACTGGCCAAGCAT	0.893796131977699
ATGGGTGGAACTAATCGCAAATATACTAGGATTTGA	0.0285002604422338
CCGATGTTACTCATTATATAGCAGTGTGAACGGGTC	0.543077992543937
GCGGAGGTCGCATAATGGGTATTTCGTTATATTAAT	0.387743857417389
GTAGATAGTTTCATAGCCTCATATGTAGTCTTGCGA	0.101935915890753
GGAGCTAACCGTTCTGAAAGGTACCAGTTGTCCGGA	0.00618156392240601
TGATTAACAAGTGTTACCTCTGTAGCAGGAATTCAT	0.0376424345352156
TGCAGAGGACATGTTCGTACATTAGGATAACCCTTA	0.0256477776077061
CAGATATTAACTAACCAACCGACTCCGGCGGCACAG	0.326664241748986
AATTATCACACCCATTATTCCCGCATCAATCGTCGT	0.382364942430721
CGCTCCTACTCTGTATGTTGTTTATGGTATCAATAC	0.0771159707191367
GGGTTGATCACGACGAACGTAACTGGTCCCTGTCGG	0.084320139657676
GGACGCGTTAAACAGATGCATTTTGCCCATGAGGAT	0.0813777514915243
GCCAGTATTCCAGTTTCCGCTGTTTTGCCCAGAGAC	0.00755405360481225
AGCCACTTTCCACAAACTCTATATCCACCATCCGAT	0.00154643505753647
TAGTCACTAACTGGGGTGCTTACTGGTGTTGCGATG	0.0490889774216267
GATAGTCAAGGGATTGTCTATCCGCTCCCGATAACC	0.0818270272968898
GGTCATTAGACGATTTAAAGGTGCAAGTTGGTAGGA	0.350367104560449
TTCAGAGCTCGTTAACAATGAGTCCTCGCACTGGTC	0.535521978940866
CCATCTTATCTCGCGACGTACCCCTCGCAAGATTAG	0.0272620836281841
GACATATTCTGACTGTAAGCGGGGTGGTTTGATACA	0.2493252188363
CGTGCATTCAGGTAAGTGGTGCCATCAAGCTAGCGC	0.0362054474769348
GACTATACGGTGATCATCAATGTCCCCCTGTGCTGC	0.236697385847137
GCGTCGTCTTAGTTCCTTATGGAATGTTGGTAATGG	0.137462076559928
GCTCACAACTACTCGAATTACTCATAAATTATTTGG	0.455409409372009
GGATTTCCAGACTTCACAGTTAATAGTGGTGTGCTT	0.155760752151
CTACCATCACCAACACTTGTTAGTGTCAGGGCCTTC	0.207417243787156
TCCTGTGTGTGGCCGGGGTTCAAAGAGCTTATTAGG	0.0132479298183305
TTCGCTAAAATTCAAGAGGGCGATATGTAATCGACT	0.00868978049916812
TGACCATCCAATAATGGGGCAACGCACACGTTGGCT	0.607006938229737
GGAAATCTACGGGGATCGGAAATAGCTACTGAGGAC	0.0642139016153111
ACTTTCTCAGACATAATCACTACACGACAGCGGCGA	0.199370164487366
GTACTTTCCGCTAGTTCCTAAACGACCCTGGAGGGC	0.0915032737576409
CTCAGACTGCCCGATTAAGACTGTCAGATTACACCT	0.272415307965682
GTACGCCCTAATGGTCCTAGGAACAATCCTCGTGCC	0.597478905772501
AGCGTGCATGATCAATTATAATGTTGCACTTCGGGA	1.94699678123582
CGCTGTCTCTAATTTATAATAGCCAAGAGACATAAT	0.877879750375395
ACAACAATGCTCACGCATTTCACTGCTCGCGTCACT	0.0657930568234469
GCATTTAATCATAACTCTTTGAAACTATTCCTCTAG	0.2006046639367
ACGCAATTGTGGATCTGGTTGACCGATCTCCAAGGG	0.00615964982518744
TCTGTGGCGCGCTCTATCATTAGTGCAATGTCTTTC	0.159858470642453
CATTAAATCAGCGGGATTGTTTGCCCCACCGCTTGC	0.0051146393779193
CTCCGGATGGCCTCGAAACAGCCGTCATAATCGACT	0.0329321964780145
GGTTGCATTAGCCTGGGACGAGGACAGAGATGCACG	0.153347696529673
GAATGTCGGTCCTGCGTGAACGTCGTATCCCACGCC	0.0543368222858582
GTTTTTATTAATAGTCGACTGACACACTTCCTTATA	0.455285575231119
GACATGATGTATTTGTAGAGACACTCTCGTTCGTCG	0.210230675170231
AGTGTACCCTTTCTGCATTTATTCGGCTAATGTACT	0.290770467777972
CTAAATAGGCCATACTTTGCCTCGCGCCTTGTCCCT	0.0525196165496612
AGGATTGAGACGTGGCATATTACCCGGTGCTTGGGG	0.128763865955352
ATTCTATCCATCCTCCGAGTGAACGATCGGTAATGA	0.41708577191181
CATTACGGTTCAACTCGATCCCGGACTCATTTGGTT	0.0448964041809476
AGTTAATCTGGTTAGAACCGAACGTAGCCAGTGATT	0.629566041977335
AGGGGCGAATCCAAAGCGGATTATTGTCACGTGAAT	0.0393855384889128
CTCAAGTGAATTCATCCAATTAACGGTTTAAGTCTG	2.05858434942619
GGACGTCTGTCAGGGCTAAGGGTGAATTAGACATTC	0.138188133104239
GGTAGTATAACAGCTACTCAATGTATAGTTATGTCC	0.235975856559829
CATGGTCATCATCTAGATCGAAATGGCCAATAACTC	0.0495904850719713
CGCGTGTGGGGCTTAATCTGCACGTGGTAGCCCGGC	0.103989387571977
ATGATGTACGTGCTACTAGGTGCTCGGAAGCGCGGG	1.12184202423392e-05
CAATGCATCGCAGTAATTAATGTCAATCCCCTGATT	2.16961619148345
CCGACCTGTCCAAATAGCCTATACTCAACCTGTTAC	0.0495594642036349
AGATAAACGATTTTAGTACAGTTTTTAGATCTTCTG	0.100688875866806
GAATCCATCCTTGCTTCGCACCCATAACGTTTCGTG	0.0372270394833932
GCACTAGTACTTCGGTTGTGCTTAACTCCGCTGTAT	0.167455841054499
GCACTAACATAGCCAATCCTTTATGTCCGATCGGTC	0.215586203869417
TCCCAGGTAGCAACTATAATATATCATAAGGGCGTT	0.0667611527035285
GGAGTTCGCACGTGAAGTGCGGGGACTGATCAAGCC	0.0432912701490719
AGTAATTTAACTCCGACACTGAGCCGCTCGCGCTAG	0.206622598000356
TCGGGGTCCAACTAGGGTACTCTAATGAGAGCTCCA	0.395163336747272
GAGGATATAATACCAATCAGTACTCAGTTGGCGCTC	0.403855424329518
CCTAAATGGTCCATAACGTGCTAATCTGTAGGCAGT	0.365605090744088
TGGCCTATTATTGTACGCCCTTCGTAACTTATACTG	0.282801792314417
CTGCCTGGAAATGAATCGAAGGGTCAAGTAATCGAT	0.034791353645599
GAGTAACAGGTAGAGCGCACAACGATACGCGCCACC	0.00930749556183585
TACTATCATAGAAGTGACTGGTAATTAATTCTGTGC	1.35779266576094
GTGTCCGCGTGAATATGTAGTGGGTTCATAGGTAAG	0.0289129873724807
AAAACCAATTGCTTAATCTCACAAAGATATTAGCCG	0.277956878789599
ATAAATCAACGTCTCAAGATATTGGTTGAGTTGGGT	0.0628421282388449
AGCTTAATTGTTAATTTCAGGTTATTCCTGGACTAA	1.91052762488902
ACTGAGGCAGGATTTGTAGTAACTAATCCTAATGTC	0.0876536522219778
GACAAATAAGGTAACGACCCGGTCGGAGCGTCAGCG	0.336423479727597
CCGATTAGATTTATGTTTAACCCAATGTAAAAGCGC	0.0153192003299981
GCCGAAATACGTTACGCCTAACGACTGTGCATCATG	0.2265466768826
ACGGGAATCCATTGAATTTGCGGCGTTGCGTCTGAT	0.0528489553079133
CGTTGTAATTAAACCTCGCTACAGGAGGTGGTGATT	1.78213939050101
GGTGATTATGAAGATATCTAAGGTCGGCATTCCCTG	0.362306764247565
AGGGAATTAAAAATTCTGATGAACACGTTCAGGCCC	0.113720562276489
AGCGGGCCATCCGCTTTAATGGGCTGTCCCCCCACC	0.0746368646233603
GGTCTATGACATACTCCAGGGTGCAAGGAGGGGTCT	0.128924903879899
GGGCTATCATTCTACTTTAATTCTTTTAGCTGAGAG	0.253169536551694
AATGTAGTTAGGTTCGATAACAAAGCATCGGATCAA	0.203253153069659
AGTACCGCGGTGATAGACCTAATGTGCTAGTGGGTG	0.351258470618609
CAGAAGATTAGCATAAAGGTTACATTCTAGGACCAG	0.0573352190575444
GTTGTCACGCACCATATTCGGGCGTTACATGAGATG	0.0132078650572518
GTCACTAAATTTGGCCATCAGCCCACTACTCTCACA	0.323238045585028
CCCGGACTCCCCCCTTAATTCTGATATTGCTGGTCT	0.000554286233211418
GTATCATTCATTCGCGGGTAGTTGCTAACGCACCAA	0.182417109538263
ATCTGCCAAGGTTGAGTTACCATCTACTAATGTATC	0.214463571634772
ACTCTCAGAGGGGCACTTACGCAACACCCGGCATGT	0.0108684314845014
GCGTATATATATGAACTCACAGTTGGGCCGTTAGAC	0.0919762134521354
ATAGATTATAATACGTGCAGACCCGAAGGGTTGCTA	0.0119633647747136
TCGCTCGAGATGAGCAATTGCTCCATTATCAATGAC	0.0561751332222778
GAATGATTAACGTCATCTCCCAAAACGATTGTCTTA	0.588293960663845
ATGTGGAACGAGTATCACGCACATTAGCACCGTTGA	0.241711114812475
GCTGAAACTGGGTCGATCCATTAATTCCGCACGGAT	0.312242237044524
GTGGATGGTGTGACACAGGATATGATCGGGTCATGC	0.0982964378588729
GAATTCAGTTGTGTTACACCGGCCTCCACCACAGTT	0.0220351568369643
TAAGAGGCGGATTGCTCGGGCCACTGATTAGGGGAG	0.272884333461503
GTTATCCCGATAAGATGATTGTGAACGCATCAGACA	0.0308778284364307
GGTATTGTGAACCACGTTGGCAGACGATGTATGATC	0.00154754961915728
AAAGGCTGGCATGGTGACAGCTATCCTCAATTATCC	0.174059816166935
GGCGCCTGATGGACAATTTGCGGTCAATTGGCTCCA	0.463051644019867
AGTTCTTTTGACATTAACTTATAGGTGCTATCTGCG	0.00392526447634013
GTCAGTACATCAGAGCTCAAATCTACTGTTATTCTA	0.0118250918186141
ATCCTAATCCCGGTATGAGAAGCGCTTAATCCTCAT	0.0555274276153071
CAGACTCTCATTGGTAATGTCCACCAACTTGCTATT	0.137358488568206
GGAAGTGAACCGGTTCTTGATTAGTGGTAGAGGTGG	0.747249736715653
GGGTAGATCGTACTCCCCTCGACCGCTCCATCTCAT	0.0160221527347327
TTTTTGATAAGAATAATTACATAAGAGTGAAAACAT	0.549205806250309
GTTTCTGTCAATCAAGAATAAATTGATCGCATTACG	1.14810131526538
CCATTTATGGACTGACATCCTCGTGGAAGCCACCCT	0.0358824817945753
GCAATATCATTATGCGGTACCCCCTCTAGGTAGTCC	0.557301529717776
GATTTATTGTCTGACTGGCTCTCCCATAATTCAGCC	0.400338388975412
CTCAGGTACGTCACTTATCCCCTTCGTTTTCGGCGA	0.0871488754329098
CCGAATTGTTTTGATGATTCGCGCCTCAGAGAGCCG	0.0957992985280782
AATTTCATTTCTCGCTCAACTACCAATCTATAGGGG	0.0220868400823406
CGCGACGTAATTTAAGGAAATCGCTTGTGGCGAAGT	0.362205854497477
GCTAATTTCGAGAGTCTGGACATACGGGCGCCTCTG	0.147778732604738
ATTTCATAGCACTGACTCTAAATGGTATGCTCCCTG	0.0127515859407621
ACTTTGTAACTCAACCTAAATACGCTCGTAACGGGG	0.0229346996621707
TCGGATCCATAGGATTTGTCACGTATTATTGCCCGT	0.048754572127063
GCATGGATACCGTGTAGTAATTGGTCGGGAAGGGTA	1.55016052505965
AGGTATGTTCCCCCATAGCACTCGTTAGTGTGAATG	0.253498558744833
CGAACTGTGCGTGACATTAGCCCATTTATCCGTGAG	0.200348014967341
GCCACTTAGTGAGGGATAGATCGAATGTTTGAGTAC	0.113641685438888
GAGCTGGTATTAGGCAACGCGTCACGGTCCAACATA	0.0486609773442303
CTACATTCGCATAACGAATAAGCCCTGTGCGGACGG	0.0531928451957157
ATCCTTAACTCTTCTAAGGCCGTGTCATAGTAATGA	0.167610699810639
CAAAGTATACCGATCTAATTACCATCGTCTCGGCAA	2.10758154095971
CTATCATACCCTCCATTGTCCTAATTGTTCTTTGTC	0.903211474742169
CGGACTATCTAGTATCTAAGGGTAAGCTACCTAATA	0.073489835042864
GGATCTCGGTCTCCCCGCGCAAAGAGGAGTTAATTA	1.23273571563066
TGTCTATACTATCTGTACATTGCACAATCCGAGCCT	0.0577783817649682
GTATTATTGTGGCGATTGCGACTTCCGCTCGTATTG	0.220276948084249
ATTGCAGTTGATCAGGTGGACTCTCATGAACTCTCT	0.107149263684682
ATGGTTTTGACGCAGATTATGTCCGGAGCTCCAACC	0.157042216753306
GCCATATAGACCCGGTATCTAGCATAATGCATAAGA	0.0956245671801882
CTTTTCGTTAATCCCGCTTAGATGTGAGTGCGGCCT	0.0885219605481389
AAGCTTTAGCAATGGTCCCCCCATTAGTCTAGGCAG	0.165853873121732
ATTTGATCCCCCTAGTTTTAATCGACATGAATGCCA	0.254952236958463
TTAATAAGCTAATAACATGGACAATCACGTATAAAA	0.409793179362058
ATGGCCGAGGTGAAATTAGTTGCCCTACTATAGTAA	0.2295292509705
GGTGCTACCAGTACTATTCAGATCGCACTAACCAAG	0.0740087049495312
CGGATGGTTATGGATGCCGGTTACGAACTTTCTCAC	0.0204637479409643
GACTTCTTCCAGGAATAATCGCTGTGGTCACGTCGT	0.0483704567194983
GCTCAAATATCATGCACTCCAGCTTCCCTCGTTACG	0.14236583754515
GCTATAAAATTAGCCGGAGCAGATAGCGGGGATCCG	0.347505027491196
GGGCCTGCAATTAATTAAGTTTTGGCTTTCTGAGTG	2.96352443871618
GCAACTCCAACAAGGACACGTTATTAGCTTGGTCCG	0.214892812882535
GTGTCCACTGAGGAACATAAGTGGGTTAAGCGGCTC	0.165600682639606
TGGACAGCAAACAGCAATAACCCTAATATGTCGCGT	0.0646137742307309
AGGCATCCTCTATATAATGTTAGTGGCCTGGTGGTT	0.0205781679751307
AACTGCACCGCGCTAATAGATGCAATCGATTGTATA	0.744584674003372
AATGCTGTGTAGATTGGACTCCATGCGATGTATAGG	0.0640428371411794
TGCTACCCTATTATACCGAATTATGAGTCCAGATCT	0.853181030290749
GTACGGGTCGTACCAAGTAGCAGCACTAGATAATGG	0.049263656529097
GGCTTGTTCAGATTACTAAGAGGTTATGTCGGACAT	0.0995327743782296
AGTATTTTTGAGATATTACCGCACTTCCTGTTAGGC	0.0223799123785236
GAAGGCACCAATTAAAGTGTTGTTTTTCCTAGTTAG	1.89787902936216
ACTCAAGTCTAGCATTAACCAGGTGCTGGACGATCG	0.0460508646026014
TGGTCATTACTTACCCCCACTGTTACCCACCGACGC	0.0693835582221241
ATCGGTAACTACCGCGTTCGATCCAACAAAGGTACC	0.00085347067413748
AGTGAGATTGTAACAATGACGAACGGTACGATAGCT	0.0991195341776845
CAACAAGATAATTGAAGACGGGTGGGTTTCGGGTGA	1.44093255014684
GCCGTCTACCACCAGCACTAACTAGAATGGGCAGTT	0.146816448744039
CGACAATCACAATACGACGCTGGCCCGCATGCGTGA	0.0246881871111547
ACGCATCGACATGTCGTTGACATCCTAACACCACCC	0.0437153604299779
GAGATCAAACTACTCGTCGGGGTTATCGCAATAAGG	0.11070516753851
AGGCATCACGTCATCATCCTCTGTGCAAATCTTGGC	0.0264236837026801
AGAACTAATCTTGGTGAAACCTATCGGGAATGGAGC	0.114732611737362
CGGGCTTGTGTGATGTTCTGTACTTGGGTCATGACT	0.0128965876226026
CCATCGATTATCACTCGGATGGATACTTTGCTAGCA	0.99170491292979
CCACATATCGATGAAGCAGTGTCTGTTAACATGGTG	0.179307082106625
CGACTTTCACAGGTATCGTCTCCGGTACCTATAATT	0.243810155239846
GGCTCTAATACTGGAGCATATGGCCTGCCTAGATAT	0.0832011695229925
GTTGGGACAATATGTTTAATGGTCCGGAATCCTATT	0.233651894943698
GATACTCATGAAGATCACTCGTCACATATTTCCGCC	0.246501039177448
ATTGATGCTCTATCAGCGAATCTATAATGGGAAAAT	0.0533950093901756
GGACACTTAATTAGGGAGGTATCATCGGGACCCGCC	2.90106948885524
ACCTTACCTAACATGCCTATCTCCAGGTCGAAGTTA	0.0486705702319665
TCAGCACGAATTACCAATGTGGGAACCTGGCTTCGA	0.272112261910311
TACCTACCCTATCTATATGCATACAAGACTGATCAC	0.0523883197354805
TACAAACAACCGATTAGTTAAATTCATCATATGGCG	0.579711339352614
TGAGTAGTTAAGTGGCGAGCGAGGAGTATCATTCAT	0.337022990662251
AAACGTTAATATCTCCGCGCCCGGGCACCAGGGGAC	0.0254656274171731
GAGGTAACTACGTATCACAATATCTGTTTTGCGACT	0.133199864143961
GGTACTCTGTACCAATCTGATCTAGCTGGAAATCTG	0.0223771387617693
TGATTTAATGAGATGTCAGGGCACCTACTAAAGCCC	0.785022041764601
GCCGAGTAGCTAATGGGGTAGTGCTAGCCTGCTAGG	0.676123247908863
TTCGGGGTAATTTATCAGCGCTTCGGGTTTATTTAA	0.827202208682033
GCTTTTGCCATATACCAATCGCATACCCGTATCTAT	0.105584716825071
GGATTACTGACAAATTGACTGGCACAGCCCCTAGTT	0.816003088549497
CACGCGTCCTTCCCTAATGATTTTACTGAGACAAAG	0.285745354687905
AGGTGCAGTTTACCCTGTTAGCCCCCATCAGTGAAT	0.00441501517888975
CTCTGTACATATACTTACCCTGTGGATGACGATTTA	0.117755720230534
GCTAGTAAATACGATATTAGGTGAGTGATGTGCAAA	0.196533968669729
TGGCGCATGTCATGATGTGGTTAAGTCGTTGATCTC	0.024487169117871
ATACATATTGATTCAGGCGTATAGACAGTAAACTAT	0.104272264980887
GTTTGGGCTTCTATGATGCATTGTTACCGATAAGTC	0.161706828300634
GAACATGCGACACACACATGAAAGACTAATTGTTGG	0.555227502722821
CGGCCCATGAAGGCCTAATGAGTGGACCCCGGCTGT	0.715193902224799
GGCGTCAAATGAGCCTGATTTATTGGTCATATCGCC	0.688360433418951
ACGACTCATATTGAAATGTATAGAGCGAACTGTTGG	0.0727272226747472
GGAAGACGCAATAGGGCTTCATTTGGCCCGGTAGGG	0.150694488429246
TCGTGGTATAACTGTGGTCGTTGGTGTTCAGTTTGA	0.0426556217784299
GACATAATTGAGTACACAGTGCCCGCGGGGCCCTTA	2.51481394406682
GTGATGTGTGCCATTTAACAGACAGAAGACTATGTC	0.111826155090301
TCGCAACTAAGTGGTCGTGGTGGTCGCGCTAATCAG	1.13748671496486
TATGTAAGATAATTTGGATAGCGTACAGGGATAGAC	0.586902138447987
GCTAAACCTGTCAAATCGTTAAGTCAGTGGATGATT	0.258415984810473
TAAACTATGGGGCATGATCTGTTTGTGCGGACTACT	0.0472746287742066
TCGCACTGACATTATCAAATCACTTCCCCTCACATG	0.159661307281283
GATAAAGGGCAAACGATCACCCTTCACAGGGTTCTC	0.0346451275024367
CGTTGTGGTACTGCGAGCTACTGACTCAATTTGTCT	0.144548809813114
TCTCCATTAATAAATTTCAGAGTACATAGGCGTGAA	0.41138336355008
CTTGGACCCGTACAACATTTGCTCTGATTGGGCGAT	0.110356236797666
CACTCAATACAACCCTTACATGTCAGATTTACATAG	0.0601620209912561
TGTTGTTAATATGTGGGCTTGCTGAAGTTGGAATGT	0.207424571022476
TTGTTTCCCACATGGTATCTAATCGTCGTGAATAGT	0.0389630491309456
CGAGACCTTCGAAAATTGAATAGACCATTTCTTGGT	0.00658242056848308
TTACCTGTTTTCCACTCAGTAATTTGTGAATGCCAG	0.191585119919341
GCGAGATGTTTATCCTCCATAGCATCGTAATTTTTA	0.0012289523758432
GCTACTATATTCCATGCGCAGTCCCCCAGGGGAGCT	0.0797731556958235
TACAAGTATGCTTCGTACAGTCTGACTCCTCACTTA	0.00300332408402447
ACCCTTATTGGCACCAGAGAGCTAGGATTAGTTCAC	0.200635681682612
GGATAATCATTAATGATTCCCAATCTTCTTAGTCCA	1.85939906471033
TCTAGGTCGGACGTACTGATTTATATTGTTTGTCTT	0.0235869711920807
GAGGATCATGGGTTAGTAAGAGCTGGTGAATTACCA	0.19581324196537
TGATTATAGACCAGTGATTACGTAAGTACGAATGCT	0.199883330872555
ACTCGAGGGTTAGTTTAGTTCATTTCATGCAATGTT	0.00611504764803221
GCTCCCAGACCGATTTCATTACAGGCGTTAATGATG	0.33662075643015
GGGCGATCTTGAACGTATTGATACGTATAATACGAT	0.0649729583209543
ACTGTCTCTTAAATAGGTTCGTAGGAGGGTCCGCGT	0.163053867527263
GTACTATATTTGTATTGAAGAAGTTTGACGTCCCAC	0.0502480320892294
GTCAACTTGTAGGAATTATGCGGACAATGCCCTCAT	0.111035422156599
ACGGACAGTCACCCGTAATGGGGTGCACACATCCAT	0.572462248549214
ACTGTCAGTACGAGTTGGATCTCTCTCGTAGGGTTA	6.07820084557065e-05
GAACACTATGACGACCCAATGTCGGGCAGGCAATAG	0.100853594677113
GTATATCAAAGTAATCAACACGCCGACTGTAATGGG	0.749083429744623
CCAGGTCAGTATCAATAAAACGGTTGGATTTGTTCC	0.159674490532699
CCAAATCTAAAGTGGGAGTGTCTGCGAATTCTTTCA	0.00734000453763563
TTTAATAATATGTCCATGCATGGCCGTGTTCTAAAG	0.0370662381213659
TTATTGGGACTCTTTTAATTCCCGGTTAGCACTGAT	0.0945958271414318
GGGTAAGATTTGATCGCGGTATCATGAGGTAGTACA	0.181783186541409
GTGAATTACAGTTTACAGTGGCCCGCTAATTCAGAA	0.861314648770802
AGCCGGAGTCGACTAATGCAGGCCGTGTGCGCAAAG	0.0596566672280831
TTGACATAAATGGTGTATTCGACGAATGTCTGCCAG	0.0189853879249168
ACCGGTAATGCGTCGCTACAATAGAAATGGTCCTGC	0.36125040632603
AGAACATCTTATAGGCTCTGATGTCCTCTAACTTAG	0.035999536398333
CGCGGCATGTGGTAACGAGGTATCTATATAGTACTA	0.247031277152336
AATTTACGGTGGGTTGCTTGTATACGTCAATTTCTA	0.0614739683688567
GGATGGTACTCGCACCGTAATCTAGAATCCGAGTAT	0.265751961626218
GTGGTTTCGTAGCGCTATAAATTATGCAACATCGTG	0.242304310593635
GTCATTACGTCACCTGCCCGACTGGGAGGATGATTG	0.131102335414799
ATCTATATCTATTATGAAAACGTCACGGCTACTACG	0.112249019617778
GATGGTCGGGTTAATCGCTCAAAGTGTTTATTGCAG	0.283888542319538
TTGTGAATATACCTATTTATGTTACCATGAGTGGGC	0.0625181197137691
CACCCACTTTCTCCAGTTGATTCGGCCACATGCTCT	0.0352708424036999
CGTTTAATCACTGACGGCATGATACTGAAACCCCCC	0.342025320961104
TCGGATGGTAGTGCCAATCTCACACGAGACTAAGTG	0.0263263803673664
ACGCACGTAAATACTCATCATCATAGGTAGCAGTGC	0.00601249195095436
ATAGTTCGGCGTTTAGCGCTACAGGTTTGACTAATG	0.0134242257378025
TAGGTGCAATTGTGTGCTATGATGGGTTCGAGTCTT	0.00311430592199879
TTACGGTTATACGTTTACTATCACTCTCATTACATC	0.118323470049029
AGATCCTAATCTGCCGGTTAGTCCTATCCTAGAGTG	0.831394079490886
GTGCAGACGCCTAGTAATTCCCTTAAGCGTTTAGTA	0.12318012340313
CGGGACCCGATATAGAGGCTAGTTAGCTGCCTTATA	0.0939445236355209
CACATTTCTATATAAGACCTTTCGCTAATGTTGCTA	0.163944507468921
GGGAGTATCCATCCCGGCCATTAAGTTCTAACTAGT	0.0920193824148337
AGATTACACCTGCGCTAGAGGCCTGCTTATTAGACT	0.145750702773431
ACAGCCCTTGATTGCCTCTTGACCGTTATGGAACTT	0.182382837576523
CACCTGACCATTGCGTATTTATTCACGAGCCCCCTT	0.0161812769452425
AAGCTGCATAATACAGTTATCCAGCGAAATGGGTAA	0.165618199483437
GGTTGTGACTCATGACTTATTGATGCTACGCGCGGG	0.2301615118798
GGCCGTGCTTCAATTTGCTGGAAACATGTTGTTTCC	0.157395663346313
CTGTATTAGTCGAATCGGTGCAGCCCATCGCCCATT	0.0855456973532614
GCTCGGAACATAACGTTAATGAGAATGAGCGACAAT	1.13222057595671
AGGTCCTTCTCTCTAATCGATGTCCTCGGGTAGACC	1.13600093808026
CAATCCCTTAGTTCGTATTGTGTTTTCTACGGTAAG	0.0361197220342123
TCGACTTATAACCTGTTTCACATATCTTTGCGTGTG	0.0412506736221906
AATATAGCGTCCGGTTATCAGCACCCCGCTCTAAGA	8.78385548286604e-05
CATTATTTCCTGTCGGCACACTCAAACTATTTATCC	0.0396015338578674
CGAGCATATCCTTGATTGATCTAGGTCCAACCGTTC	0.685534620404957
AGTCCAGTTATGTTTTGCCGCTCATCTTGGCGCTCA	0.139862870549206
CTTATACGATGAGAATGCATATAATTGCCGGGATGC	0.415551522778541
TGGAGGGGCTATAAACGATAGGCAAATAGGCGAATC	0.00056028223500011
CACGTATGTGCCCTTCAAGCGTAATTGGTGTTTGTG	0.973166047995093
CACCACTCGACGCATATCATCGCGTGCCTTGGATCC	0.00443343155066811
CGAAATAAATGATTACGGTAGGGACTACTAACGTCA	0.293300411332884
GAGGACGTTGCTAAATGTTGTTATCATCGCAACGAC	0.131702539557788
GGTGTACAGTGACAGTAGGGCACATAGCGCGTGTCG	0.116820035220907
GCAATGTAAGCGCAGTCTACCGCATTACTCGTCTCG	0.150234155851962
GCCGCCGAATGTTTTGACTATCGAATCGCTCGAGAT	0.0429073696725689
GAAGTCGGCTAAAATAGGGTGAATCTCTAGTGCTAT	0.132922628331688
TTCTCAGTCTAAAGTTCGATCTAGTAATTATTCACA	0.187506677068239
ATGGACCAATTGCGCGGAATGACGTGTCGCGCACGT	0.0225043138162611
ACCGATACGCCTCAGATGATGTTATGAGTGCTCATA	0.0630966492953861
CTACATGCGCTAAATCAAGATCAATGAAGTACGGTT	0.0920103795690818
GCTACGTATTGACTGCGGTCATTACGCGTGACGACC	0.392189640412447
CGACCATGCTTCTCACCCCCTATTATATGTTCATTA	0.279451636946755
AATAGAGTCCGACACCTAGTGAAGCCTAATAGGATC	0.317428418545163
TACGTAGTATCTTTAATCGGTCGCCCGCCGTTAATA	0.364959733340821
AGCCAGTTTAGCATCATACAACACCTCAATTCTAAA	0.00510437278943752
TGCTTCGCGCTTATTCTGATGGTGTAATGCACTGTT	0.00284764944521124
TTGCGCTAATATGCAGCAACGGACTGCGCAATTAAA	0.929269051797012
ACTGACAGCCATAGATTGGAACTTTGGGGACCCCGC	0.0146181129739624
AGATCCTTAAGTGATCGGTGTCTTCACTACGTCGCG	0.646062051678367
AGGTAGCTAATTAAAACGAGCCTAAAGTACACCTCT	2.13069564793884
GGCATACTAAGGACCTGTCAACCTAAGATGTTTAGT	0.0871775875988592
GAGTGCCAAATTCTATTAATTGCAAGTACTAACGCA	1.17006470869634
GATTAATTGTAGATAGGGAGGATCTCCTATGCACCT	0.658981382408836
CCAGGGCTAATAACCCAATAATTCGGAGCGCCGACG	1.17330618249207
CTACGGTATTACCGATCTGTAACTCCTCCGGCTAAT	0.0528659982630783
GTCTTGCAACCCATGCATGTTTAATTACTGTGTATT	1.19663135662109
ACCATGTTGTACCCTCTTCGCTGCTTTGGTTAGACG	0.0574697634399773
GAACCTAGTTAGGAATACCGGAACCGCCGATCTCGA	0.366642421234672
ATAATTGTACTCGTAAGTGCGCTAAGCACTTCGGAT	0.0969118451947631
GAGGAGAGCGATTACATGCGTAGGCGCTAGCCCCCG	0.0229777738141616
CGGTAGCTGGCTGATGGATCATCAAATGATGCTTGG	0.0557310249805741
TGATTTCATGTCATAACATGCGCATGGGTGGTAGAA	0.070318404601601
GCAAATTGGAGAGACCCCGTCTCCTGTTTTGGGTGT	0.255578434250459
GACACATTCGTCGGAATACATGGTTAGTTAGGTAAT	0.399073536149088
GATTCAAGTGATTAGATATTAGTGCTAACTCGCACA	1.16514181239075
CATAGTCGGAATTTATCTACGGGATAGTAACATTTG	0.0149664869656305
CTCTAGCTTACTGTTTGTGTCCTACAATTAGTACAG	0.358557793504771
GCTGATCTATAACATTTCCCACAGAACTGCAAACGA	0.0123260306121861
GTTCGTGTGTCACATCTTATTTTACGTAATTCAGAG	0.268593677571191
CGCATCAGACATGACTACACTAGGCGCTATGATTCG	0.0257559738303772
GTAAATAGGCTTATACTGGCGGGATATTATTGGCGC	0.254859659581938
ATGTAATGGGACTATACATTGGATCGCTGCTTCCCA	0.394796804106326
ACCAAGGCTTGCAACGTATCATCATGATGTTACCTC	0.0456635994992515
TTCTTAATTTAACAAATGGATTGCAAGCGAGTCATG	1.02881696526289
TCAGCACACCCTCACCTAATAATCCCTAGTCGGGAG	0.288071160027087
ATCATCGCCGTATATAGAGTAATAAATACCACCCCG	0.150647911851005
AGCGCGCTGATTGAGACCGTTTTTGTTCTAGCCACA	0.141901288261297
TCCAAATGGTTTAACTTGACGAGTGTCAATCAGCTT	0.004093971269185
ATAACAGTGTAATAGGAAGATTAATCGTCCTCTATC	0.566778821794346
CAACGTAAAAACCACAATCAAATCTGCCATTTGCCA	0.00884789538996738
CAGCCGATAAGACCTAGATTAAGTGGCTGATCCGCA	0.25757144890856
TTGCAAATTATAGGCGAACGACATCCTTAGTCCCTG	0.275436399024911
TATAAGGCCATTAACGGACTATTATCGGTATATTCA	0.551496654099444
ATGCTACTGGCTATTCACTACCCCGGTCATTTGATT	0.0199524772834702
GATCATATCATCCATGAGCCTGTGGGGATAGTAGGT	0.225579361347181
ACTGCACTAATGGCCAACTTGGTTATACCTAAACGG	0.521154627087126
AGCGTAATACACTCCCTTTCGTAAGTCCCGTACAGA	0.00333770072783481
GGTATCATAGTTACTGTCTGGCATGCCGAGCCTCAG	0.171164571752238
GAGTCTTACTACAGTATGCAGTGAGTCGCACGCTTC	0.122501001443956
GTTATTGGCTGTGTGAGTCGCGGCGGCCACGAGTTG	0.00534226613914175
GTGGAATGATATCGGACCGTGAATAGGGCGTACTTC	0.0227173569953119
AAGTCCTTTGAATATTTGGGTGGGCTACAAGTATGC	0.00190766403750063
CGAATGCCCGGGAGGCCCCAGTTATCTAATGATCCG	0.105619163230268
CTTGCCGGGGTATAATTTATTGTACAGGGGCCTTAT	0.470741670295968
GATGGGTGCTCGTTAGAAACCGTGCGCTTCACTTCG	0.263369387137627
CGGTGTGTTAACCTCAACCTTGATTACTCCTATGCG	0.0984902087706392
GATAATGTATTAGCCAGATGTATCCCCAAACTATGA	0.530920787870095
GGAGGGGTTGCAATAAAAATCACCCTCTCATTTTAT	0.0679321746318636
GCAGCTGGCTTTTGTGGGTTTCCTTGATCTATTAGT	0.110981947867281
GCTGGCACTAATAGTTAAGGCGCTGTGCAATCCTAT	0.30650742235013
GCAGTAGATTGGGGAGAGTTCGTGCCGCGACACGAC	0.114633012122803
CAGTATATGGCGTAATCGCTACTTAACACTGCTGTG	0.351756067030198
GGGCGAATGGGGCATATAGGATGTGATGAAGTCTCG	0.00443321859529107
ATATGCCCTTGAGTTACTTAGGGCGAAATAGCTGGA	0.0038426769535509
ATATTACTCTCGTACCACGGCGCGCAATTTATATTT	0.0693775761596683
ACTTTACCTTGATATTCATCGGGATGGCATGATTTA	0.0916353472760609
CGCTTCCAAATCGTCGCTAACTAGCTTGTAATCTCA	0.475614140804921
GGGAATTTTTATTGGGCCGATTCACACTGTGCCATT	0.416229208274825
TGACTAATACTGATCGCCAGGGGAAATTCGCAGCAT	0.059953008958437
AGGGGTGTTGCTCACTACTGTTCTGATAATCGTGTC	0.0359607768835242
GCTGCATACAACCAGATTTACCCGAATCCGTCGTTT	0.0632886092440342
ATGGCAAAGTGATTGGGCATACATCCGTCAGAGACG	0.0561379247143816
CAACTTCCGGTTTCGCACCATTACTTAATTTGCCAG	0.750776357225391
CCCACGATAACGAATGTCGATTTTGGTCGTAACGAT	0.195056707645919
GGGGTGATTTTCTAGCCTTATGCAACTGATCCCAAC	0.083434677570327
AACTTGCTATTAATAACATTAGTTCTGACAAGGCCC	0.726381082204884
GTATATAACAACAATCCAGACTTTTGTTCTCATTTA	0.0150129258728934
ATCATGATCGGCTGTTGAAAATTGCTTATGAGTTCG	0.187578803006123
CGTGGTTATGCAACCCTAATCCACGTCCTTCAGTAC	0.243858594365773
GTGCACTGAGTATTTATCTGAGGATCCTTTGTCTTT	0.0248064942548101
TTTCAGCCAATCGTAAATTCGCTACAAACTCGTTAG	0.0487279124906281
TGAGTAAGCAATCTAATGTATTTTAAGCACGTCCAG	0.0230959943853078
GGTAGTTACAAGTGCGGGATGATGTAAACAGGAGTA	0.109756200922399
CAGTGATATACTTATGGATCGTATCCGAGCCCTGGA	0.111981274758305
GCGTAAAGGCTTAATCGATGGTTCGTGCTAATTACA	2.939243496982
ATTAACCTGGCTAATCGAGTAGTAGCAGCGGATTGT	0.708705843085885
TGTATGGGTCCACTGTAGATATCGATACAGTTAGTT	0.0494855157443027
GTGCTGCGATACATAACGAAGGGAGACAGTAGATCA	0.0197840150253652
ACTCCCAGCTGGCAACCTCAATTGGCCGGTCAGCTT	0.0460845225579296
CTTGAATCCAGCTTGTCTGTACGCTCATTATAGGAT	0.297750335925034
ATCGCGAATGTCAGGGAGTTACCAAAGCTAAGTGGG	0.0608027863314401
GTGTGAGTTAATCATTGCTGGACAACTGCATTCTGT	0.691907498128074
ACGTTGCAGGTTACTAGGTTGTCTACTCCAATCGCT	0.0308290154144759
GCGCTTGAACTCCACGGTATAATAAGCGACGAATTG	0.206512729654929
GGATTTCTCGATACACCTACGAATATATGCCATAAT	0.162698065331956
GACTGTCCTTACTGTTCCACGTCGACTCACGACGGA	0.0246831880435968
GCCTTGTGCTGGAATTATCGAACTGGGGAACTACGC	0.00252720983983557
CGTGACCATATTAGTTCGCACCGTCGCTACGTATTG	0.381823866949604
CAATTATATGTGCCCGCTGTTCCTAGACTTGTGCTC	0.0516011177890162
TATTTCTGCACTCGTTGTACAACATGCATAATCATC	0.090126694931338
TTATCCATTAGTCTCGGCTGCAGGATGCTAGGCAAT	0.179782453795786
TTAGCTGGCGTTAACTATACTAAGCAGGTGGTTAAC	0.0501229296336313
AGCCGGGGCATCTACAGGAGCGTTCCACTGTTAATT	0.127399702516689
TCTGAGGACCTCTTCGTTATTTATATAATTATATCT	0.658976146826134
AGCATCAGGGACGTTCATTACACTATCAAGTGCCTC	0.152733535646833
ACGCTCCGTATCATACACGACACATTTCAGTAACTA	0.064109955943974
GTTGTCGTGGCGTAATAATCTATAAATTTGTAGTCG	0.499158360898062
ACTACTCAGTCTGCAGCATTCTGCGTTAATGTGTTT	0.270993519923486
GGATGTGCAATGTTAAAATGCAGGACTGGTAGTCGA	0.12249516700007
ATCTGACTCCGTGTAGATGCGAACAGTTAATTTGTA	0.368243661704505
GCGAAACATGGTTGTTTGCAGCAATTGATAAATCTG	0.0230880383615847
CGACTAATCACTAGCATGGAACGTTTTTATGGGCTT	0.82064587142809
AAGCAAATGAGTCCAATAGGTAGTAACGCTATGATG	0.187249068791654
CCAATGGTTTTGCTATTTAATACCCAATTCACAGTA	0.113999515560779
CTCGACGTTATGTAGCGGTAATTCCCGCGGCAGATT	0.141634380850156
CAATAGGTCTATGGCGCACAATACGTATACCGTCCT	0.0118514536590264
ATATTCACTGCTTCGCGTAATGCCGGAATCCACGGA	0.0530399021731946
GTTCACGGATACATCGCTAGTTGCATAAAATCACCT	0.000194368381799824
TCCAATGTTTTACCTGATTCAATAATCGATTGGGCG	1.07541937033771
AAAAATTATCGACTCACTGTACCTTTACTTTAGCTG	0.0670763053354008
CGGTTATCATTGTGACCCTTAGCTCTATCAAGCTCC	0.0449137072746275
CGCATAGTTGGTATGCAGTTGACGTCTCGTACAAAT	0.00990515180742177
ACGCGGTGCGAATTATGGCAGAGGCTCAATCCGCGG	0.1784500525356
GAACCTCAACGGGTGATGCTATGTACGCTGGTTTGT	0.0791521703981305
GGCGTATCCTAACAATGTGAGCTAAGAATATCTAGC	0.0803529095205108
TCTTCATTACTGCGGTGGTTTACTATTTGAACCCTT	0.19285110921998
GATGCGGTTTGATCGACGTCCATAGGTTAAGTAGGG	0.154060577891899
GTTACTATAATTAGCAGCGCGTTCGGGCCGTTCCAC	1.87934522628193
AGCGGGATAATTATGTTCCGGACTTGTAGCATATAG	1.45005884156544
GATTGGAGCTGACACACGCTTAGAAATGTTAATGTG	0.0510751788265077
GAAGCTGAGGATGTTTATATCTGCTTGCGATTGCCG	0.0691651221409282
TGTATTGTGGATTACCGCGCCCCCATCTTGTGTTAC	0.0421520042791489
ACACCTCGTGTTGCTAAAGACCCGTTTCGATTACCA	0.0355759342614827
GACGCTGTGGAGGTTCTAGGCATCGGCAAGTAATGA	0.0899253802212228
GCGGAATATCATCCTGTCAGCCGTTATCTATCGAAA	0.0573433464736092
GAGGTACGGTAATCCGCATGGTTCAATCCCCATCGC	0.245135935666553
TGATTGGTCGTCAATATATTAAAGAGGTCATTAGAC	0.373356058833652
CATAGTTATGGTTAATAAAATAGAGCAAAAACCAAT	0.140610515942867
GCTCGGTACACGACTCTATTAGCTCATGGATGAGTA	0.377935802497964
GGAATCGGTAAAGTGTCGCCTTAATTTGGACTCGTC	0.895452583012894
AGTAATTGCGATACAGGGTCCACGGGCGACTGCAAA	0.0902736799838538
GCAAGTTCCCGTAGTTTAACCCGTACGGACAGGTGT	0.0026124848415561
GGTAAATTGCCGGATACAGACGCTCACGTGTAGGGC	0.292052377326222
TGCTTTCTTAATTGGGTTCAAGGGACTACCTTGTCC	2.3773478270119
TGCCCTGACTGACACCTCCGATAATGAGCAAATCGT	0.455322307450384
CATAATTATGCAGGTAAATTCGTATGCGAATCCGAG	1.39917685319179
CATCAATGAGTTATCAGGAGGCCTTACGAGTGATTC	0.109244709766183
CGTGCACGCGTGGATGCAACTGTGAATTATCGTCAG	0.0631312647011325
TGCTGTTTGAGCATCGGTTGTAATTGTTGACCTCTT	0.143066775952138
ATCTACCTGTTCCAATAGATGATATAACAAGCCGTG	0.173652303685265
GCGATAGATTTGTGGAAGTTAGAGCAATTGTAGGCC	0.0349894681401777
GTAAGAGAACTTCTAACGACCAGTGCGATTCATGGC	0.01865065602649
CGACCACATACAATGGTTTATAGGATCAAGGAGGTT	0.0548957925817649
GGACATCCAAATCAGCGTAGCATTATGTGTACAATT	0.334469100309558
GCATCCCAATTCATTCACAAGTTTCTCCGTCATAAA	0.134766236454284
AACCTCTCCCGTACAATTAAGACGCTCCACAAATCA	0.48939077698305
TCGCACGAATCATTAAATCGCGCTAAGTGAGAATTT	0.204883000157963
AAGTCCTAACATTCAGATTAACGGCCGCTTGAAGAT	0.0406208946918413
CTGATATTAGACTCCGTCAGACCATTACAAGGGCCA	0.0276985629784432
GGACATTTGGCACTTTAACTGTCCTAAGAGTGTGAA	0.0541851454036643
ACATTGGCAGTCACCACTACCTCCGCTATCACAATG	0.0341147699744635
CCGATGGTCTGATGCATAATTTAGAGTCTCCCGAAA	0.118786261514875
GCAATTACGATGCAACTAACTCCTCTCCGGGAGTAT	0.11997390801878
GCAAATTTATGCCTTCGTCTTACCTCGGAGCGTTTC	0.00305226049006743
GCAGTTAGTATTAGGTCCCTCTATCCCCCCTTGATG	0.0534499668287709
GACAAGCACTTTATCACTCACTATAAGACAGAATCG	0.0254607806849594
CCCCGACAAATTTTCTTAATGAAAAGCTAGACGAGC	0.08607978000403
GCCGTCGTTACTGATATACCGATACGGAGAGCACGA	0.0390359303023695
CTAAACACCCTAATCGCATCGCCTCCAGTGGAACTT	0.198135203398466
TTCTCTGCTTGGAATATGTACGTTAATTATCATATT	1.36219618966003
AGGTGGATCCAATCGTTGATAACTCAATTGCTCGCG	0.143193393022433
GAACATACTTACAGTGGATTAGGATTTTTACCGCTG	0.421257288497349
ATATTGGCTCAACTGACAGATGCTTAATGATGAGGG	0.342330387133521
GAAGTTCGACTGCCGCCATTATCTGTGTAAGCTAGT	0.113095071301634
GGCAAATCTGTCGCTTCATATTGGGCGCGCGTGTCC	0.113644129036685
AGGTCACATGAGTTATGCTTGCGTCTGGACTCACCT	0.00225525077560993
TCAACGCAATGTTACGGCCAACGATAATGCTGTGTA	0.000912727399587813
GCAGGCTATTCGATATGTATGATGGTTGAGAAAATC	0.0522424258440336
ATATACCGCTCAGGGCCGTAGATCTCAATTAACGTC	0.685364849256541
AGGAAGCTTGATGTTGATAAGTGTATGAGTAGTTAA	0.0330463404581135
ACTTATAACACACAGCTCACTCAGGGTTGACCGTGA	0.00790700133012994
CATCCACTGCACACGTCATAAGACTTATTACTGTAG	0.141623882776528
CAAGAGCGCTATGAGCTAATTATCCAATGTCTCGCC	2.44895716169167
GGACTAAATATTGGGATGCTCACCCTATTAGGTTCC	0.779388655631051
GTTTACCGACTAATGAGAAGAGAGTAGAACCCTCGG	1.00363479436971
TCCTAATCCGTTGGAGGGACAACGAATCTTTGCCAA	0.0722045518600018
TGTATGGGTATGTATTTGACTCATCGCTACACAAGC	0.0515759116875653
CTAACGCAGTAACGAACCCACAATTACTGAGATTTT	0.309960215408858
GTGCGCTGTAATCATCCCCGCGTAGGGACTGGATCT	0.181002777519861
TAATGATTTGGTCCCGTCAGTACTTGTGATTACCAG	0.0452129027176628
ACGAATACTGGTACAACAAACAACTCTAGGGGTATC	0.0244704775215542
CGCGGGCTTAAGCGTCATCGGATTAGGGCGGAGCAG	0.000753567412207892
ACACTTTATATCTAGAATTGCTTCAGATCGGCAGGT	0.0313065792069952
TTGTGCAAATACCACATTAGAAAAGTCCCATAATCG	0.0527076128575979
GAATATGTGCACTATGCAACCACGGAACTCGCGTGG	0.131318891983435
TAAGTATTTAGGTGCATTACTGGAGTCTACCAAATC	0.134157200341134
GGGAGTTAATGGTTCAAAAAATTTTGCACGTTCGGC	0.099113536401354
TCCATAGCCTATTAGAGTCTTGGCCGACTAACACTT	0.486065269557174
AAAAGATTAGATTACGTCATGACATCTACATCAGAA	0.738161602950253
GTAGATACGTACCATGGACGAGGCATCGCTAACGTG	0.0331145973203248
ACGCCGGCGGTAATTATTAGTGGAGGACTAAAACGG	0.974548395693089
AAACACTATGCTAGGACTATAATTTTACAGGTGTGT	0.0482296162601601
TCCGCGCGGAATTGTAATTGGCAGGATGTTGAGCTC	0.7563883908227
ATGTACATGAATTAGTCTATCGCCGTAGGCGCCGAA	0.49776835348132
GGGAAGTAACATAAATTCTGGGGAGGGATTATGTGC	0.115898779892635
TGACCCGTTAGAGGCGTAACCGAATTACCTCGTCCG	0.324628456481791
ATGAATCCCCTACTTAATCCTAGCTGGTATACTTTT	0.0476957158234965
GGATACGTTGGAAGTTACCTAGTTCGTCATGGAGAA	0.107237933070771
AAGCAATTTACACCTCGATGGAGTGAATGAGGCAAG	0.142977927074242
ATCTCCACGCAAGGCAACTATTAATTAGTTTCAATA	1.90102591535511
GCTAATGGAAGCCGTAAACGCTCGATAAATCGCCGC	0.180066421823515
ACGAATTCGAGTTACCCACTCTGTTTAGCACAATGG	0.0383328596885948
TGAAACGTGAATTACTTGGCTCGGTTAAGGCGACAC	0.159148080591884
GTTTGTCGAACTCGATGGTATGTCAAGGTGTGGCAG	0.011086590030423
GATAACCGACGCCCATTAATTATATTAGCATTGAGC	3.43630036984575
GGTTTGTTACGTTCCATTCTCGATCCCACTGGTAGT	0.152229903198767
TGGTATTCCCAATGGGACAAATCAGCCGCTTTTCAT	0.0233758580384999
ACCATGGTCGGTTGCATTCATTATGCACATATCACT	0.425412399830721
TCTGGGTTTTACATAAGGCACCGACCAATTCGATTA	0.351618440172623
TGCGCTTATACACATTAAGGAGGATGTTACGCCGTA	0.083477727049508
CCAATTTGTAATTATCAACGGTTAAGTCTCCATGCA	1.57021175584748
GCAACATCGTGCGACAATAGGACATTGTTCCCCGCC	0.00529948227916673
ATGTCGATCTCAGTGTCATCTTGTCTATCGTAGTGC	0.116119680809377
TGGCCCGTTACAATTACTTGAGAGTATGAACTGAGT	0.13277880640518
ACTTAACGACCATCATCCTACACCAATATTACTTAG	0.482168374007763
GCACTTGTTATCACGCGCGCTACAGCGGGATCCAAG	0.234301325860154
TCAAGAATCGGCATAACGTTCGCATTATTGGCTTCA	0.0587787020140012
GGTGGCCTAATCTACTAGTACATGCGTGAAGATCCG	0.639548406242378
ATGGTACACAAGTTCATCTCCACTTGGCTCTACCTC	0.00967356353510473
TAATTATGATGGGGCTATTTGTTGCGTGACAAGCTT	0.0357702619201044
ACACGTCTATACAAAGTGGGGAGTAAGTGGTTTTGA	0.199714334368057
CACTTCAATCAAAAGCAATGCGTTACACGGAATCTG	0.0103594507972652
CATCACCAATTGAGATGAGATATGAAAGCGGGTTCA	0.114045072990091
TATCGGGTCAATATCTGCAAATTGCCTCATCTCCTC	0.289693442926911
GCTGCTAATTATTGTTGATATCCAGGCACGGCGTGC	1.49701260439534
CGACATCAGATAAGGTTATTGTTGCCGCGAACGCGG	0.0547032852009635
ACATGCGAATCAAGATAGGCCCACTATCAGGCACCA	0.0510092552737915
TTTCGGGACCGCTTTTCCCCTACTCTTAATTCGCAT	0.138369395787938
GCACCTTGAGATATGGTTCAAGTTTGCTGGCTACCC	0.0247177664122172
GCACGTTATAACGTTTAACAGCGAGCGTTGTGGTAC	0.00489329700355236
TGTGGTTTTACAACCTAGATCGCTATTAAGTACCCG	0.0108802907013686
CGTAGATCATAAAGTGTGGGGTTCGATGGACTCTAT	0.0694939845807651
ACACTGACAATTACACGACCCCGTTTTTTGAGCTCG	0.633550730016517
CGTCATGCTCATTGCACTTCTAAGAACGCCCACTTA	0.0659076337317862
AGATGTATTACCGTGAGAAAGCTATGGGCCGGAGCG	0.109330014535085
GGGGAGCCGAAATTTGTACGATCGTTTGACTAGACT	0.00648539496720668
CGACTGTTCGTACTGGCACACAAATAAATTAGGACA	0.329188940006556
CAATATGAGCATCATTTAAGCGTCCCTACCTAAGAC	0.167686599466349
TTACCACTGGTTATTGGTTACGTCCATGGACTATTC	0.260563380861643
ATATAATGAAGAGAATATTTTGTGGGAGGATATAAT	0.0880230163098746
TACGCGCCACCAAGTTAAGTGAGCTTTGCGGTTAGC	0.03849973875548
GAGTTAGACAATTGCAACTTGTACTCCCAACGCTAC	0.0422470275990052
CCTAAGGGGCGTCGATTAGGCTACAATAATTTGAGG	1.10162299324145
CATTTTCCTCATGAACGTCTAATATATGGTATTCAT	0.199595263881811
AAACTATCATAATTCGAAATGCGTGCCGGATAGCTC	0.410570141699332
GGTGATTTCATAAGTGGAAATCACTGCAACTTTAAC	0.103421184952952
GGATGACCTTGCCCTAATCGAGCTCACACCGCCTTC	0.744792608886409
ACACGCCAAAATGCGCACGTCGTTCGATAATTTTTT	0.0116797387059393
AGGTAAAATCAGCATGACAAGGTCTTACACCTGGTA	0.00291323672067325
CCTTCACGTTATGATATTACGCTGACCTATTGTATT	0.232254664769167
CGGAGGAGAGTTACTGATTGCATCACACTACCTCGT	0.0792056987258465
GTCTATCTTCTTGTTCTTGTAGTGAGTGGTCTATAA	0.0458885635492378
ACTAACAAGTTATAATGGAGCCTGAGGATCACCCCG	0.329886587344142
AACTCACAATCAGGGAATAATTAAGCGTTACTGGTG	1.1079236707001
GTGATTAAACGTTTTCGGTCTAGATCCATTTGTTGA	0.0661612915332648
TGACATGTGCATCAATGGAGGTGACCGTCGCGAATT	0.0337261459551178
CCCACCACATATCATACCGGAAGATATCACCTAACA	0.0833018343836582
TACAACTCCCACTGATGATTGGGCCCGTTGCGGTTT	0.111837055659336
TCCCCTCGTAATTACTATACATATTCCGGTTGACGG	1.5515059820659
AGCAAGAATCCACAACTTATGGCTATTACGAGGGGT	0.106402621201504
ACCTGATCGTTGGAGCGTGAAAATAGCCGCATTAGT	0.165032647123856
GCGTATTTGTATGAGGCCACTTCCGATGAATAGTTT	0.0752619211554564
CCGCTCATACCACAGGTCGTTTATTTCACGGCATAA	0.0163547618962836
GGCGTCGCTAGCCGGCAGATTAGGGACGATTCCCGG	0.0600155231213318
GTCGTATTGTCGGGCGTGCGTCCTCGTAAATTGTAG	0.00193269516728384
AAGGGCCGCGAACCATTGAACGTGTCAATTAATTTC	0.783710918289911
CTCAATCCTTAAACTCAATTAGAGTTGTGAGTTCCA	2.28327942372362
AGTGCTATCTTTATATATCTAACATCCTGGCTAGGC	0.0201736359742541
ATAGGTCCGAAGTGGTATTACCTGCTATTTACCGTG	0.114375980389182
ACACATAGGTCCTTAGGATATTCCAGTGCTTCATCT	0.10279709726936
GGGCAATTTTAAGCGGCAATATGGAGGTTAAAGTTC	0.0055804719042067
CTTACCAAGTTACACATTCATTAGATGGCTTTCGGC	0.338844646937869
GGAAGCACTGGCTAATGTCTCTGCAGAGTGCCTAGG	0.311461248490796
CGCCCATACAATCATTACAGAGCAGGAGGAATCTTT	0.0390740229034783
CCACAATCTTGCACATAAGGTGAACCAATAAACGTA	0.00491875361959443
CGTACAATTGTCTAACGCCTATGGCTGCTTACGGCC	0.016169925536963
ATGGAGAATATATACTGTATGTACCCGGCATTCGCA	0.0837479044743062
ACGAAATCCCGCGTCTATAATAATCTCCGGTGTAGT	0.207515041119674
TTAGCCCATCATAATGGGACGGCGGCTAGGGATTAG	0.177640702221377
TTTGTGTTGGATCCATCCGAGCGCACGATAATTAAC	0.571367870715083
TTTGACGATGAGCCACTTATCAGCTGTTAATCATCC	0.417005219103853
GATATATTCAACGATCATCTCTCTAGGCGGAAGACA	0.0782884525087495
GCGACTACGTGATCGATTAAGGTGTAACTTTATCAG	0.690265386064519
ATGGGGACGTTCCCCGGCCAATTTGTGTAACCCCAC	0.0556787739417101
ACATCATTAAGTTACGGGGACTTTTCCGTGGAACAC	0.685529803500084
GGTGTTCCAATGCTATGTCTATATGATTAAGCCTCC	0.304993014620442
GCATGATTGCGACGCTTCATGGTGACTTAGGACTTC	0.0128547735344579
TCCACGGGTACAATACTACCTCTAAGTGACGATAGA	0.0280198475852736
TTAGCGGATTACACAAGCTTGTCAATAGTGCTAGAT	0.0208050495154903
AACTATACCGCTGCTTAGCATATGGGAGTTGTGGAG	0.0288835758841857
GGGACATTATACTTCGTGCTTTCCCTGTCGCCGAGT	0.15182749063222
GTCGATGTTAGTGTTTCCTTCGTCACACGGGAAATG	0.0575619412311612
TCTACGGCGGGTAATTTGAGTTTGATTGTCACCCGA	0.617374710260727
TATTAACTTAGGAAATCAATTAAATAGTGAGAATCA	1.13586336626154
CTGTGCCACAGAGACCAATTATTACTCCAGTGGTCA	1.16776202327714
GGTATACCAAACCGATCTGCTTGGTCGCCCTGCGGC	0.10149700648485
CGGTTTATTGACCTGTCCCGGCTTCGTACTTGACCA	0.257605132953383
CCCCGCCATTTATCTCACCATATATGGCACCCAATA	0.128680659412858
GTGCAATGAAGGCGCAAATTACGTTGTCCGGTGATG	0.512842631823561
TACCATGTCTTATGTGATATAATGCTGATGCATTCG	0.129417156432271
AGAACCCTCGGAATATCTGAACCTTAGATTAATAGG	0.0705875325016784
CAGTATCGCACTGATTAACCCCAAAATTCCTTGCGA	0.641629211027659
GCAAGTTAATTTCGCCAGGTGCCATCGTCGGGGAGC	0.456932785688768
GAGATTTATGAGGCGGCTAAGAGTTTTCAGTTCGCC	0.0249008077390981
GCATGTCCTTCTGCCTTCATAAGCATCTCGATCACC	0.0605577018160579
TACCTATCACTAGGTCATGGTTTGGTTCGTTCGCAT	0.0918693486160194
AATTCTTTCGTAATCTTGTTTCAATGGACCCACTTA	0.145635889226452
TTCTAAATAATTGCTTGGGAAACATATCATTAATAT	0.999908820060453
GAATCTATTAACGGCGTAGCCAGGAGCAATTCTTCG	0.845664810533713
CACTTATACGTAAGTGGCTCCGATCCGGCGTCGCCT	0.349063304943042
AGGTCGGATGCGCTCCCTAAGTGGTGTGTAAGATCT	0.11889475140105
CACTTGATTGGTTCAGCGTCTAAGTGGAGACTACAT	0.666465268174556
GTCGCAGTTTATTAGCGGCCCGGCCTAGTACTGACC	0.510983671494755
AGCGCCGATATGATAGTTTCGATCATTAATTGCCGA	0.712843012126598
AGTTCCCCCGAGCTAATTGGCTGGCACTGCTCGCTG	1.92086480813609
GGTATGGACTGTACGTGTTGTTACTCGGTACTCCTC	0.230177194295542
GGGTAACTTAGAAGGTCTCCTTACACTGTATCTGAT	0.0502330846097407
GACTATTATGTTGGAACTCCTTCTCAGCGCCTACTT	0.13138759543531
ACGAGTTTATTAAGCCATCTGCGGTACGTCCAAAGA	0.324454239269975
GGCTGATTTGGCCTTGTGCATTCGATGTCTGCGACC	0.180950762990896
CGTCTCGAGTTAGCGTCTACCTGTGTTGTGACATAT	0.0700231735179097
AGCATACTGTATTCGTGAGCCACATTACATTAGGTG	0.255642949893708
ACTCTTCCATGATCGCCACTTTGTACTCTTCCGTAG	0.0513797864068449
ACTTAATAGCTAATTCGGGGTACCCCTGCTGCAGCG	1.49252988161544
GGGTAAGGTTGCTCGAACGCGCGTAATACTAGATGT	0.00209198100095925
TTGTGGCGGAACAAAATTGACTCTACTTGTCCACCC	0.029961241908662
GAATGTTCTAGCTTGTGTAGGTAGAGCTTGTTCCCA	0.0992375035437593
AGCTCATTTACCGTTGGCAGTATCCCTGTGCCAACC	0.342456948047704
GCATCCACTTATGGGCATACGAGGTCCCGACCGATC	0.404785214937085
CAGCTATATTAAGGGAGTGCCTTGCGTCGGTCCTTT	0.294185521369724
AGGCATACTAGCCTATTTTCTCGTCGGATTTGATTA	0.181858711533462
GCATAATCATCCATATCGACGGGGCTTCGACGCGGC	0.616592442445857
GTAAACTCGCAGTAAAGCCCCTTAAGTAGGACTGTA	0.00466161281146989
ATCCATACTCGCAGCCAAAGTAATAGGTTAGGCGGG	0.141717663541844
ACTAACCTTCAACGTAATTGTAGTGCTACAAGAGTG	0.276202306190972
TCGTTCCTACCCATTACCAAGTACACTTTCCAGCCC	0.0733822991399695
GCTTGGTTAAAGGTACGGGTATATTGTTATGACAAT	0.0529672469664203
GCCACAGGGCGACCCCGATAATTTGCCGCAGGCACC	0.335824451511366
GGACAACATTAACTGGCGCTTCCTGATGTATACGTT	0.417812941823572
CATACTATGACTTCCAGCACTTTTCCAGGGGTTCAT	0.00190168926882749
CGCATTAGAACTGTATATAAGGACTCATTATTGCTT	0.342974528168725
ACAATTAGGTCATTCTTGATAACAGGGGCATGCTAG	0.200107823688266
TACAACTCCGCAGATTAATGATCGGGCGTATTGGAG	0.542424991449656
CACTGATTATAAATTAGATGTAAACGCCTTCACCCA	0.885012785382277
CTATGGGGCGACTGTTTTTATAATAAGGTCAATACT	0.333152866646458
CACTTCTCGTTGCACCTGGAAATTGGCGTATGGAAT	0.0826457136198721
GCGTCCTACACATATCCGTGTCCTGGGCATTGTTGC	0.0312023028806665
GTAAATTGTAGGGAGACGTTAATCACTATTGCCTAT	0.818506090230373
GGTTTGTATACTACACCGAGTGGCTCCTGCTGTGGG	0.142010729074603
ATTACACGAATTTCGTATTCCGTAGATCAACCCAAG	0.0103958776566113
ATATCTATTTGTCGTATGTAGACCGATATGTTTCTT	0.174565393930668
GACATCAACTAGCAGGAACAGTGCCTGTAGGCATCA	0.0753376885746628
ACACGTGTATGTAACATGCGAGCACTTCGTGCGCCT	0.0417992336852546
ACTGTTCACTTTAGGTATGTCAGCCATCGTCACCCC	0.0622819560774761
GTACAACCCATTGATTCGATACGCGTGTGAGATTTT	0.294072246913977
AGCATATGGATCAGATTGACTCGTCTGAGGGATAAT	0.160546339008012
AGTATGCTCTTGTACTACACACAGGATGACTGTGTG	0.114378396034564
GGCAGAATGGGGACATCTCCGTACGACAGGTGGGCT	0.00875637666116388
CGTAGTTATGTATACCCTTACCTTGCAATGTCAGGA	0.0258887004216218
TTACTTGTACAGTTCGTAATCAGTGCACGATTACGG	0.216156603469899
TGATCACTCCATGAGCGGTGACGAATCAGTCCATTC	0.00967317272131198
GGGTGTAAGGTAAGGTGCCTAACTGGTTACTAATTT	0.6580167944865
GTGGTCTATAAGACGCTTGTGCGAGCACGCTAATCC	0.205232958745652
GTGACTGTCTAGATGTATAGCCCGCGAACTCTTATG	0.0260963626442702
GGCATCAATCAAGCGCGTCTAGACGAACGGCTGCCC	0.272736539524228
ACACCGTCCATTCTATTATGGTTTAATAACCTGCGT	0.569915449946374
GCAGTCATACTAGCCACAGCAACGCTCCCCCTAAGG	0.0498224571520735
CCCTAATGTACCGGTCTATCCACCTCCCCCATCACG	0.296066298436558
GGATCGTAGGCGCAAGGTATCCGTTGTATTGATTCC	0.0269602358109264
GGCCGCCTTGTCTGATTAACTGGTCGAGTCGGAATA	0.280641398594852
GGGCGGCGCTAATGTATAGGCGCCGCGGTATCCCAG	0.080013425077985
CTGTACCGGATTAAAGGTCGGGTCCATTCTGAATGA	0.0226221397836584
ACGAATTTAACGAGCGGTGCGGACCATCTTACATCA	0.38194661064855
CCTAATACGGGTATCCCAAGAAGATTGGTGTATCAG	0.0728534478479029
GATGCGTCTCTTTGCCCCGACGTACTACTTCTCCGT	0.0264263772543991
AACGGCTGTACACGCATTAGGTGATCAGATTCCAGT	0.188858759760994
CGCATTTGATGATCGCGTTCGCACCCGATTAATGTC	0.169089070174028
GATACTTAGTGGATTTGCTTTGCAAACAACACATGG	0.23608694086423
CGACTGCTAAATGGCACACTGATTCTCCATCTTACG	0.296937140966103
ATTAGTTCATCAGTGACCATCGATAAAGACGTCGCT	0.157562183281423
ACTACAGCTTACTACGGCGTGGCATCATAATACCTA	0.0216091971831353
ACGGCTTGTTAATCTTGGGAGGTACAATTCATCCGT	0.545687940167739
CCATAGTTAAAGTACTCGACTAGGAGCGCGATAAGG	0.00615748417925871
TGAAAACCGACTCGTTAACCGCATTTGCTTCTCAGT	0.144014723481907
TTTCCTATTAGCTAGCACCTCAGCTGGTGAGAATAT	0.250479941456075
GCAGTCCAAAATGATGTTCAGATCTGACGGCGGAGT	0.0155729082198443
ACATGACGCGTTATCACATTACAGCGACGGGCTAGT	0.263306863504237
CGGGTATTAGCTAAGTGACCCGCATCCAGAGTTCGT	0.393333069640998
CTGTTCGGTTAATCCGCTCGGAGGGGTAGGTATCGT	0.309669962610937
GATTCGAATTAAACAGGCTATGGGAGGGCAACTCAG	0.56746337301731
CCAGTGTGACCTTGTTAGTCGACACGTCTGTGTAAT	0.311947960143507
GGTTACTCAACATTGTATATACCGAACATATGGGCC	0.123422709101888
GTAGTCCAACTGATTACAGGTTTTGTCTCTCATACG	0.310807492547612
ACCGTTCGGTGTCCGCATAGATTGATTGGCTTGGCC	0.161212283656815
GGTAATTTCACATTTGATTTTCTTTAACAACGCCGA	0.202973299239605
GTGGTGTAAGCCAACTAATCGTTTTGGTCCTTTCGC	0.279637415454717
TTGTCAATTTGTTAAAATAGTCTGCGGGACCCTAGC	0.126979697036534
GACTTGTCCGCTTAACGATTCGGCGAGTTGACGTTA	0.239470636009889
CCTATTAGCACTAGGCCCATTGCCACTTAGCCTCTA	0.2197558318544
TTTCTCTATGCAGATTAGCTCAATTCCCAATACCTA	0.2135546466604
GAACGATATGCTGGGGTCTGCCGTCAATAGTTTCGC	0.0589836129840584
ATCTGTGCGGGTTTAACTATCAATGCGTAGCAGTCG	0.0694633612830145
AGCCGATAACCAACTGGTTCGTACCGATACTAGATT	0.0130866431600463
TGAAGATATTATTTATAGGGCACTTTCCGAAAGGCA	0.0266780064264027
GCTCATCCTAACGGGTATCTGTTTGATATATCCACG	0.0774785495788344
GTCAATGGCGGAAGATTATGATCGCCCTCCATTTCT	0.0380803263149649
AGATGGTGTCAGTCATATTCTACCTAAGCTCCAATT	0.0364026765529046
AGAGTGGTGCGAAGAATTAATCAATAACAATGTCCT	0.528346271015805
TTTTGAGGAACTTTTGTTACTGAGTTAATTTAATTT	1.15065896650711
AACGGCTGCCCATCTCGTTAAGGATCCCCTCGGCTA	0.2735216626036
CAATATAAGGATAGTGCAGTGGGACATACAGATGCG	0.0121609816244173
CACTGTTAATTGGAGTCGTATTAGCGACTTGGGACA	3.16455057150216
TTGCTAACCTACGCTACTTAGGTGGACGGTCCCTTT	0.00399766279878363
ATATAACTGTTACTCGTCGTAACACTGGCGTCCCTT	0.116579832093092
CTTGACAGCGTAACAGATCCCTAATGGAAAGGCGGA	0.086617678850904
GATGGAGACTAAGCCTGCCAGTGGTTAATTATTTAT	0.716629410160369
CTCTAGCCACCCTGATTATTGATACCGCGGTTGCGC	0.277225001757288
GCAAGCTATAGTGATTGATCACTTCGCGACAAGAGC	0.170217795076633
CAATTCGATTAGGGGCAGTTGATGCTTCCGGCTACA	0.499184648425762
TTTTCGTATGCATTAATGCGAGTGTTCCCCCTCGAC	0.173465717938309
GATTCGTGGATCGCTCAGGTGCGGGTTACCACTTTA	0.00922827557883573
GATGTATGATCTGGATGGAACCATGCGTTTTTAAGC	0.0693855646423615
GATGTGTGAATACATTTAAGCAAGGACAACTTCCGT	0.0722759719492615
GTTCGTTCGTTAGGGAGACCGGCGACGCTCCGCGGA	0.0355892243133191
ACGAGTAATTAACCAGCGTACCGGCGCCACGACGAA	1.59595863519601
CCGGATGTAATAGGCGAGAGATTCAATAGAGCCCTT	0.138466493276442
TGCGGAGAGATAATGGATAGAATCCGTTGCCTTATC	0.106958223206848
GATACTGTGAGCAGTTGAGCCTGTACCCCCATTACT	0.154247638885105
TGGGTTCTATATATTGCCCCCAATAGCCCGCAATTG	0.0274863378901467
CAATACCTCGCATCCATTGTGTTATGAACTAAACGT	0.0772094702251725
GGTCATGATCCGGAGTGATACACGATCCACACACGA	0.00896971009174562
TAAGGTAATCTGATGTTCCTTATACTTGATGGGACT	0.24392681686805
CTTAGTATCACACGTATACACTCACGGTCAACAATG	0.0655441498159438
ACGCCCACTTACCATGAAACCTTTGCGGCGAGTAAA	0.198163940360892
GCTAGGGTTATGTCTAGTTGCCGTTGTAGGCTCAGG	0.0158592034978966
GAACTCCACCTGCCTACAATTTTGCTTGTAACATCG	0.00680156174574962
CCAACAATCTAAGCTAGCGATAAACGGTCCTACGGC	0.028919859167383
CAACGTTGCTTATAGTGAATCTTCCTATAGTTGTGG	0.00207748016703457
ACCATATGACCAGCACATGTGGAGCTTTGCCTGGGC	0.0904779653663709
GATTACGAGTTCAATGGGCTTACAGGGGTCCCATTC	0.10634630200321
CTACCACATAGGATCTACCAGTCAATCAGTAACTGC	0.199134770794176
AGACTCTACTCCAGAGCACATTAACGTCGAGAATCC	0.179800080434332
GAATTGTAAGCAAGCGCATAACTCTAGTCGTCCATG	0.0503874658340779
CGCCGTCTATTCAGCTATCATACATCTGCTAGTTGC	0.0533632930739118
AGAATAGCTTATCATCTCCCCGGGGTAATGCGCGCG	0.256914256478731
GCGATTCAACATTTAATCCCGGGGCATTATGCAGCG	0.066975401980314
GCTACTGGTGATCGGAGAGTTAGGTCCAGTATAGAT	0.0183757892447781
AGGTCCTAATGTAATAAAATTTCTTTAGAAATCTAT	1.04795245398835
GATCTCTTATTAACGGAACGCACTGGGCTCCGGACT	0.596795978383469
GTACAGACACACGTGTAATGCGGACGCTGTGTGAAA	0.0538857668486145
GCAACTTTGGATACTGTTATAAGCATAACGCCATGC	0.0255247705198585
AATTCGCAATCGGTAGCGTAATTACACGCTTTGTTA	0.840976961166072
ACTTATATCTGACCAGTAATGTGAAGCCTGTATTAA	0.203152751578619
TAAACTTTCAAAGCCGGTTATTAATACGATGGTAAC	0.140932110809963
GCGAGCAACCTCGGGGCTAACGAGAGGAATTACGTA	0.0770963400617704
CTATCATACGAGATTTCGTATGTTAACGTTCGTTAA	0.0169101289581354
GCTAAATTGACCATATACTGCGGTACAAGGCGATAG	0.622288904946764
GTTTACGAACACTCAATTTAAGAGCCAATAATCAGG	0.322286558145462
GCAAACTATGGTATGATAACTAACGTGTAAGTGCAT	0.253839623065296
CTAGCATCTATCTAATAGGAGTATCTGGAGATTGCT	0.385289246440102
CTGTCGTGCGCTTAGTCAAGGATAATCCGATGACTC	0.00136033480635887
GGTATTTATGTCTGGCCGCGTCTCTCCTAGAATTCC	0.100932316343953
CGCGCAATTACGCCATTCCAAATATAGAGATGCCGG	0.822269774066199
GAATAATAAAAATAGTTGGCACACACGCGTCTAAGA	0.0544457219848943
CTATAATTATTGAGTCCTTTCATAATGCCGTTATAT	1.90817675750175
TCACCTAGGTCATCTGGCCGCTCTCGGCGTAATGGG	0.0225844846838647
GGCCAGTACATATGATTGGTAGGAAACTGACTTGTC	0.131547606332772
GTGTACTCCCTCATTAATGTGGATGAGTCGCAAATC	1.4016156897032
AGGCGCTTATTTACTGAGGGTTCAATGTCCTGGATC	0.0780561783030484
ACTCTATTCTGATTACAACAAGCGGCTGGGGCGTAC	0.185237610265199
GCTCAGTTGATTAAATGCCTTGTATGTCCCGAAAGG	0.866989856210975
ACGATTGTTGTACACGATTTCATACACACCATTCGG	0.080628878908742
CACGGACATAAGGCTAATGGCGATGTTTAATCTGAT	0.234446004043708
CTCCGGCTAATTAACGTATTCGTAGTAGCACATTGA	2.60217869940208
AAGTATTCCCTAACGGCTTACTTCATTACCCGCTCG	0.198572266677527
GGATGTAGGTTCTGGTGCGAAATTAGGAGCATGTGT	0.450644449665281
TATCCCACATATTACGCCCTGACAGTGACACGCTAC	0.0573078745850477
GACTAGAGATTGGTGGGCTTTAACGTCACGAGATAC	0.026680927938192
GACATTCAGGCGCTATTGCCGTTCTTCGCGTTGTGG	0.0127606855972551
CCCATACCAATTAACACAAGGATTCATAGCTGCACT	1.70377831260728
GTCCAAACCAGATTACAATCAGTCAAGGCAAAGTAC	0.0316839811804471
AAACCTATTTGGGTCTTACTCGAGGGGCGAAGTTGT	0.0558925327790452
GAGCTGGATATTGTGCTATTCACACAATGGATCCCG	0.102859531242228
ACGAGCCAATTGTCTTCATTGTGTGTTGCGAATAGA	0.320994608609993
ATTCAAAGAGACCGAGACGGGTCGCATTAACGGGGA	0.0154224251370001
GAATTTAACCCTAACTACGTGAGTAGAGATGGCCCC	0.347407214601515
AACAGCTCCATTTATGCCAGATCGTCACACACCTCG	0.0208053220511444
GCACACGTTTATCAAATTTGAGTCACTGCGGCAGAG	0.234495899982666
ACTTCCTTCTCGAATGAGCGTACCCCTAATGTTAAT	0.0145255730473802
AGGCCCACCTAGCAGAACGCTGATTAGTCGATGATA	0.449676711513842
CAATCGTATGTTGTGCGCCTTTTCGTCCATTGTTAT	0.0586481694532284
GACCAAACGATGTTTACCTCCCTGGGGAGGTGCCTG	0.0697555040507618
TCTATCCATATCTGTACTGGTTTCGATATTTCGGAC	0.00136331985168112
ATGTCGTATGCTCTATGCTAATACCTCCCTACCCCA	0.0553458842601448
TCCCATAATCGTCATAGATTTCAAACGACGATCGCC	0.0613079125885604
ATTATACAGTGAATGTCATCGATCGTGCGCCCCTAA	0.00658320069243983
GGCGTAAACTCATCTACCCCCGGCTATTCCGTAATA	0.0404667301177706
CTCAGCCGTTGAGACCCTAATTTCACGAAATGTGTT	0.183782008669132
CCAGACTACATCTAGTGGACACTGTATGGTCCAATG	0.0662942423484579
GATCAGCCGGTAATCCCACGACTCCACCAGGGTAAG	0.0131580637152148
AACCTTGCGGAATTACCCAGTTGACCATCAACGAAC	0.0492931161028024
TGTGATACGTCGTTCTGCGTGTATTCTAATAACCGC	0.0474657633062525
GAGCACAAATAGGGGTTTCGAGCAACGCCGCTCTCA	0.0322534195251112
AGGCCGAGCTCGTACCCCCTAATGAAAGCCTTATCC	0.0155458087786305
AGATATCTGCGGCGATAAACTACTGGAGGGTAATCT	0.122949381127088
CAATATACTACTCGCAGGACCGCTGATCATAATCCA	0.0538132268695732
ACTGGGATCATTGGACGTCCTAATAGAACTGCCTAC	0.303088474386561
TGGTACCCATACGTCATTAACTCCTAACCTATTCTG	0.504981375252081
CTTGGGAATCTAATAGATCACCCGGGTTTCCATCTT	0.332600126059117
GAACATGGGATCATATTCTCTTCTCGGTCTTGGGTT	0.116562488437771
GCATTCATGCACTTGTCACTACCAACCCGTACTAGT	0.0563250159349605
GTTGTCCGACTCATTCTGTCTCATCATAAGCGGCTT	0.0221408143978642
ATGCTTTACTGCATCCTTAACAAGGTAAGGGATTAC	0.191175777740196
TCCGGCAAATCGACTCATACACTCGTTTAACCGATA	0.0757500342720749
GTGGTGTGGGGATGCATTATCGCCCCCATGGGTCCT	0.0274776243693822
CTCCATTACAAACCGAGAACTAACATTACCTCATTT	0.0152661282449391
ATCGTCGTATTACATCTATAGGCTCGAGCCGCGTCC	0.0833422685592546
GATCATGGTTGCGTGTTAACAACACTAAAGGGGTCT	0.181250408052491
AAGACAAGCTACTAGCAATGTAACATAGCTTTAATT	0.218210057987691
GCTATTCACGGTTGAGCTCGACGTCGGTACTACGAT	0.0468830224200979
GCTACCCACTAAGTGCCCGATCCAGGGCTGCTAGGT	0.328822679025035
ACAGGATATTGCTCTGACACCTTGCTGGAGGACATG	0.00656264408739821
GGCTAGTAAAACATGAACTATAGCTCACCTACTCCT	0.0195496454695936
ATATACATAGGGGACAAAATAGGACTCTGAGGTTCT	0.0379789848416371
ACGGCGTGTATATTATGTGTCTGGAGTTCTTCGATA	0.0670104557672501
CCGAGGCGCAATTATCGGCCTACATCAGCGAGCAGT	0.701606286973333
AATATCAGACCCCAAATTAGCTGAGGCTTGTTGACT	0.984027491231729
GCGCCTATCAACTGTAGGTCAATCCGTTGTGAACCC	0.0311785783826238
TGCCACAAACATTAACATTAAGTCCCGACACATACC	0.00721057209200591
ATGCGCCAGTCTCGCATCCCCCAATTAATATGAGCC	0.622975896459891
GACTATGCTAACTGGGTCATAGAGTGAAAGGTATGT	0.306012085799161
GGGTTGTTTGGCTCCCGATTTGCCCCCTGTATTGAG	0.00126730282968952
ACAATAATAAAGTATTCTTGCTATTGTATCTAGTAC	0.276350815881257
CACTATATACTCCATCGTTTCTCGGTTCGTCTGGCA	0.154375235015182
CCGAACTATAATGATAAGTCAGCTGACCGGGAATGT	0.279114646461583
GAGTAATGGCGTAACGCGGGCGTATATTCATCCTTC	0.266038435245539
TTCGTATCTGATGGTAATTGACCCTCGACCCAGATT	1.72736544240361
CTAAATCGCCCCCTAACTAATTTGTATCATCAGAAG	0.977278191403939
TGGAGTAATACTTAATCGGCTTAGATAGGAAAAATG	0.265074771217437
TTTAACTTTAATAGCCGCGAATTCGATCCGGACTCT	0.0163923555723541
GAGTGGATAGACACCTCGCGCCGCACGACAAGATGG	0.018130450593972
CTGCAGATGTCATGTAACTACCCATGCGGGTCAGCG	0.105310596441245
CTTGTTTCCAGTGATGAATTAGCGATGTGACGACCA	0.555046749986688
GTATGAAGAAGTCACTAATACCTATTCTACGCAACA	0.0644461847190495
GTCAATCGCATCTTTCGAACTGATGAGGCCAGGGAT	0.040931096598508
TTGGATTATGGTGGTTCTTGTTATGTTAAATAATCA	0.207556025080223
GTCCTGTAATCTATTATATTTCTGGCAGTCTCGTCT	0.680442854304516
GCCGACTAATTGAGTTACAGCTACCAAACCCCGACC	3.09097879720927
CACCAGAGAAGATTAAGTACGATGTACGGCCTCTGT	0.0257828240435679
TAATGCCGCGATGATTAGCCTTGTCCGGCTATACGC	0.320211499129646
GACAATTCCTTCTGAAAATTATGGTGTCCTAGGATA	0.0504772600522733
CAGCGGATTGTCATCTAATCACATATCCAACAATTT	0.373038299868456
TCGAGGCTTGTGAGTAGTGTAGGATGCAAATTGGAG	0.0620816378528378
AAGATCAGTGCTCCTTTCTCGTTATCAGGTTTATAT	0.0126135143328066
TCACTGTAAAAACTGACTGACTAAGTGGGTACCTTC	0.359044140454362
GGGTTTATTACCCCCCAACCATGTCGTCGGTATGAC	0.415603883840025
CTACGTGCAAATTCGTCAGCTGCAGCACTTCGCCGC	0.00606322556751612
AGGCTTGTATCACATTTACTTCATGGTTGTCACGCA	0.0225199714217857
CACTCTTTAACTAGCCCTGTCGAACTAAGCCTTTTG	0.107129029492818
GTTTTATGTAAACTAGACGTGTCGTCGTAATTGATA	0.783506708000716
ATGGAATCATTAGTAGTTGATATTAAGAGGATGGAC	0.778748336525766
ATACGACTATACTACATGCTTCGTCTGAAATCACCG	0.0710321142829008
CGTAAACAACGTAATCCATTCGATAGCTAGACACGC	0.111757100357946
TTCCAGAGTTTCATTACCAATCGTTATATCTTAAAA	0.0186500659327736
CCATCTCATTCTCATCAGCTCTCCGCTTAGAGACAT	0.120167181623182
ACTCGTAGTGACTATCTCTATCGATGGAATAGATCC	0.0720404902794792
GAACTAACCGATTGAGGTCCGACTACAATACATTTG	0.277612894029089
TTATTTACTCCTTAATTAAGAGGGACCCTTACTTCA	2.60736030221981
TAGCTGACGTGCACACTATTCCATTACGGCAGTCTT	0.00547111868216133
GGATAATACAAGTACGTCTCCGGCTGGGGTCATAAA	0.379723623924754
GACTACGGCGATTAGACGTACCCGGATTTAAATGGT	0.176981471133299
CCACTTACAGCATCAGCTCAAATTATGGATGATAAA	0.260845117366703
GAGCTGCTCCTACTACACTGGATGCACCGTTGGTGT	0.0503058674919856
GGTGCCTGGTTAGACTTATCCCTAAGTCTGTCCTGA	0.106956688087384
GTATGTAATGGTGTCTGAGATCCACGATACGGACCT	0.24997394376227
AGGGAAGGTATGGGGCTAAGGTCAGTGTTGATTCGA	0.0438761731299311
ACGCGAAGGCTGACTTAATGGGTGGTTTCCGCTTCC	0.182627927258986
AGAACCGAGTTGTTAATGACATAGATTCAAAGGACA	0.398821952588612
ATGCCTACATCTTATGCCGGTTTATCGGTCTCGTCG	0.000555235751603952
GTGCGACCATTAACTCACGGGATTTTTAATATATTC	0.410948663581444
AGGGCGCCTAGCGAAGGTCAATTAGTCCCTCAGTTG	1.05571421284484
CCAGACAGGATTAGCCACGTGACATTCATTGCTATA	0.0635803922230176
GAACGGTGGGGTTATTAACTGCCCGTTATAGCTAGG	0.55209368563345
AGCACTCTAGGTTATCGTGCGTCTTTATATCCTCTC	0.0415989242107648
CCAGTTCCTACTCGCTAGAGACTCGCAGGTAATTAG	0.821769055236652
GCATTGTATTTTGCGCGGAGACTAATTTCCACTGTA	0.454191558876911
AACACTGTATTACTGCAAGTCGGGTCATTTACTTTT	0.20970516743929
CAGTCGGCATCTAAATTAGTCGTTCTTACAAATACC	0.975914607503268
CTACCTAATCGACAGAGGATCGATGAGGTGGTCGTT	0.956695615529764
ATGACGAATATGTATCAACGTGATGCAGCCTGTGTG	0.101222218392957
ATCGGGATTATGATAATTGGCGATCATGGCACGTCG	1.99025369860573
GACTCAACTAGCTTTCGGAATGATGCATCCAACTCT	0.0671979370400655
CATACTTCTATTATCTGGCTACAAATGCGCAGTGAA	0.181999943729842
AATGGACCAGTCACGGTAATTTTATGTTATGTATGG	0.15624168767825
AGGGCGTGATTTGCAGCGGGGCCGCTAAGTGGCTTG	0.353921690135139
GTTGGTCTTCGATTGAAGACTAACCTGATTTCATGT	0.00400939178843988
GATTTACCACAAGTACACAGGATTGTCCGGAGTAGG	0.0643710476289256
AATATTAATCATAGGAGGCTTAATAAGCCTTACGCC	1.45896537060893
GTCGTCCCAGTCGTTACAAATTGTTTGCATTGGAGG	0.178561736495045
AGACCAACCGTCAGCGTTCGAATCATATGGGTATTC	0.00153272105022675
TCCGTTACTACGGTCACTTAGCAACTCGTTCTATCC	0.328889029215643
GGAATTCAACCGCGACTTTGAAACCTAAATTATACG	0.102457556007131
GTTACTAATTTAATGCCATTCATCGAACGCTACAGT	2.07151171018592
CCTGACGCGCTCAACAGCCTCATCAGTCAGGATAAT	0.0121703607118715
CCGTGACTATTTTCATGTGTCGCTGCTCTAATTTTG	0.233015281904345
CCCCGGTGCTATTTATGCATGAGTTAGATCATCCTC	0.0929213027340968
CAAAATTAAGTTCACCACTGCTCCCCACAACCGCCG	0.142100898038739
TGCACATGAGTACGTTATACGGTGCCTGAAATTGCG	0.0115942499893949
GGCACCTCACCACGTTGCACTGGGGTGGGGCTAGAT	0.000639263476967066
TAATGGCACCCGTATCGGCTAATAATGGTCCACTTG	0.169573713348803
GCGGCGATCACATATATGGGCAATTACAACACATAC	0.515893021455063
AACCCTTGCAGCATTACATCGTTATAAAGGGTAGGC	0.048733161608243
GGAATCATCGTGTTGGCAATTTTTCTAACCGATCCT	0.208780060230619
GTCTACGTGGGTCCTATCTCCTTTGTCAGGTGGGTG	0.0486660032743059
CCTATTTATCGGCTGACGATCTCCGAAAGTGAGCGT	0.0313482551638218
GATATGACAGGAATCGGGACCGTAAAGTCACTTAAT	0.0796128190272472
AATATTGTTGGGATTGGTTCTTATCGTGAGGATTCT	0.0582215386700572
GGACGTGTAAACTATGTAATTGGTTCCCCGGTGTTG	1.61206398062182
ATGTATCGACTACGAAATGTTCCACCCCGTAATGCT	0.0758350716420592
GGACATTCAACGCACAGTGGACCCTCCGGATATCCC	0.0806659252552396
ACGCGGATGTACTCTGCATTAAAACGTTAACTAGGT	0.246561016284609
CGTCTCACGTCTAATTGCGACTGTTAGGCCTACAAT	0.911656503244832
ATAAAATTCTGGACTCTAAGTAATAATTTGCAATGC	0.149687688297094
TACCAGTGGCCATGAGTAATAAGATGAGCACCCAGG	0.0096048757046433
GGAATAGATCCAGGACCACTTTATTCCTTTTGCTTG	0.144053752360122
TTGGAATGATTGATATCTGTTGCATCCCAGCGATGG	0.0157446052269704
ATCATCATCTCAGCGTATATACTACCGCGCAGCCCC	0.0792052796784124
GCCTGAGAAGGCAATTAGATGACCCTCCTTTAGAGG	0.851097293579195
GCGTTAAATCGACCTCGTACAACCATTTTGGAGGGG	0.151206914692238
CAACTGTTGTTGTATGATTGGGGAATCAGTGGGCGT	0.30581732361811
ACTGAATGCTTTGTTCATCCGAATGGCGAAATTACT	0.0839467980906369
TGTCCCAATTCCCCTTAATGTCATGAATGTAATGAG	0.483918294885456
AACTAGTACCTTAGTATCGGTGTCAGACTAATGTAA	0.0239163625612623
TTAACTAAGCTTCCTGGTACATTAATATGTTAATAG	0.455218879546733
TGATTAGCTCGTAAATCCATTAGCGAGTACGGCTTC	0.654387690699142
AGCTATTGTTATCCACGAGCGCATGGCAAAGGAGCA	0.0216715817976912
GAGAGCCTCATTCGTTTATCTTGCGCAGTTACCTTA	0.292734082071388
ATCTGTCCCCGTGCTAATGGTGGCGTAGGAACGCCG	0.118277248822281
CACGGCATTCCTACCATTTCTATTGCCATCTTTGTT	0.0250608954754158
GATCTTGACTACTGTCATGGAGCGCCCAGCGTGAGT	0.0351255669968335
AGTCCGAATGATTCTCGGTCAGTTAATAAACCGATT	0.366036777337832
ACGTTAATGGCTTGAATCGTATGCACATTGACTAGA	0.599779630898426
CCGATATAGTTTACTGCTATTGCGGAACTGTCCTTC	0.0711576743776022
CCTAACTTAATCGAGAACAAGAGCCTGGGCACTACT	0.228098468725646
CGTGGAGTACTTTAATCGAAGCATCTCCCGAGGCGT	0.2974181371333
TCATGACACATATTCACGTGACGCGATGGTGTTAAC	0.0313574213069305
CAGAATTGATTGGACCACACCTTCTCCGGAGGACAG	0.273737099681735
ACCGCAACAGCCATATGCCCTATCTCAATTTCATCG	0.0531221678526982
ACTCCTTTCGGGTGGGGTGAGGAATATCTCCCATAT	0.106375675145677
GACATCGTTAACCCACGCAGTTTACATCAAGACCCT	0.393218430337406
CGACGATACATGGATTCTTCACTCACATCGCAGTCG	0.0410180770807521
GGATGTACGCGTCACACAGAGAAATTCATACATCCC	0.0181040997027417
ATAAATTAGCCACTCAGGCTACACAAAGCGCTGAAA	0.188905530702177
ATGCTGTACACCACGCTGATGCCATCTAAACGAGCG	0.0282813162394833
TTCTGCGTCTTATCGGTTCATAATTAGCCATAGTTA	1.41119065598456
CCGATCATTACCCAGAGTCTGACCACTTTTGGATAT	0.537740111721331
CTCGAGCTTAATAATTTCACCCCCCCTATTTACGCC	0.429200976994768
TATAATATTATGGGGATGATTTCCACGCTAATTGGG	2.35675547755695
CGAAACGGCTACGCGCCTTCATTACGATACGGCTTC	0.0290062373902649
CTACAATTACGCAGCCGAATATGAGTCTCGACGCAC	0.227598840887575
GGTGTTATGATAGCGTCATCACTAGGGTGCCTTATG	0.172473300978563
AACGAAATATTAGTTGTACTGGCCGACCGCATAGGG	0.0643761506268514
AAAATCGGTTCACTTAGGGACAACCCCGTATCGCAG	0.0254769929533694
GGAATCTAGGAGGATCACGAATTTTCATGCCAGTTT	0.0291983235934501
CCGTTGCCTACGAATCCGCCACTTAGATCTACACAG	0.0472178643871819
ATACTCATGGTCTGTAATCCGGGTGCGATGAGGGTC	0.129961411845381
GTACAATACCTGGGTTCAGATTTAGCGCAAGTGGGC	0.0501602150606216
ACGGGCGAATTAAAGCTTTAACGGTGTCCGTTATTG	0.857911575919666
GCAATCGCTAAATACTCGAGTGTAGAGCGTATGACC	0.0402448308789024
GAAATTCCGTGGAGGTGGTATAATACATATAGTATC	0.0689852381817471
TCAACATCGAACGTATGCATCTTATTGCGTCGATTT	0.0426253290923549
GAGATTCCATTAGTTAGCTTTTCACTTCATCGCGAC	0.626299612329032
ACATACCTGACTCCTAGTCACACCACCGAGTTTGAT	0.0485595892088088
TTCTCAGTGCAATTACTGCAGCAGTAGGCAAGAGTC	0.472095869096426
GAACTCACTGAAGGTTGGGTGTGTTCAAATCGTACC	0.0270339600669183
TTCGCTGCGATGTCGTCATTACCGACTGTACCAACG	0.0248736453092015
ACGAGTGAAATTATCCAGACAACCTCCTGCCGTTCC	0.0973020253637747
AATTTACGCAAATCCAATGTTAGCATAGGTTAGCAT	0.0518134136626347
CCCGGCAGTATCATCAATCGAATGCCGTTTGCGTCC	0.023445328537849
GACACTACAATCCCGTTAAAGTGCCTGAGGGGCATG	0.276409302591058
GCGTATGGCTTCACTGCTAATAAAAGTGATTCTTAG	0.0860463771490302
AGTGATAATAATTTTTGGATCACTTGACGTATGAAT	0.201664176332389
ACCAAATGCGACCAATTTCTAGGGTGGGCCCCAGCC	0.0351047594106948
GTATCTAGTACGATCAGTTATTGCGTTCTAGCTGAC	0.13543800058801
GCAGCTACTGATAGTCCTGGTGGACTTGCACCGCAT	0.017619308342143
CTTCAGCACTCCTGATAGCCAATTGAAGGTTTCGTT	0.103883132500539
CGACGCTCCTTAATGGGATTGCACTGCGCAGGTAGT	0.74878093661802
ATACGTCCAACAGACGCGCCAGTAACGAGGGGCTAC	0.147147838870732
GGTGAAATCCGTCCTAATTTCCTAGTCTCTGCAATC	0.625094522852645
GAATTTTATGAGCGAAACGGTATGTTGACTAATCCG	0.318059523593619
GATGTGGGCACGCATTGATGCCGATGTATCGTCATC	0.029921617805702
GCATGACGCACGCAACATTATCACGCTTATACCTGC	0.10135208988153
CATTAAACAGCAGCCCGAAGTAATTGAGCGACGCTG	0.949740885671201
AATTGCCTTTAGGTCGCATTCGTACTGTTGTTAATA	0.0120999986312523
AGAATCCTTTCTTGCCATGCAGATGTGCGTCTATTA	0.0397212238128377
CATAAATTCATTTATGAGAGCCACACGACGACCTGA	0.303989811616819
CGTAGGGCAGGTACACTATTAGATGGACCCGTGGTT	0.0043178545054149
CTATATTCGTCAAATGTTAACCACTTCCGCCAGTGA	0.0885373984307491
CCCAAAATACGATGAATTATTAGATTCACATTACGC	0.576004055409497
AGTTCGTAGCACCGTATCCTTTTGCCACTATATACT	0.0606025531148534
GGTGCGCCACAGTGGATGGAATGTATTGGTTAGTGA	0.0300241729536978
CCGCATCTATTTGGTACTGGAAGGGTTCGCGATAAT	0.13650950597378
ATCACGTCGTTGTCGGTTCTTGCCCGCGGCTAATAT	0.175868786727193
CAGTAAATGGACAAATACCGTCGACTCTATCTCGGT	0.11840529537349
CTGCATCATTTGTCGTCCACTTAGCGGAGGTGGGTT	0.769569803379235
GGTTGGTCATGCATGATATATGGGTTTAGGCCACTA	0.136976033677272
TCTCTTAATAGATCCTTTCTGATTTGGGAGGAAGTA	0.357658013654554
AAAGCCCTAATCATCGGTAAACGTGTCCTTTCGGAA	0.682462484967932
GGTGACAGTATAATTAAAAGTCTTGTGAATCCGTGG	1.39866464598522
CCAATGATAAACACCAGTTCGCGGTTACCCTTGTGC	0.0259979160524362
GGTGTTCATGAAATCATCACGAGCACTTAACAGTCG	0.151433086905917
GGGCAAATCTAAGCACTAATTGAAAATAGGATAGAT	1.38494070262786
GCACACTGTTAGTCAGACGTGAAGACTATAAGATTC	0.0322763709636886
ACGAGGGTTAAAAACATGCAAGATGCATTAGTATGA	0.0233450518159611
GTCACTGAGCTTCTTCTTATTAAAAAGTAGGACCCA	0.0186629921230817
AGCCTATTTACACACCTGGCGTTCCCCCGGAGGCTA	0.0270346208158262
GGAAGTCTCGCCGGGTGGTGTCGATGCAGTAGATTG	0.00584925164944918
CTGGTCACCGGAGGCCTAGCGTTAAGTGGGTCTTCA	0.023032418186631
CTTTTCAGCAAGTATTACGCTTGTTACTAGTGACCG	0.0179965347195496
TAGCGTTCTAAATGGGGCAGGCGCTAAGTATCTCCT	0.10981143248787
CCCCCTGATTAGGACGCTGCCACGATCTGTCTGACA	0.640585372373778
TACAAATTCCTTCATCCGTTCATTAGCAGGACGAGG	0.510873750236439
GGTTACATGCGCGGGGAAATGACGGCGTCCATTGAG	0.027622466249402
GTAATAAGTGTCAGATCCCATGCTAGGCGTAGGCAA	0.0614280618782818
CCACTATACATCCCTGTGATGGGATTTGACGAACGA	0.0227279183620909
CATGAGATTAGCGCCCTTTGAAGTTTGATCAGATAA	0.00625118111899798
GCCCATGACTCGTATTCGGATGAGTTAACTCGATAG	0.183942306667958
TGGTTCATACATATTATAAAGGTCGACAGAGTGCTC	0.00184597967045331
AGCCTTTAATCGTCTAGACCCCAACCCGCATCAGAG	0.0581561226366576
GGTACTCTTAACAGCAGTACGGTAGCAACACGCGAA	0.000990454922807076
GGAAAAATCATCTCCTGCCTATCATCACTATAACCA	0.17780684513258
AATCCGTAATGTCGTTTCGTCGGAGATGCCGTTTTT	0.149471483743352
CCTTCATCCTCCTTGTTGCGCACATCTAATCGGTAC	0.185600266666814
AGTCGGTACCATAATTGGGCGCAGCATCCAGTATTG	2.28009125510798
TCGAGACCTCAGAGTGGGGTGCCGACCCAGTTAATT	0.120614298645175
AAGTCCAATATACGCGATCGTAGGTCGTCAGGATGA	0.0941236366779047
CTTATAACGTCATTAGGAGACACCCACACTCAAGGA	0.601589586546032
AAGTATCACTGACCCGTCCGAACTTGATTTTAATTC	0.0727315649375065
CCATCACACATTTGTACCGTCCGACAAAATAACTGG	0.0798626840810444
CCATGATTGCATGCACTAATCTAAGTCCTGTCGTAT	0.953004014119794
ATTTCAACCGTTACCACTCATTTGAAATGTGATCCA	0.0541529171677587
GTTAGAAGCACGTAATCACAATCTAGGTCAGGTGTT	0.15874597658321
AGGGTGCTGGGTTCAATAAGGGAGCTCCCAAATTGA	0.137257435796825
GGCATCGGAACTTAGATAGTGGGTCTCGTTTGTACA	0.015440403021227
AGCTTAACTACTATGCTGATCGGCGTAAATTTGTCA	0.402252350917266
GCGTTATAGATCTGCAATCTGGAATGTAAGTTCAAA	0.0423281638483645
CCACTATTCTACCACCTTACTAAGCTCACTACCCAA	0.0465254301643728
TCGGCTGGTAACCATGATTCACGAGATTACCAATTC	0.0142366399728634
TTACCAATTAGGTGCGGTATAATCGATCCCCAACAA	2.15538935421595
CTGGCAATTTGCTCTCCGGACGTGAGAAGGTCATCT	0.0231565046000054
TTAGGGGCGTTTATCTATATTTGCTAATGATAACGA	0.607251059705216
ATGGGTCTGTTATTATCTAAAGTACCTTCGGCTCAC	0.219494058349473
GACGACTAAGGGGCCGATGATGGGACCGTTATCTCC	0.0488313529333389
TAGGGCAAATTATTTTAATATGAAGGGGAATTTTTA	1.10575735113783
GGACTAGACTCCTACATGAGTTCCATAGGGGTTAAT	0.132299839095665
CGATGGACTTATAGACTAACGAAGGCCTCTTGCAGC	0.137765875898677
ACGTAATAACTGCACCCATACTACAGCCTGTTAGTA	0.402168973901857
GATGGTGTTTCAAGTCTTGGTTTCGGCCGAGATCAG	0.00547152391385831
GGAGCCATTCCGAGCATTTGGTTTGATTACACGAAT	0.131967439488291
GTATGGCTTAGTCCATTATGTGCTGTCCTGACAACG	0.327207407288974
GTTCTGTTAACTGTTCCGAGTTCGAGCTTACCGGAG	0.0603621830140574
CGTATCGATAGACATATCAGAAAGGGTTACAATTGG	0.0526352308875231
GGACATATACACACGAAACGTTAAACGACGCACGAT	0.3485687199181
GATTCTCAAGATTGGTAATAAGGCTCCACAGCTCGC	0.517094541503874
GGTGATGTTGCGTTAACAGTAGGTGACCCCCGGTTG	0.0997533704551894
CGCCTATTACGGTGGAAACACTTTAACGACTGGATG	0.294812971691682
ACAGCACTACAATATTAAGATAGCCTAGTCTAGCGG	0.0993099445551583
GAGTGTGGACCGGGTTGCTAGATTAAAACCACGCTC	0.00118612004638311
CGTGTGGATACTCCTAACTATAGTTTGCCACTTGCG	0.0400218117394447
GCTGCCTTATACACGAATCAGCGGTGCCCGTAGCTG	0.0400058938959184
TGCCTCGGCGCATTAAGAGGCCAATATGCTGTCGTA	0.165600046773864
ATTCCGCTCTGTACCCGCTATAACTGCTGTTCCGTG	0.00215534565677843
CGGAATGGAGTAATTAGGGTTTGGACGTCTATTGGG	2.08215382090045
GTTGTTGAGATGTGTAATTGTATCATACCTAGGCCT	0.38966178048597
TCACTAATAATCGAGCAACAGGCACCGCAGTGAAGA	0.534885855801447
TCTAAGTGCCTCTAATATGGGGCTCGAAAAACTGCA	0.305936210277058
GTACCTAGTGACATTACAAAGATCATATTACTCAAT	0.0965439581032919
TGTAATTGATCTCCGTATCTGCAGGGGCAAGGAAGT	0.779950673040559
GAACAATTATCAAAAACACACTCCGTCGTACTTCGC	0.945601596711555
GCATCGATTTATGACTATAGTGAGCAGAAAGTTTCT	0.233679907084618
GGTATTCAGGTCTGTTAGCGCGGATAGCTTAGGATA	0.111477243253949
GATGCACACCAATTTATCTGGCCTGTCGTTCGGCCC	0.606334931109798
GGTTCACGCTGTCTTATTGCTCTATGTATTGGCATC	0.208106381227124
GGACCTTGAACCTGGCAGATGTTACATATACAGCAT	0.00964926363783259
CCAACACCTACTACGATGATCTAAGTAGTGGTTATT	0.176301683572192
GCGTGCACTTGGGACGGAGTATAACTACTTAATGAG	0.635149410975529
GCCATTAGTGCCGCAAATATCTCGCTAATTATGACC	1.7288694549929
ACAGTGTTTTCATTATCGGTCCGCAAAGGGGCCACT	0.201407797977838
CTGTATCTGATTACGTGTCACTGCATCAATACTCTC	0.621184861836738
AATATAATCTGACAGGGAGGTTTGTTCTACAACTTT	0.144696473550693
AGAAGTGCTGCATGATCGTAACCACTGAGCTGTCCG	0.078181549087679
TGCCATACGGTAGTGCATATACATGATTCCACTATA	0.029549018251765
CGTCTTAAAGCTGGTTTCCAATTTGTCGCCTGCTAC	0.0386082560752888
GTTAGGGCCACAATGCATTAACCGCCATTTTGAGTT	0.160264282953329
TACATGTTTGGTACGCGACATCATTTACATAAACGT	0.0215271502320934
AATAGCTGGCTTGCACCTGATTTGCGTCGACAAAGG	0.0146013446350976
CAGTAGATGTCCATCTATCTGTATTAATTAAAAAAG	0.708478892932192
CCCGTAATTTCCCCGTTATGTCTGCAATTCTTTCGT	0.334938743845691
GCGTCAACTGTATACTTCTGCGCAAGTCCATCATTA	0.145927375640111
GTATAGGATCTCTTGCGCTATTTAGCCAGACCATGT	0.166083595457999
ATAGCTCAAGTAACAGACCTTTATGAGTACCTATTA	0.119624134001187
CGTATTTAGATATATACTTCGCCGAGCCACTCGGAT	0.0261892375040521
GACTTGTTCCCCCAATCTTACCGCGCGAAAGACCTG	0.0656231130729355
TGTAAGCTAGTTATGTGATGATTGACGGAATGGCCT	0.467855642695636
CGCTGTCTTTGGTTACCATTCCAACCGCTTACATAG	0.0265641820503559
CTATAATAGCAGGATTAGATGTCGGTCACATCGGTA	0.144461694178174
GTTCAGTCCGTTATCCACTGATCAAAGGTTGCTTCT	0.0578318199832919
GCGAATTTTATTGATCCATCGAAGGTGGTGCATGTT	0.403046927658985
GAGGCTGATTAAGCGGAACGATACCGATAGTTCATG	0.989251436944117
GACCCTTTTCACGTACTCAGTATTAAGTTGTTTCTC	0.0994690962359251
GTGTCTCACTTCAGGGCTGAAAGTCCGTAATTACGG	0.395300774767394
GCTCAATCACCGTCCACAGACCTCTGCGACGGCGTC	0.0552416271017127
CCTTTGCTACTAAGCACTGTAATGACATTTCGCGAG	0.135603287853511
GAAGTTAATGTATCCGCTTACGGAGCACCCACTATG	0.536284360867735
CAACTTGGATTAACACTACCATGTTTCGTGATGTTT	0.219405793772578
GGTGTTCATTGGGAAAACATCGTACAGCATGGGCAA	0.0522466750115809
CTAACGCAGACCAATATCCCTCTAATGGGGACTGAG	0.406512043205237
GGAAGTATCACCCTGATGGCCCCTTCCAGATGGTAA	0.22465754659755
AGAGGATATTAATCCCGACCGCCTCTGGCCTATTAT	0.257382363290899
CTTGTAATTTTGTACTAATCAAGTCTTACAAGTGTC	1.0852654810849
GTGCTGATAACCTATGAACAGCGACTGTATAAATCG	0.114812006771609
CCTCATTACCACCTAAGAAATTACCCCCTTTGAGTT	0.486014726257368
TCTTTACATAGATATAATTCGTATAGCTCCCAGACC	0.241028497121276
TGTTTAGTATGATCTACTATAACCCTGCTACCCATC	0.00302130663552758
CAATTCGCGTGCATGTGACGATGTACCTAACGTATC	0.00699164856854208
GGGGCTAAATTCGCCTGTCGCGCGAGTACGCAGGTC	0.03189457403833
GCCGAGTTGCCCCATCATTTCATAGTTGATGCGCTT	0.0443815325767066
CAGTAGTGGCTGCTAAGCGCATTAGACTCAACTTTA	0.0112378956591861
TGTTCATTAGAGAATAGTGGGTACTAAGTCTATTTT	0.282394526677301
AATTATCCTAACTCGTCCAACTCGTTTATAATGAAA	0.141065917980139
ACACTACCGTACTTGTCGTTTAGGAGGGCCTACGAA	0.0770831592360843
GCCACTCGGGAATTTTCTAATAGACGTGATGTGTAG	0.107726103799456
GAACTAGATCGCCTAACGTGATTCCCCCCCGTCGAG	0.111938405925487
TAGTTAATGTGAGGTTTGACCTTATGTTGAAGTTCG	0.19266882750792
GAAGAATCGGTTATCTGGTCCATCCGCCCGAGACTT	0.103785659078281
GGAAGGTATCTTTTAAGGGGTCCACAATACCAGCCT	0.0344166039866494
TATTTGCGAGTTCTACTAATAATAAGAGCAGAGAGG	0.103648011081277
TATTTGGGGAAAGGAGAAAAGGTAGGTGATTAAGTT	0.00799628296512123
TTACTTCGTAATTCGTAGGATAACGAGGGTTCGGGT	0.499080210142161
AGATAGATTTCGTTGTGCTATGTGTTAATTGATCAA	1.75374219383716
GATAATTATAAAGAAGCCTATAGATGCTTCTTGCCT	0.575971080129142
TCCACGAGTAACATTATATCGACGTAATAGCCACAG	0.124845967828115
AGTACAATAGTTGCTACTATTACTAGCAAGACGTAA	0.00376098902219872
GGCTTGCATTGTTGGGCCCACGTGTTGATTGTCTAA	0.00799103485362247
ACATTGGGTTACTCACTGCATTTTACTTATCCAGTT	0.114168926401761
CCCGGGAGGATTTTTTAATTAGCGTCGTCCGAGCAT	1.67407719248977
CTGTGCTATACTGACCGAGTACATTAGCCGCGGCTT	0.110147434641961
GCATATACTCGAAGGTGCGTAGAGCTACCCATTGGG	0.000979146103186912
CAAGCCAATCATGGATAAACAAATCCAGCTGACTAT	0.237136285656936
GGATAGATTACCATGGAGTCTAGACCGACCTGCACA	0.536553588364963
CCTTCCTCTAATTCGGCTGCTGCTTGACTGTCGCCT	0.881526097803416
GACGAGGTGCCACAGTTCATTACTAGCCGAGGTTTA	0.168913624508631
GACATTGCCTCTCCTGAATGATCTTGTCCCTCAAGT	0.089460660750296
GTCCAGCCGACGCTTAAGTGTATATCACATGAACGC	0.00609249562062225
TGGAAATTACGCGGTTGATGGTCATAAGATAATGCA	0.171932522576704
GTGTCAATGCTACAGAACGCAGTATATCGGCTACCG	0.00265197824281611
CCAAGATTAATTCAGACCGATGCTGAGAGAGAGAGG	0.334363543006857
CGGCCATCGTATCCATCGATTTGACTACAGAGATTA	0.00997772667222236
GCATACAACTTCTGCTCCCGTTGCTTAACTGATACC	0.10861227829218
ATGACTGCTTGCCTCCTTTAATCCGAGGCATCCAGC	0.0123103005280997
GGACACGCATAGGGATTCTATTACCCAGCACTATAG	0.143807175201484
TTCCTGCTTCCGTAATTTATTTCGTTTGCGCTACCG	0.257197695723843
AGCATATCGTACATGATTATGTACTTAGTAACGAGT	0.586805278857411
CTACATGTATTGATCGGTCCCTAATTCAACATGCGG	1.10776895749262
GGAACCAATATCATCTACAAGGACGAGTCTCGCGGC	0.282077059503376
CTATTTTATTGGAGGCCCTAACTAAACATTTTGAAT	0.129631532304885
AGTGAAGAGCTGGATCCCAATCAATCGGACACCCGC	0.054689823636351
GAAGTTTTCCAATACGTGTGTCGAATTACCGTACGA	0.49228873564192
GTGTGGGTTGAGACCTATTGCTAACCCTGCACAATT	0.00107598191629159
CTACCACTTGTAGCGATACAATGTTGGATGCTACCT	0.0625329082119491
GCAGTACCCTCAATAACATGTGTGTGCTCGCTCCCC	0.1287620171424
GGACGACCATTGGAGGCATCGTATTAATTCGGGTCG	0.461284771207839
AGTCTGATTACCGACGAACCCCCCTATGTTACCGCC	0.551061814411999
TATCTCATAGACTTATTGGACGGGCTCGGTCAGAGC	0.0348666631287808
ATTGCGTACTGTAATTTCAGCGGCCACTTGTGAATT	0.0628437556135746
TCCATCGCATTTGAATCGTCCATTAAATGGGCCTCG	0.139543188450004
GCAGGCTATAATCCTTATAGACACCAATAAGCACAA	0.0895986620552675
AATGCGTCTAATTTTAGGGGATAACTAGCACGTTCA	0.699173498935209
GATCCGTTAAACTCGCTTGCGTGTCCACGTTCATTG	0.128376449268495
GTCACCGATATGCAAGGCGGCACACATAATAAGCTG	0.175471976104683
GCTAAAGGTGTGCTAGTTAACCACCAGGTTCCGTCC	0.220102513795
CAAGTTAGTTGGCTGGTCTATTTAGAATCGGGTCGC	0.0659893162082688
TCGATGTAGTCTATATGGAATCACATCGGGGTGTGT	0.0146959861210597
GGAAGTAATGGCTCGGGTCCGGTCCCGCGGTAAGTT	0.313644821340517
ACGCATTGGCTAGTCGCTTACGAGTATAAATCATTG	0.0482718889446945
CTTTCATTCTCCACATTGGACTTAATAGACGGAGCC	0.252545641600043
AGCTAATCGATCGAACGGAGTCACGGTGTAAGCAGG	1.16457465957602
GTAGCTTAAGTTGTAGAGTTACAAATATGGCCCGTT	0.0646604565650107
GTTAATCGATACAAAATTCTTCACGTGTTGCCCAAA	0.62324115623436
ACACCTCGGACCCATTAAATTAATGGCCCTCTGATA	1.17005628351791
GTGTTGCTATCTCTGCATTGTTTAATGAAGGTAACT	0.334310401782567
CCGGCACCCTTAATATTGTGTCCGAACATCTTTGCT	0.0458994720235195
TGAAATAGAGATAACGAGTACCGTGCTAGTAATGCA	0.164875264117994
GTGTGCTAAGTAGGTCACTAAGTCCGGGAGTGATGA	0.563287329018032
GCATATACGTAGTTGAGCAAGTCTAGGCGGGTCTAG	0.0353977227453726
GATGTGCATTCATACGTTTCGTAGTCGACCACATAC	0.111364689967709
ACTTCTTATTGTTTCATCGGTAGTGCGATACTAGGA	0.0677232863829252
GGTTAGTATCGAACAAGGCCTTCAACGGGGCATTTG	0.00744034341043252
AGAAAAATTCGTTAATTGGCACTCGAATAAGACAGG	1.89156513526485
CCAAGTATTCCTATTAAGATTTAACTGCCTCAACCA	0.433838122800713
CAGGGATAACCGTATATGACTACCGTATAACGTGGT	0.0193133313173436
GGACAGGTTTTCGAGTACGTAAATCGTCCCATACGG	0.1145296681598
GGACCTATTTGTACTAGAGTCATATTTATGACACGC	0.314092883254662
AAATCTACTTCCGAGCAAGGTAATCGAGCCGTGCTC	0.0405916943395183
GTTGATAATTTGATATTTGGACTTCAGCGATCTAAC	0.751879837004662
GAATCGTGGAGCCTAGTTTGACGCGGGCTAATCCGG	0.155417241749762
GCGTATTCATTGCGGCGGTTAGTTATACGTGCGTAC	0.114724323320551
GGTACGCGAAGCTTGTAACGAGCCATGGTCGTCCAG	0.121783611299342
ATAGGGATTGGCGCTCTCATTCGATATTCGCCCTCG	0.00146072213171338
GATACGGACGGCTACGAATTAGCTTTGGACGCATAC	0.480235754008132
TACACAGTGGAATTCGAGCATGATAATCATACCGAT	0.0213484070130291
GCCGCACTGTAGCAGTCCCCCATAATTAGGCCAGGC	1.3173697662015
TCGGACTGCGTTTAGGACTTATAATGACGCTAACTG	0.125026437448516
ACATTGCAATATATTTCCTGCGCCAGCCCTGCTGTC	0.0512384481014045
CTCCGCACCGGGTTAATAATCGCATGTAACGCGGTT	0.264879851112288
ACGTACTAAATCGTACACTATCTCTGAGCCCGTAAA	0.00934954164831251
GAATAGGTCATCATTATCCCCTAATGCATTGGAACA	1.13262758339071
GGTCCCAATCCTTCTACGTCTATGTCCTTGTCGCTG	0.0685342811764431
ATGCCTACCGGACTACTCAATTCGCTTTAATAATAT	0.190681852257916
CCAGTAAATGTGTGTCTTCCAATTCAGACAAGCCAT	0.108294700871626
AGGCTGCACGACTAACCAAATAGGGCGGGTCAACAC	0.0477128260242145
AACCTAACTGCTATCTCGATGAGGATTGTCTCCTTC	0.117441046751145
ACAACCATGTGTGAACTGTGCTCAGGCTAAGTGTCG	0.124409691230778
GGATTATGCTCCTTACAGGTGGACCGAGCCGCACAA	0.154271292561689
AATAGGTAATGGCGGGGTCAGCGCAAGGCGGAGTGG	0.0327480086500935
TGAGCGCAGCTTTAGACTAATTAAACTAGCACAAAG	1.5872874958592
GGACGCTGTAACTCGGAAACCCAAGCCTGCATGTTA	0.0235861545378797
CCGCAGGGTAGAACGCCAAAGTATGCTAATGGGAAT	0.0857868769634164
GTGTTAATAGTACACGACGTCGAGACCTTTCTTCGT	0.229882429261756
CCAGGCATGATGTCATTTCCCTGGACGTCTCCCACT	0.0279426130717794
GCTCAGGAAGTAGGGGTATTTGATTTGTCCACAGAA	0.0512450744498428
GAAACTTTATTCGGGGCCCCTGCTATCTGTCGATGA	0.0208305417577251
CTGGGCACAGCTCTCAGAGTAATTATAACAGGCACA	0.330691589647621
AAACGCGCGTCGCGGGACATAATGAGAACCTCAAAA	0.0100229032142799
GTGTACCTATCCAATACAGGTAATTCAACGACGTAA	0.430037118212988
ACCTCAGCATTGATGGATCCCTGTCTCATAGCGTTC	0.0625308942544961
GTGAACTGATAGTTGACTCGTACAGCTGTTAGAGTG	0.0529440572972453
GGCTTTTAGACTTAAAAACTAATCGAGGGACTTCTG	0.226940414398762
TGTATCGTCCCTAGTTATTTTCTGGAGGGCCATTAC	0.11947673841949
TCCCATTTATGATGATGCCTCGGGACAAGTGAATCG	0.00379300092130938
GGAGTATGATCACAGGAAGCCACTGATGGAACTACA	0.144457989388235
TTTTATTGTTGGATAATATGCTACATACAGCGCGAC	0.18505685348237
CTAATGACCCTGCAATATGCGGGAGTGGGGAGGGGA	0.0419281769590388
GACATAATAGTCTAAGGATTAATTATGAATTTAGTG	1.82450277648983
GATGTGGGCTATAGATAATTTACTACACTTAGCCAA	0.681684302453492
AGTCTCCGGGCGGCTATGTCTTGCGATTCAATTAAG	0.345844720289019
TAAAACACAATAAGTTCGATTATCGGAGTAAGGGTG	0.20003511593598
CTATATGTGCATATATTACCCTACAGGTCGGATAGC	0.258063776498271
GAACTCTTGACTGCCATCTGAGTGACAAACGATATC	0.0432859970199021
ACGATATTGTGTATAGTAAACTCAAAGCTGCTCGTT	0.0259886679845528
GGTATTCCAGGCCTGTCAGTCACTAAACAACTTCCT	0.00727606603798253
CTAATCCGATCCAGTATCCATTGGCTTCCTTTCCCC	0.00982915339311959
TAATCCGCGGGGCATCCTGTTAATCGAGGTGTCAAT	0.166920893947173
AATTTGGTAATTTAAACTTCCCTCTATAAATAGTGG	0.537319448094303
CTAGGTTGTTATGGTCCATGTGCGACGAAAAAACGA	0.117763673179796
CGTTATTAGGGGTAACTGTGACATAGTTAGAACACA	0.320120993794905
CAAATGTATTCGAAAGGATTGTGTGGTTAGAGACGG	0.00523068472097549
GGAATCCTATTGCATGTATCAAAACATGGGAGTGCT	0.273216442856653
TGCCCGTATCGTTCGTGATTGAATACAGGATGCGTG	0.0378327770595341
CCTATTATAATAGTGTTTGGCCAACTCCCAGGTCCC	0.228048370538141
AGGTAGTTAGCCTCCCAGGCCTTACATCATGTGCCG	0.0151205057879146
ATCCCCTCTATCTATCAGCCCCGTAACAAGATCTTT	0.00172975013370643
CGTCTATTGGGCACATGTCGTCCTGCCCATATATTT	0.0668343079734873
CCACTTGGCCGATATTAGCGTCAAGGTGGAATTTAC	0.0103188846279815
ACGATTCCCGGTGGATTATCATGCGATCTTAAGTGT	0.122503991760582
GAGATACGTGCTGTGCCTGTGTGCGATCGCTATACC	0.0544275180967588
AGAACGATTACCAGTCTAAGAGGGTCGGTTCTATAA	0.0213380978616536
ATGCTCTTTCGTACCTCATTATCGTCTTCAATAGAC	0.935488112600885
TTTCGATGTATTAGATGATGGAATTGTACCCACAAC	0.0471185089456296
ACCCCTATATATTAGCGAACCACTAGACCGATGACA	0.416591442211153
AACTCCTAAATCGAGCAGGTCTTAACGGCCCAGGAT	0.000983944275127728
CACATTCTGGCATTAGCGCGGCCGAGGTTGGGAGAC	0.119819552321959
CATCGCCCATTTTCCCCGCGATAATGTCTGCGCTTT	0.0244999332797604
AGCGCCAATCACGAGTATCTATAGGACTATTCGGCA	0.0700716791443442
CTTCTCTCATGCAAGCTTAATCTTTGTCGGCTAAGT	0.0344071670405038
GTGGATTCCTGATCCATTACCCTGTCTCGATCAATG	0.19248431822135
TATAGTACCGATTTTACCACTTACCTGTCGTCTTTG	0.0466335279490937
GTCGCAAGACGAGAATTAGTGAGCAATTTTCTGCTA	0.181469483992408
ACCCATATCTTAACGATAATTTCAATTTGACAATCA	0.499487112253402
AGATAATCAATTTTGCCACACGCCTCCCCCCACAAA	0.574848680662479
GGCATAATTGCCTAAGATCTAAAGGCGGCAGCACCT	1.64995164189856
GTATTTGGCTATATCTGTCGTGTCGAGGGGCATTCG	0.168125469556071
AACTCTGCCTAGTTTATGCAAGTCTTCATTAACATC	0.267825517195494
CAGATTGTATGGGGAGTTACAGGGCATTAGCCATTT	0.0835121472841985
CCACTAATTACAAGAGTTAAGACTGGTGATGTTCAT	2.34477722263474
CACTTCCGTTCTATCAATGTCATTTATTCCTAGGTT	0.0834382122834929
ACTGTCTGTGATTTACTGTAGGAGGGGTTAGTTGGA	0.196758439523862
GCTATTTGAGTAAAGGCACAAAACGCGTAATGTGCC	0.0237324566019458
GATGACTTTATTGGCCGCATGTTCCCCTCATTACCA	1.21138396800439
AAACAAGCCCAAGCGTAAGCAAATTATGCCGTGAAG	0.0919145268081969
GAGACTGTAAGTCCCTCGTTTATTCGTGTACCTATC	0.0811059476080019
ATGATGCGTCATTTATGTTCTTGATACTGACTGGAT	0.177207749431937
ATGTGTCTCGTCTTACACTACCGGGTCATTGGTCAG	0.0957893078424959
AAGTGATTATGCGAGACTGTAGCAGATTAGTAGTCC	0.598954192547136
ACTATGTAACACCGCCACCCTAACCATATGTTCACA	0.117890049680059
AACTCCGCTAATACTCAAGGCAGCGTGGCGCCTGTG	0.00374539044672983
GGTATCTCGACTAGATCGTTGCTATTCAGCACGAGA	0.00869705548288073
CTAGCATCGTTCGGCATGACTAATCTCATGCCCCGC	0.0932734143501859
AATCATGTGAACTGGATCGCGCCTGTAGTGATAGGG	0.0556481285070824
TAACACTGATTGGAAGACCTAAACCAACGAGGTTTG	0.0714292086351817
ATCGTAATTGCATCCCTTTTTCCCCCTTATGGAGAG	0.851206190328269
GGATGTCTATCGCTCATTACTCCCCTGTCATCCCCC	0.89267227651523
ATAATCCTCCTAATTCACTGCCAGCAATCATCAGAA	1.02458290736987
TAAATACCTGTTAATTCTCTCGGCATGGTGCTGAGG	0.382434466079983
GAGCTAAACTGTCCCCAGGCCTGGTGAAAAGTAGTT	0.0205506317753248
GGTGGGTAATATACACCACTGTGCCTGGACAGTAAC	0.186772675070483
GTATACTTCCCGCAGATTCGCATGCCGGTCCCGGTT	0.0535534377656779
CCTTAGGTGGTATTCGCTTTGTATCCAGGTGATCAT	0.0295056196945454
AGAACAACAAATCACCGCCTGCACCTCACGCATCAG	0.0450361234762982
CGTCTATTAGATACTGATGGGGAGTACACACGTATG	0.413618473267204
CGAAATCACCTCAGGCGGATTAGAGTAGACAGGCGC	0.154760486743271
ATGCTCAACAGATCTTGCTGTTTATCGCCCTGTATA	0.052169569337625
CAGTGGGTAGTTTGTACTTGTCTCCCTTGTGGAGTG	0.00730401429868742
TCCGACTTATGGAAATGGACTGATTAGACCTTGCCT	0.241622850834696
GAGATAATGTCCTCCGAGCCCCCCCCGACATGGCTT	0.243118116039774
CTGCCGATTATGCCACTCTTCTGAAACCCGATGAGT	0.213742458452274
GCCACGGGAACGCGTAAGACAGACCTATTAGATCTC	0.0190695948784603
TCATTGCGATTTAGCTATTAACCACGACCTTATCTA	0.1163957500792
ATGGATGAGTAATGTCTGAATCAGAGGAATATTAGG	0.11169538461361
CCGGAGTCAATCAAATTACGAGTGTGGATGCCTCTT	1.2408176285341
CCTCTAATAGAAACATGGAGTGCAGTAGAGCAACTA	0.0805539995890781
GACACTGCGGTCGAATAACTTGTACGTTTTCCCCTG	0.0625508480085686
ATGTCGTCTTATCCTGGTTTGATGGTGGTATTTCGA	0.0958128264663365
AATCAATAGGTTGATACTTAAGGGGACGTCACCTCA	0.0409300017858485
AAAGCCAATTACAGAACGAGACTGAACGAGCCAATT	1.24679607580487
GGCATCTTATATATCGGGTTGCGTGAGCCTTATACG	0.123236747285875
GCCAGAATCAATTACGCGCGGTGAGATCCCCTCTAT	1.06900219997043
GGACCCATGGGGAGATTGAGTAGAGTGTTTGCTCAT	0.0406638799278048
AGGTACAATCGTAATGGAAGTGCACGAAGCAACGCG	0.0667027973778865
GGAGCATGGTACAGGAGAGGGCCGGGGCTTGAACCA	0.0247948425723684
TTTAGATTAAGGAATATAACCAGGTAGACTGCTATG	0.0215066750434783
AGCTTAAATTTATATAGAATGGTATCCAGCCGAAAT	0.0933939737494656
TCCCAGTTAACATATTGACAGTTACTTAACCGTGAC	0.125112405024737
GGAAACGCAAATCTTTATCTCGCTGTAACCGCCCGA	0.0387753862584609
GTGGTTTCGACTAAGTGTACGGATACGCATGGCTAT	0.00785653197086475
TGTGATTCATCGTTTAACGTCGGCTTGTCCATTACT	0.152229667689362
GGTTCTCTGAGACATTAGTACACACCGCGACTAGTC	0.14850642081066
CATTTCTTGGTTGACCTGCTAACTAGACCAACAACT	0.113330183293314
GACGAGCGCTAAAAGGGTGCTCAGTAATGCACCCAA	0.00503140125642531
GCGCCGGGGATAATTGACAGTCTGAGGAACGATTTC	1.47173216306238
CCATCGGAGTACAAAATTACCTTAGAGTCCTAACCC	0.0236928045702244
GCCTCTTAACACACTCTCAGTCAATTGTGTCAGCCC	0.14372064381525
CTAATTCAAGCGTTCGGACTATTGAGCTCAGATAAT	0.00296123142695405
TCGCCCAAGCTGTTAGTTGTCGTGTTACTCTTATTA	0.0839063160916409
GGTATGTACCGTTAGATTGCCTTGTGGGTTGTTCAT	0.225598640251451
GGAGTTGATCGTGTACGAGCATGGGAACGGGCCGAG	0.169334280524686
TTCTGGTTGCCATATTAACGACACAGGAGGCATGCC	0.306954012599659
CAACTTCCCATTAACTGCATACACTTGCCTATATGT	0.48093089968543
ATAACGGATTAGATCGATAACGCAGTTCATGTCTCA	0.221418916080384
CTTTTATGACTGATCGAATCACCTGACCCGTGATCG	0.17776260335863
GGATATACATACTTTGGAGAAGGTCTGAGGGGATTG	0.258566116281669
ACACCCAACTGCCAAATCATACAGCGTCTGCGTACG	0.065874112054609
TTACCTAACGACGACAGCTGATAACTATATGAAAGG	0.00340047096925178
CCGCCGGTGTTAATTCCGAGTACCTGCGCTCAGACA	0.0522263619693429
CTAGTGCGGCTTTGGCTCCCATTATCACCAGGGAAT	0.02613498583261
AGCAGGTAGCCAAGATGTGACAATTATTGCCTCACG	0.103273816104256
ACTTCCGCTAACGAGGCCTCCTCCGACCGATACGCC	0.622078482382344
TAAGGCATCCATTAACAGGTTAAGGTGGTACGCGTA	0.1433343838651
GGCTCGTATTACGAGACCATGCAACGATTAGGGAGT	0.172486822183306
CTATTCTTGCCTAATCAGCTTTAGTAGCGATGAAAC	0.946002984243317
AGCAGATGATGAGCGATGCGCGTCATGCTTTAATTA	0.944787404524846
CTAATCGGACAATTAGGCGTAGTTGGAACTTGAAAC	0.93312700457924
CACATTCGGCTTAACTAACGCCATCATTCAATGCCG	0.156849704106512
CGCATTACCAGTTATTTGGTGTGTCCCTCGAACGGC	0.142372585571796
CATCCTATAGCGGTACATCATTGCGTCTTTTGCGTG	0.0763682816596608
CATCCGATTATTAGTTAGACCCAAAGTTTTCATATC	0.620941891037128
GGGCATGCTAGGTCATTACCATGATCAACATACGTT	0.560301629656162
AATGTGCCACTAAGTAGGGTGTACACTCTCATCTGT	0.323249406881164
ATGGGGTAAACGGGGACTCAAGAATTGATATTCTGA	0.0248336453965451
CCAATAAATAGCTGCCAAGCCTGTTACGCATATTAC	0.205690421403536
AACCATTGACTACCGCTATCTGGGGAGACTAGGTTT	0.036230287874266
GGTAGTCTATTGTTGTTTACCCACCCCATTACACTC	0.40728559049097
CCTCAATAATTACGATTTGGGGATCTTGCAGAATAG	0.903809918139625
CTGCTAATGCAAAAACGTGCCCGAATCACTCTCGAA	0.0369980695826648
GTGATCTAATAAGGATAAACGCATTGGTATCGTGAT	0.90708634525265
GCCACAGTACTATAACTGACACAACCTGGTTTACTG	0.121432302213714
GCCTCTTGATGCAGGTTGATAACCGTTGCGATCCAC	0.0121591557592526
CGAATCGCAATCATTAAGAGCAACGAACGCGAGGCA	0.34319792596775
TCCACTCAAATTGCTTTGTCAATTGACCTCATTAAA	1.38627352093299
GCGGAACATATATGCTACGATGCACTCGTATGCTTA	0.0165217124794012
CGAGCCCCGCAAATTATCAATCCAGGATTCAAGGCA	0.34471364031318
GGAGATTGTTGCATGCGTGCTGAGTACACCACAGAC	0.213523849732466
GCGTTAGTTATGGCATTGGACATTTTATGGGTAAAT	0.173209960952887
ACATTATTCGAGCAGACTACTGCAGCCCCCCGTGAA	0.0200411904584595
CCTATATCCTCGTTCAATTATGCTGCAAACCACTTG	1.12743936678943
CCTGCCATGATTGAGCAGCCAAACGCCCTGATTCAT	0.131665102899935
GTTCGGGTAGTCGTCAAGTTAGCCTTGGTTACATTT	0.0335156324370552
GTCGTTTGCTAATTGCGTAGTCAAAGCACCGTTATT	1.63981235623396
TTGGATGATTTGACAAGTGATGATCTACACGCGGCT	0.196926166078532
AAAACGCATTACATGTGGGAAGAGTAGTCCGCGGCG	0.0258076035379652
GAGGTCAGTTATGCCGGCAATGTGTTCAACCTAACC	0.0749142552711552
GTCGCCTCCGAGTCCCAATTTGGGGCACTGAATCAG	0.143549109622181
GCATCTTTGTCCTAGGTGCATGGTCCTACTCCTTAC	0.00486172656377563
AGGCAATTGTATATTAATGTCGTAGATCGGAAGCCT	0.39874790513017
CCCTATCTACTACAGTCCATTTTCAGCGAACATACT	0.0615429151484301
CTTCATGCATTCATCTACAGCCTAAATTCAACTAAT	0.0968287632088214
TATGCACGTAGGTTAATAAGTATTGGAAATCTTTGG	0.360598755982712
TGCATTATGCTTATTGGGTTTCAGACGAGAGTCGGT	0.147517662550583
ATGGTTATCCGCTTTATTGCCGCCAGAATACTACTG	0.0684423815912755
ACCATTTAATGTCGCTCTGTGTAACAGCAATGTGGA	0.180681841463067
GAACACATTTGACAAAACTGAAGCTTATTATAAGTG	0.259678369370783
AAGTCAATCGGCGACATTGACTGCTACTTGTTCGTC	0.0160917180749811
GGATTGACGCGATCTGTCAAGCCCGAGACAGTAATA	0.0730430913100524
GCTATTCAAGTGTGGCATTGTTCAGCGATTATTAAA	0.113442081407339
CACGCTAGTAGAAATAATGAAACGAGAGGGTAACTG	0.0357065918429938
AGAGTTCAAGTCCTAATTAAAGGCTTTCGAATTAGT	2.08489996429888
AATACTCCTGGAGTGCTATACCCTGAAATTAGCACG	0.034236748621743
TACGTATAAGGTATGAGATTATTATGATATGGTAGG	0.127936017135028
AGCGCGTCTTTCAATATGGACTGGGTAATTAGTCTT	1.57299039611108
GAGTGGCGGTAAATTATATCCGCGACTCGGAGTTAG	0.422520329253955
AGTGTCCTCGGTCGATACTCATTGGATGCTCTTCCA	0.0446009458661907
GACACATCACGGAGGCCTTTATCAAGGTTATAGAAG	0.0110569899722149
ACTTTTACGTCCAATTCTAACTCCTTAGGTAGCGTT	0.042734062216726
CAATAGTTTAATTATACATCAGTGGACACGACGATG	1.2439084945899
AGGACAAACTACAGACAAAATTGCTCTACCATGCGT	0.0330038332639039
CCAGCTGATTGCTTGTCAACTCATTTCGAAATAAGT	0.122137238588926
TTGATCTCGCCGGTCAAATTGGACCTCTGCTGTACA	0.2830271684193
ATTGTGGTTTGAACACTACGGTGAGATATTTAATTT	0.200836070009728
ATATCTTCTGTAATAACCAACGAACAAGAACTCGGC	0.0293334659040364
CCATACACGTCTGATGCGATTGCTCGACGGCTTTAT	0.0723511643463503
ATTCAACAATATATATGGTGAAGCCGTATCATTACA	0.0776701902516501
GTCACGACTGTCTATGCAACTTGCTGAATCCACCAA	0.0186524972760368
AGCACATTACTACGTACAACGTCCGCAACGTTGCTT	0.299964208878254
AGACCCGTTCGCTGCAACATCCGTAATCGATCATTG	0.496122586166757
ACAGAATTATAATAAACAGCGTCCTCGCTTTGCGGA	0.210169124878241
ATCAGCAATGCTGATTTGCAAGCCTACAGCACTACA	0.213698420508489
ATTGCTTAGTTCCAGCGACAGTGGCTCATTATGCCT	0.302764417802554
CGGATTCCATAACATATTATGTTCTCCTACTTTACA	0.140912055246884
TGGCCATTTCGATAATAGGGCTGTGCAGGCCCTCAG	0.192413161077485
CAGTAGAGTAGTTAGCACTTGCGCCCCAGACGACCG	0.0196912306577689
GAGATACGAGGAGTTTGTTTAGATAGTTAACGGCCT	0.0846847195938786
GATCCATGTGACACTGCTTAGATTAGATCTGCGTAG	0.404568297054942
GCCGCACGCATTATACATGCTGACATACTGACTACT	0.232257153721016
ATCACTAATTCGAATGTAAAGTCGTGGTCGAGGCTT	1.44044976116158
ACTTCAGAATTAATGCCGGTCGATTCAGATGACAGG	0.219956546270642
TAGTTTTAGTTAACTGAATTTGACGCTCGCGGCAGC	0.0441983333829099
CTCGCTAAACATCCGTTCGAATTTATGAGTTAAGGA	0.0736696501564205
GTATTTGGGCATTGGCATACAATCGAATAGGCGCTT	0.0909404503103011
GGCCTTGGATGAGCCATAATGTATCTCGAGGCTGAC	0.0344199565189663
AGACGCTAATGGTTATAACGCAATCTATCGTTGACC	0.607295457875405
CGTTACGGACATTACCCTCGAGTCACCACCTGGGTC	0.00409620034397696
TCTCGCTATTATTGCTGCATCGTCCGTGTCCGAAAG	0.0437009669446562
CAAGTTATTAACGATTGTTAATGCTGCTTAATCGTG	1.69397464845417
GTTAATGAATTATGGAGAGCTCACAGATATATTCAA	0.637283355054831
ACGTTCGTTAACCTTGCAGGGTTTATCTGGATCAAA	0.0934888769073604
ATGAAATCCTACCGGCAATTAGTGTCTGCCCCGCGT	1.5771856313691
GATGATCTATTGCAAGATTCCGTAAACTAAGATATG	0.0236376072096357
ACATCTGTAAATAATCTCTCCATCATTGGATCAGAC	0.179815891115892
GAGTCGTAATTCCGCTATTGACTGTCCAAGTGACCA	0.386704243295411
TTAAATAATCAAGATTTTATGATTAGTCCCGTGAAG	0.111185091802376
GATGTTATACGTAGCACTTTACGTGGTAATAACTAG	0.187913589044675
TGGGGTGCCCCAATTGCTACCGTACGCACGTTATAA	0.0208590837424394
CAGGCATGAGACTTGTACCTAATCATGTTGGTATGT	0.241221022153869
CCATAACCAGACCTTAGTGTTAGTCGTACAAACCGT	0.0456060587570144
GCGTACACGTAATGAGTATACTGTTTCAACATCGAA	0.73014990593947
TTGTCAACCGTAGCCTAATGTGACGAATGCTGTGAC	0.250279773448921
CGCGTAGGCCAGACACCTTAATGATATCCTCATCTA	0.255985409719371
CTCACACCTCAGTCTTATCTTAATTATGTCGGCTGC	0.924186885228257
GTCCACGGATTCGGTATATCGTGTAATTCTTACAGG	0.0474413999518647
GTATCTACACGGTTACAGGCCTATATTGAGTCTAAA	0.0761372154567356
AATATGAGATTCCCGATAAATACCCTTTGTCGATGC	0.0328723619326899
TCACTATGCGATTACCTGAGTACATGTGCAAACCCC	0.0933886439795542
ATTTAATTGTTCGCCAAACGTCTCGAAGTAAGAGAT	0.614288822664268
GTGCTTATCCATATACACTATCGTCATTCGCGCTGC	0.230868855347121
ATTAAAGCTCATTAAGGGTGACCCGCCCTTTTACTT	1.40653004161897
ATGCCTAACCATGACAGTAAATATACGTGGCCGACA	0.112451926942377
ACATTAGTGTCATAATGGTGTACAGCCTGCATCGGC	0.254640128987253
CCTCGCCTGTTAATGTCTAAGCCACCAGTAGTGGCT	0.067742793850083
GATTCTACAATCGGACGGGGTTTACTTCTTCCTTTC	0.059467437693221
GTCCACTAGCAAGCTACTCATGTGGAAATTCCTAGG	0.00429285017997491
CGTGTCTGTCAGTATCTCGCGTATGGGCTCTAAATT	0.112073711648702
AGCTAGCCTCGCGTATTAATAATTAACATGCTCCGG	1.17997618242789
CTAGTCAGACTCAGTTAGTACTGTCGGACCGGCAAG	0.000179878628870812
TCAAATTGGTAAGTAGTTGGGATCTGTCGCGCTGAC	0.19630565139195
TTCCATTAGCATCACTGTCTAACTGCTCCTCGTAAG	0.0967790591070885
AACTTTAATGCGGTTGCATAACGCTTACAAGGTAGT	0.192911652402347
AGCTTCCATATTTGGTGCCAGATTAGATACATCGAC	0.197036601735058
AACGGAATTTTATCCTAATAGCGTCCACAACCCCGC	0.0822142006854157
AGAAACGTCACTATCTATTCGCTGTTGATTGCGATC	0.0593603312594802
ATGTGGTCATTAGCTAGAAAAAGCTTAATCCCCCCG	0.935432714213279
GTTAATTCGGTCTAATAGAGTGTGAGCGTCATACGA	1.45896936554368
CCGGATTGCTTCCCATAATGTGAGAAAATGCATTTG	0.0128074353476302
GTAATAATGCATTCTCCTTATATCGTTGTTCAGACA	0.362734813198935
TGCGATTAATCATTTTCACCCTACCCTCGGAGATAA	0.364573798473232
CCATGACATGTTGATAGCACGGTTAGACCCCGGAAG	0.0894350161209393
CGTCTATTTGTAACGATTTGATGACGCGTCTAGCTA	0.0790158012444443
CCACTTATCCATCCGTTATTTCAATCGGATTGGAAC	0.112803981176536
TTAATGCTCTTTTCATATTAATACATACTCACCCAA	0.0344556811510792
GCTGGTTAGTGCCCCTTATCCGTAGTGGGCCACACT	0.0347328735485254
GGAGTTCGCTATGATAATGAATCCTGATACTCATGA	0.562593605459968
GATATCGGCCATTGGTGAAGCTCATGTAGTAGCTCT	0.033466789469299
GGAAAGCCTGTGCGCTTATCTGTTGTTAGATATCGT	0.0434335940529009
CCTATGGTAGTTAGTGAGATATGCGGAGTGCTTTTG	0.218967513111931
AGTGACTCATATGAGGTGGAATGCGTATCCTTCACG	0.0266440604891629
CGGAGAGCCGGATGTTAATGGAATGCGGGCTGGTGA	0.0101204925851336
GGTTCAGTAATTGACATCTCCCGCAATCGGGGATCG	2.07764958770233
GCCACAAGTCGACCATTATAGAGGGAGAGCGAATTA	0.348102369120268
GAGGTCTCCCCCATAGTAAAGTGTAATTAGATTTCC	0.565294873273999
ACTCTATTGTCTTTCTTAAAGTTAATTAATATTGAT	1.88905726030019
GAGTCGACGCTAAGTCACTATGCATAACTCGGACGT	0.0931618730400137
GGCGTAATGGGAACGCTAAATGATCATAGTTTAGTC	0.800452674173181
CATCGCTCAATTGTCATGTTTTCCTTTCTTAGGTGA	0.123187582626774
TGTCGCCAATAATGCTTAGTCACAAGACAACCATCT	0.119029832500166
GGCGTGCGCCTCCGACGAATTACTTTATCGTGATAG	0.018218273005066
TATCTTAATACGTCGGACTTTTACTGGGGTAATTGG	1.56152118996801
GTGGGGAGCGAATTACGTTTCGCCCCCAGACGGTGT	0.364681678143032
ATATTGTTCTTCCAGATTACGTAGCATAAACTGGGG	0.095917350051858
CTGCAGAAGCAGCAATTATATCGTATGGTTGGCAGA	0.405166533938338
TTACCTTTGGTCTTATTACCTTAATCAATTCACGAG	1.02979174054008
CCGTTAATTAAACGGATTAATAGTGTCACCATACCT	3.04119591616136
GCGTGATCGGCGCTTTGCTTTCTAATATGTAATAAG	0.0590115221062566
CCACATGCATTGTCTGGTGTCAGAACGGATTTAATG	0.0975627358858709
CATCCTACGCTGATTGCAGTGTTATTCCCGAGCTTC	0.100900015094865
GGTGTATGCAAATAAGACCCGTCAGCCCTCCCTCTA	0.0250100054993082
GTAGTCTGTCATTCGCTTCAGCAAACCGACATGTAC	0.00333634864652041
AGCGCAGATTAGACTGTGTGCCGTCCAAGCAAGATT	0.173105168533552
CATAGTAATGACTACCAATACGCTTGCGACCTAGTA	0.324444881689328
CCTCGGGATTTCGAACTCCGTGCGTCATATTAGTGT	0.0670630236362633
GATTACACGGTAAGTGGATAAGACGAGACCCGCGGT	0.319415855977078
CGAGTTATAAGCGATTAACAATCACACCGTCCCCCT	0.399327879017968
AACAATTAATAATCTTGCCGATCGTCAGGCAGAATA	0.739858008084644
GGACTATTAAATTCTTGTTAGACCTCAAAACGGCTC	0.577167141633942
GGTAGCAGTTTGTGTTATATTGGGACCGAAGCACTT	0.10180753578225
CTTGTGACATGAGGTTCCGAGTAATCAGTCACAATT	0.0866583850400244
ACCTTCGTAGCCCATTACGATCTAAGGTGTTAGATT	0.331540461824546
CACACGCTTGCTTCCGGTATGCCAATTTGATGCGGC	0.0610056433676843
GGGTCAATAGTCAGCATTTAGTGACGACCGATAGTA	0.0851270430538268
CCAGTGGGATCTATTACGGGAAGTCCTCTCAGCATC	0.104586817470582
GTTATGTCGCCACCGGATCATAAATCACCTGCTTTC	0.145946713829026
CGGAAAGGAACAAGCAGCGCCACTTAATAGGGCCCA	0.263312932289725
ACTTAACCGATCACTCGAACAGAACTTATTGGCTAA	0.131331668124127
GAAGGTTAAATATCCATTTCCTGTAAATTAAGTCGT	0.384337012514378
GTTTCTGGATTCGTTAAGCAAGCCACGGTCCCTCAG	0.0269588882920896
AGTCGGTTATAAGGGTATACTTAGCGAGTTATTTAT	0.0807737617133129
TAATACTTAATGTCGTGTAACCCGATCCCCCACAGG	0.146169835358521
CGAACTAATAGACAACTGATTTACTAATCTGGTGGA	1.08835453916836
GCCTCGCTTTCATTGCCCTATCCGTTGCTAATGTGC	0.265914354633601
AAGACCTTCAGCCTGGTTAATGAGGTACCACTACTC	1.29035249203639
TGGAAATAATTTAAAACCTGATGTACTGCGCTGAGG	0.125482618863522
ATTATACCAAGCTAATGGACATTCGATACAGCATCG	0.475995778579583
TGGATGCTAATCAGATGGAGCTTCAAAATTTGCGCC	0.846899759446031
GGTAGATTTCTATGGAAATTAGTATAATAATTAGGT	1.94638934792847
CGCATAGGTTTTACCAAATAATGCACAGAATTGATT	0.143741782284058
CGCAGGCTACTTAATTGATTTTTGTTGTTCCCCTTT	2.9790350269252
AAAACAAGCTTCCCATGTACGAATAATCAATGCCAG	0.0126695360803127
GTACGATAGCTGTACGGAATTAAGCATCGCTCTCGG	0.171829018829488
CTTGCTTTTTTACGTGCTTTTACTAATTACCGAGCG	1.43404922243418
GGATACCTAGTCAGTTTCTTACGGGTGCGTCGACTC	0.07211962900107
AAATTTGATACAACTGCGTCTTGAGCTCTAATTCAC	0.104357346166976
CGTATACATGCATCAGAATTGCTGTGATGCCGCGCA	0.0730083807607797
CCGACCACAAAGTATTAATGACCAAGCCGGTAGTTT	0.462579652423355
CGTAATGGTACAGCCTCACGTCGTATGAACTCCTGA	0.00602740593095155
ATTGGGAGCTATCCAGGGGCGCACCACAATTAGGTC	0.0786768173987892
TCCCAAATTGAAGCCTTGTACTTCTGACCACAGGGA	0.0812828844430208
CCAGATCATGATGCATGACCTACCATGTAGATCCAC	0.130213973778104
GTATTCGATCTTGATATGGATAATCTTATATTGATA	0.164190084002694
CAGGCAGTTGTTCGTTATCGATGAGCGTTCGGCTCG	0.0611770772316033
CTGTGAACCGTTGATTATGTGGAACATCACCCCCGG	0.335045954944293
CACCGCCTATCAGGACGGGTTCTCATTACCCTTCTC	0.065480175799738
CGACACTTACTGCGGATTGCAATTAGCGCTTGGATC	0.949572918441819
CTTTACTAGTAATTGAAGCTAACGGCGTCATTTTGT	0.96297332143546
GTTAATAGATTGAAGTTTATAGCAAGAATATGTTCC	0.354130769414078
GGTCTATGTCTAACGTGATGAGATGGGAGTAATGCC	0.267345134561834
ATGACACCTAACTCTTAAAATAAGCTAGATTAGTTG	0.170307992669192
GGACGTTATCAGAAAACCAGGCCATATCGGCAAGGG	0.0704203219072582
ACGTAATCGGTTGTTCGGAATAACACAAATATCGGG	0.439416349540417
GCCTCCCGTTTCGGAATATACAGTACATAATCGCCG	0.0337168558664281
GCGATATGAGATGTTTCCTTAACTTAAGGGATGCGT	0.0589075229522139
ACCATCCGTATCCGTGGGCTTATGTTCTGAGCTATC	0.0279667630109032
TACGATGTGGCCATTATGAACTCGGTCGCGTGCGTA	0.0253465312308287
GCTTATGTGCGTAGTACTTAGTGTGCCATCATTAGG	0.393780051301418
ACTGTCGTGTTCTCTAGAATAACTAATAGTACCTAG	0.0856903106900574
ACTACCGCCCTCCCATTACGTGAGGTGATGGCCCTA	0.0930368147798605
TGGTTACCTGGATTATCGACGTGTATTTCCCACCAG	0.123748758643951
TCGGTGTTATTAGCGCAAAACCTTATCCGACTGACG	0.338043636892941
TATGCCATAATCAGCACTACGTATGCACGAACCTTC	0.567411980480847
AGGGTCCTCATATATGATCAGACCAATTGAATACCA	0.121131216128117
GTGTGCGAACCGTAGGGCGCCACTAATAAGTAGCAA	0.163552747208124
CTAGATATCACTATTAGGACCCTCAGTCTACGACAA	0.0666357691513599
GAACAAATTCTGTCGATATTATGGTAGCCCTATCTT	0.219693516393507
ATACGGCACCTATGAAGCTAATCCGTCCCTTAGCCA	0.272532540255786
ACTGACGCAGTTATTGGTGGTAAACTTGATTGCGGA	0.0585849536168517
GTGCTAGAATTACCCCCTCTTGGTCACTCGTGCGGG	0.0219188523468873
GCCTTATCAATCGCTTGATTAATAATACCAGAGTTC	0.819691455000643
GGTGGACGTTAACTCAACGGCCGAATGCGTTATTGC	0.096180194503138
GGAACACGGCATAGTCCTTGGTGATAGGTAGTCGTA	0.0300071503174694
CCATTCAATATATACCCATGATCCCGTCTGCCTCCC	0.152102044635316
CGGCTGGCTTGAGTTATAATTAGAGATCAGATCACA	0.887673369883116
CGCACGAGGGCACAGCCGAGCAATTATGAGCGGTTG	0.0873796122323629
TGTCGAGTCCAAAACCTATCTAAGTGGCAGTACCTT	0.0117133289079576
TCTTCTTGGCTCATTTGTATAGTTGACAATGGGAAC	0.0681468212173258
GTATCTGTTATCGGAACCCCTTGCTAGCCTCAGCAC	0.00421507569063486
AACTTTATCAGGACTAACAATGATCTTAAGGACCCA	0.0904887252721845
TATTAACTTGCCTCGTAAAAGTGGCGAAGCTTAATT	0.311536835794746
GTAAAGCGAAGCTAATATACGACATAAGTCGCATAC	0.102256017670263
CATAGACAGTCGGTACTTATCCTTGGGTGGATGCGC	0.0565621392461013
TTAATTGACGTTCCCGTTATTACTTTCTATTGGACG	0.357545309209474
TTGTTATCAAATAGTCAACGCTTTTCGTCTTAATCT	0.0465621704129963
ACCCAAATCATGGTCAATATGGTAGTACTGATGGTA	0.241447240430588
GGATGCAGTGTATCCATTACGAGTCGTTGAGTCTAC	0.356890942899675
TAGCTACAATTAAATGCACCAACTCTCTGACCCTTG	0.622022044319186
GGGATAATAAACTTATCGCCCGACGACGCCCGTCGA	0.444521609882843
GCCGCCCAGATGGCGCACTCGCTCTGTAATTAGGAA	0.405346192944605
GGATCCGGCCATAATCTTACTAATGTCCTGTGCTCC	0.468983253015343
ATGGGTGTACATAGAAGTATGATATCATACTCCTCA	0.0232788090753186
CTACCTATCCGTATAGGTTATGATGGTATCTGTAGT	0.0459018692186757
TACTTACGCGGACGAATCCTAGTTAATAACTTATGT	0.159445620560498
TCCTAATACCCACCCTTAACTAATCGGCCCCTTGCT	0.568689855589005
GCCAGTCAATAGACTCCAGCAATTACTAGTCAGGGA	0.288539809905195
ATTAGACCTGATTACTAGTAGAACCGGATATACATA	0.20372741076343
GGATTATGTGCCCAGACGCCATACCGCCACAGTACT	0.14413940641444
TATGTACTCTCACGCTAGACTCGTTGATTGCTGCTC	0.0137906469010223
GGTAACATGATTCTTGACCACGCATTCTCAATAGGG	0.0710784748751707
GTCTGTCGCATGTTAGCCGTCAAATACGCTAACGTA	0.0269102083673523
GAGTTGGTATCACTCAGGCGGTGGCATGCAGCTCCC	0.00779030286358157
GTAATAGTCAATCGAGCTAGTGGAGGCTCGTCAGGG	0.135030592551679
ATCGATGGTAATGAGTGATGGATGTCTCGGCTAGTC	0.939754161556319
GGTTCCTTATTAGGATTAGGCTGGTTGGAGTTCCCA	0.951953074250662
CTACAAATTACGGCACGAGCTGGAATCCTCATGAGG	0.419663405428852
TGCTCTCATTAAGCTGTGGCTGCATGAAATGGTCTA	0.725568879200375
GCCACGGATCCAATAACCCCTTACCGGCGGTACCCG	0.0261738678115953
GCCGGTAATATTGGTAGTCTTTACTTTCATCCTAGT	0.187340647604072
GTCAATCATTCCCTAGTTTGGGCGTAGATATGGTAA	0.206441836123544
CTATTGACTAAGGCGGGGAGATTTGACTTACTGCAC	0.00162866994641136
CAACTCAATTTTCTCAGCGATCGGGTCCCATCGACT	0.231270796094409
GGAGACTGCGCTAAAAACCATTTAAGACTCATGTGC	0.0287268345823523
GTGACAGGTTACCGTTAGTGGTTGTCGTTATAACAA	0.107503227018695
ATGCGGTAACAACTTACGATTAAGGCCATCTTGTAA	0.179371162830054
AAGTGCGAACGCCGTAATTCACCTCCGCTCCTGGCA	0.174406951120422
CCTGTACTCGCGCTATATGTTTGCTGAATATGTGCA	0.0521887520685632
GGGAAGGCTTAGCATTGTTATGCTGGATTCCCTATT	0.00332571278434376
CCGTCATTAAGGAACTATCTCCGGACCGTCATAAGT	0.285341857004418
GGATTATGCCGGAGGCCGGATCGTTAGCCATGAGGT	0.282004891187904
GGTGGGCAGCATTAGCGAAATGTACGTCCATCTCAC	0.108402241021737
CCAAGCTTTCATGTGGTATATCACTGTCGGGTATCA	0.0040068197431299
GTTGCTTTATGAGCTGGGGTGAATAACTCAGCGTGG	0.170394690430124
GTATTCTGTTGAGTACTCTCTGATGGAGATATTTTC	0.0191535913651507
AGAGCGGCAAAAACGATAATCAGTCCTGGAGCTCTG	0.143640475189924
ATAAAACCCCCTAGCGTTGTCATAGGCTAATGAGCT	0.571491721023043
GCCTACACATTGAAAAGCCCGATCGTAATTCAATCT	0.214884218384438
CTACCCAACTATACTCGATTTGAGGCAGCAAATGGG	0.0777184289318104
GCAGTTGTTAACCTGCCATATAATGGAAGGATGGTA	0.217514940132428
ACTCCATCCACCACTATTGAGTAGTTGTCATACTAG	0.133735897030683
GAAGGAGAGCCAGGCGTACGTCGCTGTATGTAATTA	0.452734678176598
CGGACATGTTGTGCTTTCAGTGGTTGGGGTGGGTTC	0.00189031537429068
GCCAAGGTTCCTGCTCTATACCGATTATTGCAACAA	0.0729629693222209
TCCATACCGCGCACAAATTAGGCGACTGCCGGACGC	0.755062030998804
GGACCAATGGATCGATCTAAGAACAGGGCTTGACGC	0.0344687022811798
GTGGTAGTTGAGTTTCGTTCGGGTCACTCGCTAGCA	0.0140217752971561
GATCTACCGAGATCGATGATACACGCCTTTAAGACA	0.0087489281203503
GGAGCACCGAGAATTGGCAAGGCGTATGGGTAGACG	0.00507480171564553
TTGCATAATAAGACACTGCAAGACCCGTAGATGATG	0.33932449440152
GCTTATAAATAGGAATAGGAACGTTTCATATAGATT	0.033165520278753
GGATGTCGAATCGAACGCACACAAACTTTGCATGAG	0.0228261693101392
GTTATAAACCACCAATTTTGAGACCTTGGTTAAGCC	0.0746573742085768
TCATTAGCGCCTAAATGATTTATTCTGAGAACCGAT	0.256690148521628
GTACTGAATATTAGCCTGTAGTCCGCACGCGTCGTA	0.275021513463276
AGCCTGGATCAACAGCGCCAAATACCCCCGTAATCA	0.00899739024424271
GCCGCTTAATGGCTCCTTGTGGATCATTGCCATCGC	0.274650490635435
TAGACAACATCGCAATTACCAACCACTAACCCATCT	0.419335757949446
ACGTACTTCAACTATCTACTTACTCGCGTTGCATCG	0.0860531430166071
AGAACGACTAAGTAATGTAAGACCATCAATCTTATT	0.0559659542989677
GACAAGTCTAGTTAACGCAAGCGCTCAAGGGCGGGG	0.154013222489412
GATGATAGTACCGTGGGCTCTACGCCGGACAAGCTG	0.00582137261447572
GCTCGTTCTAGTTAGCATAACAACACCTTTTAGTTC	0.15661610979358
CCCCAGCTAACTCGTTGTTACCTTTACAGGCAGTAG	0.03158758872888
AGATATGGTAACCAATCGCGATGATGGATGGTCTCT	0.171222795416926
CGCTATGCATCTCTAATTGGCGTGACCCGTACTCAC	2.42382675135564
CAGATCTGTTGGGTCGATATGCACAATCTCTCATTC	0.00792137044155
GAGTAGGAGTAGGTGTGTTATAAGTTATCTGACAAT	0.0728912086028611
CCTGCTCCGGCGATCATTATGGTTGGGCTCCGTGTC	0.071982169035358
GCACATCGGCATGATATTGTTAATCAGTTATGATAA	0.521118449082306
CCGAAGGGGTTATATGTGATTAGGGATCTAGTCAGG	0.36657262599801
GAGCATATCGGGTGATAATACCCCAGGCATTTTGGT	0.0670923537250532
ATGCTCACCGGCGCTGATTATCTATGGTTAGCCCTC	0.307076505526128
AATTCTAGCACTCTAACAACCCTTGGTATCCCGAAG	0.0766738600575158
TTAACAGTGTGTATTAACGAAGTGCTACGCGAAAAT	0.113660136357476
GCTCTAGTAAACATAATTGCACGGCCTGTAGTATAT	0.833122573626765
TTTGAAAATCGTCTAATGGATACCCGTGGCTGATGA	0.101672375666259
ACTTAGGAACCTGTGTTAACTAGTCTCGTGTGAGTC	0.191726436229696
GATGTAACTGACCGAAATGCCTCGCGTGAATCCACT	0.173925897903854
GGAACGATTTCGTGTACTATAATACTAGCCACGGCA	0.103583924074773
CTAAAACAATTGATCTATACTGCAGCGCATTACCAG	0.393622639357812
CACCGTAAATTATTCTGCCGTGGCGCAATCCCCCGG	0.483031815061034
CGCAGTGAGCTTATATAATGGCGAATGGCTACCTTG	0.012185139829519
TCTTCCGCGCCCTAATTACTGGACGAGGGCGAAGTG	1.81641577731977
CGCTCGTACTAACTATTATTATGTGCGACTGGGTCA	0.39892171137325
CCTGCATTTCATCTAAATACTGTCTCCTGGATTTAT	0.0282064846661825
TTACGCCCATCAGCTAACCTTGATGGTCGATTTGTC	0.0290959750303673
GGTGAAGATTAGTTATCGGTTTTATCCTCGCGCAGA	0.424772266322332
CACAAATGCATCTATCCTTACAGCGTTGGCAAGATT	0.011482659271922
ATCGTCTGCTGATCCACGACTGCTGCATACTCAAGC	0.0156704397391929
CCCTCTAATTAAATATCAGCCAACAGTGTGGGCCTC	2.68918269886155
GCAAGACTTCCAAAACCACGACTAATGTTCCATGGG	0.0263543099052328
CGAACTCTCGGTTGGAGTGTTTTGTCCCCTATTAAG	0.0182379692020102
ATAGAGGTAAATAGACCCATTACGCCTCTCGCTGCA	0.344958532162631
ACCGCGCAACTTCATCACAGCTATTATCGTCGCTGT	0.0445537337024371
TGTATGGATTTACATCACAGTGATCTCATTGATGGT	0.0672570956698345
CCGGGAACCAATTGACCGTGCACATTGCTCGCCTTC	0.039461980580436
GTTGCCGCATTGTTGTATTGCCCTGCAACGGTGTTT	0.065934065537007
TTTTCCCTTAAAGCAGCATTATTAGTCTCTATCCAA	0.090300459866952
GAATTTGTTTTGGGGACATTAGGTCAAGAGCCACAA	0.107673108683193
ATGATTACGAATCTAAATAGGTGTACTTGTGGAATA	0.157409459825345
GAGCAATCCATTACATCAAATGGACGGCGTAATACC	0.30018131229682
AACACTATTAATACTGCACGATCCCGACCTTTCGGG	0.338432603961623
CAGAATGGTGCAATTAACATTTCTGTGCAACCTCAT	0.688346728927151
GTGGCTGAAAATTTGTTCCTTCTCATTATGGAGTTA	0.314439650940666
GCCATAGAGTTTAATAGTAGCATGGGCCGCACGGAA	0.0563779727614604
ACCTATGAGTCTGTCAAGATTATTAGAGCTGGCTAA	0.128886819224465
AACATATCGGTAGAGGCATCTAATGGCAACATTACG	0.0712416859069335
GGCATACGTCACATTACCATATAGCGCCTAGTACCC	0.370281876086048
GTTAGTACCCAGTAAACGCATGAACTGCCTGGACGC	0.0196828059933284
GACAGGGTAGTAGCCCCGTGGACTTCGGTAATGGGA	0.0365700784014565
GGTATTGAGAGAATACCGGCGTTCACCATTATTCGA	0.0273475926191461
GGTGATGCAGTGACGATTTCACTGTAGCAATAACAT	0.0765908456421449
GACCTATTCAGCGGCTTGAGATTAAAGCTGCGGGTG	0.0203292195940379
AGTCTAGGATCCCGATATTCGATTCGTTGCGCGTAA	0.0663663842768613
TCGTGCATCATTCCAGTCCAACAGTATAAGCGGTCG	0.0105128619528319
GGCCAGGCGGTCGGTTGAGCCGCTAATAGGACGCGT	0.258332998298341
GATGGATTTCATATTGTATAGTCCTGCGTTGGTCGC	0.268755889524414
ATAACTTCTATTGAGATACGACTCTCATATTGGTTA	0.00484082847487017
GGTGGGTATTTAACCTGAATAGATTCGAGAGAGCAT	0.0555711524682512
TGGATATAGTAAGTGATCCTGTCGTCCAACCGCAGC	0.118582311071737
ACTTTGTTCCACCTGCACGTTCTATTAGCGTGCCTA	0.171734611769862
CATGTGTTGAATAGTCGTTTGTATTGCGAGTTTATG	0.0551161263744311
GCCAGGTAATTGCCAATCATACTACGAAAATGGTGA	1.5916072985411
TACTTGATAATCGGACTCGGGCGTGTCAGACCTTAT	0.0478924278717733
CAATCGTGTCTCATGTCGCATATCGGCGTCCTACAC	0.0057978315726477
TCTGTCCGTTCTGTTGATCGTAATGTGGAATCTCGG	0.0202011965213506
GAAGGCAGTAAAGTGGGGCACGTTTCGTCACTCCCG	0.0147134807654288
CAATCCATATTGGTGGCTTTACTTATATGAAGATGA	0.00443059041507429
AGTACATTGGTTGCCTTTATACTCAAATCAAGAGTG	0.0414575663421922
CAGTGGCATGATGCGTAGCCACTCTTTACTCGCACG	0.328450688599106
CCAACCGACCGGCTTGTCAGCCTATAGTGTACACCT	0.0786063580981588
ATCACCTTTGACCAGTCTTGGACTCCTGTAATTATA	0.154345331243729
GTACAATTAGCTGTTTACAGCTGCTGAAGATCCAAG	1.02498901350065
ACATTGTCTAAGTAACTTAGCGAAAATGCTCTTCAG	0.173590127990101
TCACGAGGTAATTAACAGATCGAGCGAGAAACATGC	1.82239911084633
GAATCCCGACGTAACGTAGCACCAATAATTGTTCAG	0.337651256113091
AGTGAATTAGCTGCAATAGGATGGGCGGAGCGCCCC	0.500797499753068
GCATCGGGGCAGTAAATCAACTCTCGCACATGACTT	0.123487100903337
GACTGTTACTAACTCGATCATAATATGATCAATGGC	1.21285982939192
AGGTAGTAATCGACCGCTGACGTACGTACACCTGCC	0.532758971983034
GGCCATGTCGTAAACTGGTCACGTTCACCTTATTTA	0.0279637338876588
AATCGTGTCCGTATCCTCAACATAATAACAGTCTTT	0.0104025157583947
GAGTGGCCGATAAGCTTCTTAATAGCCTTAGTGTGG	0.312210281894212
TATCTTGTGATTGGGTTATAGTACGAATAGAGTCCG	0.1560687045242
GAGTATAATCCAAGCCAGTCCACATCCTATGGTAGT	0.294410798970932
GATGAAACTTTGCGACTTTGCGGTGGATATCTCCAT	0.00865007943205679
TTAGATTTCTTGTTGTACTATCCATTATCTCGTGGT	0.143597378500483
GAAAGGCCCAATTCGTCTACTCATATAAAATGCCGT	0.0650335571851932
CGGCTGCAGATACACATGCTCATCCGTACTATATTT	0.00870324306590514
GGTTCGATTTTGCGATCTATGAGACCTCTGTCTGTA	0.0210745710659684
GGCGTTTCACTCCCAATAAGTATGAAGTCTGTTCCA	0.00465556017896026
ATCCCACTTCTATCGGAATTAAAGTAAACGCTGTCG	0.0304383449338777
GCCATTAGCCGGTTACATTGGCTATCTAGGTTCGGC	0.0804657485763878
ACTGAATTATCAAGTTGCTAATCGTATACGTATATG	0.895827714993282
CCGAGTTCCCTACAATCGTGTACTGATTGGCGAGGA	0.0874095875068222
GGTCACTTTCTGCTCTTTGATAGAATGTGTATGTCT	0.012830217212436
GACCTAGCACTGTTTCACTGCGTATCGCTCTACGAC	0.0602010880249336
CAGTAAACTATAATTGCGTTTGAGTAACAATTAATA	1.59449831563137
GCCATGATTTGATTTCGAAGGAAAAGTGTAGGTAAT	0.0615823118641086
CACTATAAAGACCCCGGGTCACTAATCTTCTGTGTA	0.0689864225723733
GTAAGCCCAGCTTAATGCTTCGGAACGTTATATTGT	0.0267181202872051
TCCCACGTAATAAACATTACGATGGCCACTATTCAC	0.308836188373021
AAAACGTGACATAACGCCCCATCTTAACAGGCTGGG	0.17381096174668
ACAATAAAGAACGTCCCGACTTATTAGGTGGCACCC	0.19654107730855
CCGTTTAGGATAATGGAGGAGTGCGGTCCTAGGCGT	0.0337866933943342
TGGTTGAGTGAAAATTACCCATCCATACTTCGTTTC	0.468300659760014
GTGACTTCGGTTCGTACAAGCTATTGACATGATTAA	0.0770350101075868
GTTATTCAGTGCCCCGAATATTATGCTTCCCACTTA	0.0575271087265915
AATAAATTTACTTAACTGATCTGGGAGACCCCCCAC	0.329356875735047
CTGTGTATGCCCTAGTCTTCTATCGATTAGGACGTT	0.37609234610377
ATTCATAACGCACACTCCACATACAGACCGCTCTAC	0.0112565086578627
GAGGTATTGATGAGTGAGCGAGAGGACATAAAGTCA	0.0955968502904982
GCCGTTGCGAGTTGGCACTACAAGGCCTCGTTAAGT	0.0329802884824337
GAAAGATTCATTGTGATGGAGGGATCACATGGATAC	0.0506334515414062
GACATTTGAGTGGCTCACATATTCGGCATGCTCGTG	0.220490942436963
CATATTGGTTATCAGAGTTGAGGTCCTGTCTAATTA	1.66754337516322
CTCCCATAGCGATTAATTTAAGCCCCCGGTTTTCTC	0.726961105935861
AGAGCCCACACGCATAACCTGCCGATACGTTGATTC	0.0203223644360226
TCCGCATATGCCCCTAGGTACTTAATCTATCACGTT	0.332594577409207
ATATATATATTGGTAAAGAGCAATTAATCTTCGCTG	0.916582456798388
GTTTAACATGGATTTAAGCTTAACTGGATGACGGAA	0.0105860191804599
ATCCCACGTAGATTCTAGTAGTTCAATTTCGCATGG	0.00773679610925292
ATAGTCTTGTACATTGAGTGTGCGGAAGTGCAAAGG	0.00878623311655241
ATGTACGTAGATACATGTCAATAAGGCCTACGCTAA	0.0334068857567232
GAATGTACACCGCATTGTGACGAGGGCCCCTCCATT	0.0543794890614079
CGCAACAGGCTAATTTGCGACACTGGTCCAGCATCC	1.15102124884539
ACATCCATTACTGACGTTAGAAATGCATTGATTGCG	0.360352821723563
GTGTGCTTTCTTGTAATAGGTCTCCAAGTCTCAGAG	0.11413903357957
AAACACGGTTCCCTGCTACTGTAATCAGTTTGTCCT	0.221560733938614
CGCACCTCATAACAACTAAGCATGGTGTCTCCTCCG	0.0286800560535592
CAATGCATGACACGTGCTCTAATCAACATCGGTGCG	0.532647359973938
GATAGGTAAAGCGGGTAACCGTTTGGAGTATGAGTG	0.0140129036634813
GTTGGATTGTAATGCGCCATTAGCGTTGCTCGTTTA	0.770765394069482
AACCACGCAGACTAGCATGATTGTCTGTTTGCAATC	0.0193646817515088
GGAATCGGGTAATCTAGGTAGAAATTAACAACTCAT	0.556266551841582
AGGGAGTCCGATGAAACTGCATCCCATTAGATGTTC	0.0243276550828311
CTAGCTTAAAGTGCTACTTAGTCAATAGCTCTGCGG	0.00357245301914774
ACCTACGTGCTTGCGTACAATATGACTATGCACCAC	0.0141131201098009
GAACTTGTCAGCACGCTTTCTATTTAGTCGAACGCC	0.0220745761660376
GTGTATTATATCGCTACTCTTGCTTTCTCGCGATTT	0.215575428752715
TCAAACACTATCAGCACATTAGGCAAAATAAAAGGG	0.123903482218257
CGAGTAATCCACTTAATTTTTTGCGCATAGGGCCCT	1.56774075940481
ATGAACAATTCGGTGTTTTATGCTTTACATACCGCC	0.0371440700254283
TGTGTGCTTGTCCCGATTAACCAGAACGGAGCCGTG	0.10024444268363
GTTCTATTAAGCATTCGAACCTGATACCAATATGTC	0.589709255761601
AATGGACTCGTTTTTTTTGCGTTATTAGACCACGCG	0.0409627236320797
CCTGATGTTAGTTCCCGATACGCGGACATTAATTCG	0.355545434899548
ATAATCATTGTACCCTACCTCATCCTCAATGGCTGC	0.0853921124277934
AGACCACTCAGGACGTTAATAGTCTGTCCCCTCATA	0.300070312445587
CGACCAGGATATGTGATACTTATTTTATCATCCTAA	0.031321606540517
GCTTAACCCACAGTCGCTCCAAATGAGTTGTTGGGT	0.112835801364717
GTTTACCTGCGAGGTATGTTAATCAAAATGAAGAAC	0.0396354961798179
CCTCCTTTGACTCGTTACTTAGCTATGTACAGACTC	0.0563640133888739
ACTTTATATTATCCGTGGCAGGGAGCTCGACCGATA	0.0540345271977482
CTCACTAATTGTCCCCTGAATCACACCAAGGATCGA	2.2836803572852
GGCACAATAGCCGGGTTTTAATTACATGTCTTCGCA	0.907602778763284
GCGTCCCAGCCACTAGCGAATTAGGTAAGGCTCCCT	0.240556314457152
CGAACCATCCTTAATTTCTCACGGCCACGTGAAGCC	0.254843631621546
TATAATACGATACATCTCGCGTCCAACATGTAGTCG	0.000277393680021141
ATAATTCATGCAGGGTCGATTAATCTGGGCGATCCG	0.503092750534289
GAAGGTAAGGATAACTATTGTCGTGATTGTCGCTTG	0.179022104700773
ATTCAACTAATTAGGAGTTACGATTGCGGTGGGATA	3.22458599898404
TTAGGTGCCGATTACCGGCTTATTGGCGGGTTGGCG	0.189354097451263
AAAGTTGAGTAATAGCTATGGAACGATAATAGACGA	0.140969636728885
ACACATAACCAGTAAGCTGCGTGGTAGCATAAGGAC	0.053857361965616
GGAGCTCTCTAGCTGGTCCGTAGTAATAGCACGTAT	0.00283165566863702
AGGTGGTGATTGGCCTAACCCGCTTTCAGAGCATGT	0.210189701511219
GGAGCCACGCCATAACTACATTTTGCAGATTGTCTT	0.119627602720863
GGACAAGATTGGCTTACGGTCTGATTGATCGGAAAA	0.32893196312332
TGAGTGATATATAATGAGCTCCGTCTTAGCCAAAGC	0.724808999339989
GAAGCTTAATTAAATCCTGCACTACGCCTGTTTTCA	1.95647131476313
TGTATCATAATCGCTCGTTCGATGTAAGCTGAGGTG	0.161778728175686
CATCTGCATACGATTAGTGCTTCAGTCCGCATAATA	0.296970806684674
AATTATACCACATCTCTCGATTCGATCGGCTCTACA	0.0354484860475621
ATTCAGAGTATTATTACTTGTCGAGGCACAAGGATG	0.127022116562513
GACAACCCCAATAAACCGCCCTACACTTGGTTAACA	0.159952023034264
GTGGTTTTGGTTATTCGAAACTCGCCTATGTCGTCT	0.0798954615584156
ACTCGCGGAAGGGCTGGTAATGTATGTGCAGTTAGC	0.00514501909771114
CGTTCAAACCCTGTCTTCTAAGAGGCGATAATTTAG	0.02602398377052
ATGTTTACAACCACTCCGGTTAGCCTCATGACACAT	0.0198944435516483
GCCGAGTTAGGGAGTAATAGGGCGACAGCGCCCTAT	0.140330690080238
TTACAGTCCTTAATCCAGGCATCCGTCGACTTATAA	0.103010837632345
ACATGGTCGGAGTAGATTATGGGCGTGTGACTCCGC	0.248793531744788
AAATGTCATCTGCTCGGGGCTGTGCCAATGATGAGT	0.0360924632468013
GGACATCATAAGTCCGGCCTGATTAAAAGGGTTTCT	0.36714106411306
GACTTGGGGCGTTCCTCCTCCGTAATGAATGCACAT	0.160436703592075
ACGGCTAATCAGTGTTGCCCTCCGCTAAACAGTTAA	0.831033550862605
AGTGATCAGTTAGCATCGTGTAAGCTCACCTGGAGA	0.0690564485204847
AGTTGATCGCCATAAATCAATCAGGTACGAACACAA	0.19655608912284
GCAATTGTGATAGGAGGTGTAGAGCTCGCCCCGCCG	0.0267678081110835
CTTATGTGTCATTCAATTTTAACATTTTACATTACC	0.15450234830942
AGTGTTAACCCGTTATTGGAAGTTCTTCTTTACGCG	0.025780245963217
GATCTGCTCTGTTCTAATCTATCCTACACAGGCTGT	0.316500624730207
TTGAAGTTGGCGCAATGAGAGGTGGATAATTCGCAC	0.0197593758512375
TTGCGACCTGCATTCAATTAGCCTTTCTTCTCAATG	1.24316348988051
GGAGACACAGACCTGGTAATCAGCTCATCGGGAGAA	0.685685017119528
ACCACCTATGTTATGGGCACTGCCAGGCCGTTTTAG	0.000267344684524902
TATGTATGGTAATTCCAATACAACATCCTAAAGTTT	0.0738901294661194
TCGTTGATCCGATTTACGTCCGTAAACACCTGAACG	0.162326751717308
CGTCCTGGCAAATTAAGGGGTTGTGCGTCCCTTGTC	1.09073986958696
GAGTCTCGATCGTACATCCGGGAGCACGCCCATTGT	0.0504994964016827
AAAATTGTTAACAAGCAGGTAAGGTCAAGGTCCGGG	0.313866820263131
GTCAATTACATTACTGTTGTACCGGAGCGGTTGACG	1.16086400862716
CCGTTACCTTTCTGACAACTAATGATTAGCACCAAA	0.756559682101096
ATCATCGCATATCTATAAACAACGGGGCGAAATCAT	0.115525142565322
AAACGTATTAGGCGTGCAATAACCTATTGGTTTCCA	0.377076693226775
ACAGGTGACTGTACGATGGAATGCTAATATGAGATT	0.126035830521249
CGTATAATTTGAACGGCCGGCTGTCCGCTAATGGAG	0.699834166768245
TGCTTGAAAAATTCAAATCCTTGCTAATAGGCTATC	0.427180129642654
GATGGGTAGGTTAAGGTGTGATATAGTACCCCCACT	0.0503140923043747
CGTATAGATTCACGAATAACTCCATAATGTTGAGTC	0.0352885521496102
CTCACCAGGGTCGACATTGTTTGGGTTCTTAATGTC	0.0203413901487198
AAACCCGATTGACATCGTTTCAATTCACATCGATGT	0.0613449340801115
GAGGTCACCTAATGTAGATTCGTGTCAGAGAGGGAC	0.0516185047986789
TGGAACTTGTCCATGGTCATTTAGGGGCTCCCTGCA	0.0127482843251732
GGGTCTAGTTACTATTCGGGCCGGCTTTAAGCCTCT	0.0328801315725137
CCTTCATCATAATTAAGGTGGGGTAGTTTCGCACAG	1.94727882893502
GTTCTCAAACGCGTGACATGGATGAAATTGATATGT	0.0273868358677816
GCGGAATACGTAATTTTCTTGTACCGACGCACCGTA	0.0710177899245376
GATAGTCGGTTCCGGCTGAATGGCGCTATGGAAGTC	0.00547277406734158
GGTGGTTGGGTCAACGTGGCTATTAAAGACTGAGAT	0.0167427875811182
GCTTATCGAATTAAGGTCTTTCTGCTTAAATGTCGA	2.1263589482776
CAATAGACCTACCACCATTGTACAGTAATGGTTTAG	0.129524855330648
TATTACTAATCCCCATAATTAGATGCTTTAACATTG	2.02276102838197
CTAACATGGTTAAAATTATCATGAAGCGGTTAGCCC	0.218797721283032
TGGATTTGTAAATTACACTCGGTGCACTCCTGGATC	0.200936726891842
AGTAGGTTGCCCCCTACTGGCTATTTTGTAATGAGC	0.0216493018811463
GCCGCGTATTTAATATGGTCCTAACTTAGAGCCAAC	0.519809190291099
GAAAGCACAGACTAATAATTCTCAGAAAGCATTTAT	0.260652533618508
GATGTACAAGTTTTCAACGACAATTATGATTAAAGG	0.391867793494423
CGTCAGTATAACGAAGTAGATAACTAATCACGGATT	0.39198502589195
GGTCTGGTAACGGTGTGATGCTTCGTTACTCGTAAC	0.0970907902240747
ATCATACCCGTTGAGGACCCTGGGTGGTTAAATTAT	0.100377169878048
TTAGTGCAAATGACATTCGCGTGGCGTCCATGAGAG	0.0167917487110084
ATAAACAGGCCTACTAATGGGCTTCTGACTGACCTT	1.00270362158435
TAACCCTGGGCATGACCCATTATCGGGTTAGCATGG	0.151598547288912
AATTTCATACCTGTGCTACGAGCCAACACAACTAAT	0.0538082838088354
GACACTAATGATACTAGGCGAAATTGGAGGCTGATC	1.58194055014685
GTTGATAATAGTCCTTCTGTGAAAGTCAGGCATCTA	0.139151746673072
TCACGGGTAATATCTGTGCCAGTAGTGTTCAGGATG	0.0312370541430606
GTACCCAACATCGACTACTGGGATTACCGGTAATGC	0.432311335773601
TTGCTATAAGGGGTTAACGTCCACTATATTAGATTT	0.186235140318797
GTTTAGCGACGTTTGATTATTGCCGTGTCCGTCCTT	0.252551087935475
TTGTTTGTACCGGTTATAATAACTGAGTTGCTTCTG	0.0480245879628263
TACTCCCGCCGTAGATTAGTCCTCACCGGTTCTATC	0.287315686112389
ACATTAATTCGTACTCGGTCAAGTAGAGCCCGAGGT	0.643668460039616
GAGGCATATATCATTCTTAGGCTACTCGCGATCGAT	0.128287070239617
GCATAAGATCCACTTTAAATTGCCCTCGGGAAACTT	0.334662728006999
CGGGCTATTTAAACAATTACTCCTCCATCTGTCGCA	0.568989901655635
GGCTAAACGAACAGGGGCTGTACTGATCCCGTGGTA	0.118340113275942
TGCGGTTCGTTTAACAAGCTTTGGTGATCCGTCAGG	0.0944736846547529
CATATCAATCAATTATCGCAAGGGACCATTTTCGTC	1.92880770360166
GGAGGGCAGTGATTTGACCGACCCTCATTAGACATA	0.388780517799248
ACTATTGTATACGAACCCATTTAGGCGGACCACCCC	0.245104224312312
CGCGGTTGCGCCCGTAGAAGTAGCATCCATAATGAG	0.166563126343724
CTGCTGTGCGAACTCATTAGAGCGCGCGGCGTGGCC	0.698093290111235
GCTCACTGCAGCCCTATAATTGGTGGCCAATACTCT	1.30702271179541
GACGCTAAAAGTACAGGCTGTGTCTACAATATCTTC	0.016921796347483
CATATGCTATACGCACAACCAATCGAAGCCCTCGAC	0.0859762813342102
GGGAACATTTCTCGTAGTCTTCCCTCATCGCGCGTT	0.0309959816935402
GGAGATCTGTCTGGCGACGAAATCCAATAAATTTAG	0.122631763669274
CGCTAATCGCGGCGTGCAAACCATAACTGTCGAGGT	0.121019403869114
TCACCAACCTCCCGTTGTAATCTTTATTAGCACGGA	0.198142679465852
GAGGTTTTACGCCCCTACGCCTCCTTAATACCTGCG	0.00301311983423827
GATCAATATAATTTAGCACTAACGGAGTGGCGCGCC	0.779839995378555
AAACAAGTGAAGTACTCTTCTCATTCCAATTTAAGC	0.0215692304539871
GACGAACCTTTCTTAACACCTCTAAACTCGTCGTGT	0.00777888120469888
GTACTAGACATGGGCCGAGTACCATATTACGGAAGA	0.115577239598464
GACAGATTCCTCCTGCCAAAGATAGGTCTGCTTGTA	0.00832922006876903
CTATTAGGTAAACGAATCGGACTGTTTTCTATCCAC	0.0903994912175698
ACTTATGAAACACATTGCACCGCTGTACCCCTTAAC	2.56104779643851e-05
GGGAAAACAGTACTAACCACCATACCGAGACCAGTG	0.212745845351457
CGCGTCCTCCTTTATGAAATGACAGTATCGCCTCAT	0.00996788282098537
ACCTGTTTACGTCTAGCTCACGCACAAGCTTTCTGT	0.0989145357067808
ATAGGAGCGATTAGTCCAACATCGCTCGGGGCGACA	0.268225555513383
TCGTGTACATCGCCGTGATACAATTATGTGGCGTGA	0.354348033259932
CTGCACTGATTCGTTGAATAACATAGGTAAAAGCCT	0.179797780001239
TTGTGCAGTATATAAATACCGGGGAACAATTTGACG	0.0856543488404916
GAGTAGAAATTCGTGTATGATGTCCATTATAACGGA	0.40984215247306
AGGCAGGCGAAAATCCAGTTAGCTTGCTGGGTGATT	0.0239096010927018
GTTACGCCCTTGTGCGGTCATCTGCAATTACCCGTT	0.250111961947512
ACTGAAGTCAGTCAATCCACGTATCCGCGAACTACC	0.088436982116471
GTCTTATACGTGTCATACGCCCCATTAATCTATGCA	0.740174063304318
GCGACCTCGTTACCTGACTTGATTCCCCAGATTTAG	0.41441304908036
GAGAGAGATGAAGAGTAATTTGCCTTGACAAGCACG	0.46158153364893
CGTCTAATCTCGGGCTGTTAAACTACCTGAACAGCA	0.137436226654094
ACTCTGTAAATTCGACGTTCAGTCAACCTGCGACCC	0.0508336583962767
TGTTATAGGTGTATAACGAGCATTGTCACACTCTGT	0.268033528061877
CTCGTACAAATGCAGTCGAACATATTAATGGTACTT	0.253182281107118
AAACTAATAAGACTAGTTTAAACATTATCTATACAA	0.818167206401811
GCGTATAAAATTGCGGTAATCACCAGATAACGCGGC	0.637556207530761
CGATTCTGGATCAGTCTGTAATATAACGGGGACCGT	0.104186699624654
CGGTTGGTATGAGACATAGGTTATTGCACGAACTAA	0.0393657983198029
TGGAGCTATCGCTTACCACAATCGTTAACGACAAGA	0.0529973356363059
TGTAAGGAGTTATTATCCTTTTCAACTAACATCTGG	0.0702786851221133
GAACATTCGCACTTGTGAGAACAGTCACAGGTCGGC	0.00450356721461868
CACTGACCTAGAGTCCGTACATAAATGCGTGGATTG	0.0242753064791574
GACTGCCGCTTAACCCGGTCGTGATCGCTGCAGAAT	0.0112819606900167
GAAAACGCATACACCCTAGGCGTTCATCGCTAAGTG	0.220424373618673
GATGAAGGTACTCTCTTGCACCGTTACACGATTAAC	0.102732291157163
TACCATTTTATAGACAATGGACACCATTGCATGGTT	0.0564675061454743
