	0
AAAAAAAA	0.508602220761519
AAAAAAAC	1.69610706452352
AAAAAAAT	1.18323754406803
AAAAAACA	1.52265797785703
AAAAAACC	0.539991098480208
AAAAAACG	0.672843293228476
AAAAAACT	1.24252218824428
AAAAAAGA	0.13178607159094
AAAAAAGT	0.293544856780316
AAAAAATA	1.23269268992933
AAAAAATC	0.207670011919222
AAAAAATG	0.590601912861445
AAAAAATT	1.01367034711789
AAAAACAA	1.33775269890595
AAAAACAC	0.864909955536524
AAAAACAG	0.63658163196896
AAAAACAT	1.27428300203023
AAAAACCA	0.624482621877555
AAAAACCG	0.051291527560942
AAAAACCT	0.349838292856379
AAAAACGC	0.988100795142896
AAAAACGT	0.957832216929445
AAAAACTA	1.84132157202817
AAAAACTC	0.324379339228937
AAAAACTT	0.0710776842198645
AAAAAGAA	0.104345330314541
AAAAAGAG	0.0667068038399921
AAAAAGAT	0.0891585490986997
AAAAAGCA	0.10924702662135
AAAAAGTA	0.564247505607916
AAAAAGTT	0.989879070604105
AAAAATAA	1.48247063667249
AAAAATAC	0.859222281125312
AAAAATAG	0.178865037218754
AAAAATAT	2.22292685421275
AAAAATCA	0.573481064095844
AAAAATCG	1.15828358137267
AAAAATCT	0.184466815451413
AAAAATGA	0.478039742878314
AAAAATGC	0.514527653549312
AAAAATGG	0.510893627642316
AAAAATGT	0.961457821642465
AAAAATTA	1.55115305261919
AAAAATTC	0.322886822949971
AAAAATTG	1.02278544747722
AAAAATTT	0.124143557351494
AAAACAAA	0.0207902436872954
AAAACAAC	0.593343853619945
AAAACAAG	0.661565068843239
AAAACAAT	2.16385947684108
AAAACACA	0.881055068626803
AAAACACC	0.351468636010082
AAAACACG	1.31554095767555
AAAACACT	1.03786696376837
AAAACAGA	0.738967069738881
AAAACAGC	0.00356609494225833
AAAACAGG	0.322277409212593
AAAACAGT	1.54147064449235
AAAACATA	2.71911763858636
AAAACATC	1.49742078233761
AAAACATG	0.787188510682736
AAAACATT	0.718666378128042
AAAACCAA	0.766967539708201
AAAACCAC	0.421679217956911
AAAACCAT	1.97186355256242
AAAACCCA	0.702707654131092
AAAACCCG	0.0470907552993801
AAAACCGA	0.624571886533698
AAAACCTA	0.849110672812181
AAAACCTC	0.00438631923549456
AAAACCTT	0.693880558605726
AAAACGAA	1.66141735947281
AAAACGAG	0.295826438934809
AAAACGAT	0.992748171391638
AAAACGCA	0.0455058865931463
AAAACGCG	0.168081417626358
AAAACGCT	0.432072655561764
AAAACGGA	0.801048111728001
AAAACGGT	0.39483834639805
AAAACGTA	1.71763781186775
AAAACGTC	1.05821874395599
AAAACGTG	0.397360213287317
AAAACTAA	0.882266036320514
AAAACTAC	0.501747088158805
AAAACTAG	1.32381169298558
AAAACTAT	1.63428651813472
AAAACTCA	0.817192382698883
AAAACTCC	0.324379339228937
AAAACTCT	0.772261382947814
AAAACTGA	0.819427367580044
AAAACTGG	0.184972087089957
AAAACTGT	0.823327783923138
AAAACTTA	0.896328588140594
AAAACTTC	0.697686657576293
AAAACTTT	0.792545512877167
AAAAGAAA	0.318387940421667
AAAAGAAC	0.218044922897328
AAAAGAAT	1.5092592968287
AAAAGACA	0.926539621528544
AAAAGACC	0.0433955353828271
AAAAGACG	0.463091000745521
AAAAGACT	0.0240026484825723
AAAAGAGG	0.135079881261315
AAAAGAGT	1.66834519505018
AAAAGATA	0.486169002129557
AAAAGATC	1.11711910098048
AAAAGATT	1.3605353970879
AAAAGCAC	0.342245463661391
AAAAGCAG	0.0459162794462309
AAAAGCAT	0.397076419050335
AAAAGCCG	0.0478422065084812
AAAAGCCT	0.141656833756365
AAAAGCGA	0.669895313924036
AAAAGCGT	0.308996624899927
AAAAGCTC	0.561591461027969
AAAAGCTG	1.24813407190971
AAAAGCTT	0.182620328319
AAAAGGAT	0.155008075391961
AAAAGGCA	0.700764042561492
AAAAGGCG	0.281715886309067
AAAAGGGT	0.00728742056013537
AAAAGGTA	1.81460729908541
AAAAGGTC	0.0892871126600623
AAAAGGTT	0.406457909845769
AAAAGTAA	1.4409493783622
AAAAGTAC	0.893481382457398
AAAAGTAG	0.777779510653647
AAAAGTAT	0.747725672886577
AAAAGTCA	0.134153269217519
AAAAGTCG	0.383336679665991
AAAAGTCT	0.778684227593107
AAAAGTGA	0.711252358951804
AAAAGTGG	0.0430160202409874
AAAAGTGT	0.275970105659423
AAAAGTTA	1.11962356406886
AAAAGTTC	0.629718920291668
AAAAGTTG	1.08563843224745
AAAAGTTT	0.78505963284567
AAAATAAA	0.970797206468021
AAAATAAC	1.29060131100994
AAAATAAG	0.866956305672627
AAAATAAT	3.20516200704508
AAAATACA	1.92754673855865
AAAATACC	1.57577606239131
AAAATACG	0.630108540866278
AAAATACT	1.4719879344115
AAAATAGA	1.29745391725446
AAAATAGC	0.218563668446233
AAAATAGG	0.415965437844375
AAAATAGT	0.660489401666072
AAAATATA	1.5039842609223
AAAATATC	1.25484660562776
AAAATATG	1.88462840416778
AAAATATT	1.2943532336326
AAAATCAA	1.7392185249629
AAAATCAC	1.31162004976044
AAAATCAG	0.925017069657731
AAAATCAT	2.29652163331196
AAAATCCA	1.06271145094205
AAAATCCG	0.0510167159308679
AAAATCCT	0.534192264308517
AAAATCGA	0.813274001141974
AAAATCGG	0.206107599730257
AAAATCGT	0.929736026055267
AAAATCTA	0.291006147503098
AAAATCTC	0.203580118711673
AAAATCTG	1.44104790633171
AAAATCTT	0.142466391203899
AAAATGAA	0.963486206564753
AAAATGAC	1.29063443437291
AAAATGAG	2.24114273890166
AAAATGAT	2.01005254441652
AAAATGCA	0.268784300839927
AAAATGCC	0.613486788196972
AAAATGCG	1.71505306673013
AAAATGGA	0.418675939478698
AAAATGGC	0.510893627642316
AAAATGGG	0.66462617285342
AAAATGGT	0.331222962866551
AAAATGTA	1.18156593706385
AAAATGTC	1.32157502386563
AAAATGTG	1.56110381612738
AAAATGTT	0.426142731470516
AAAATTAA	3.16319751322519
AAAATTAC	1.71822841827191
AAAATTAG	1.43494562847043
AAAATTAT	2.50579868974822
AAAATTCA	0.814908554892663
AAAATTCC	0.24671543920065
AAAATTCG	0.791992521139427
AAAATTCT	0.773916147564045
AAAATTGA	0.568050516807358
AAAATTGC	1.21947702951674
AAAATTGG	1.09749013994244
AAAATTGT	1.31761537845824
AAAATTTA	0.674059313638572
AAAATTTC	1.00412464303993
AAAATTTG	1.10337178252156
AAAATTTT	0.44723333107628
AAACAAAA	0.654606355554624
AAACAAAG	0.66847943051025
AAACAAAT	1.31487175346094
AAACAACA	1.62205838306902
AAACAACG	1.31368773358795
AAACAACT	1.74427208346774
AAACAAGA	0.217733900133157
AAACAAGC	0.255687098555932
AAACAAGG	0.274599415986639
AAACAAGT	0.550979072379748
AAACAATA	2.48843025787973
AAACAATC	1.71126409085398
AAACAATG	1.08231346415937
AAACAATT	2.02805481148492
AAACACAA	0.881055068626803
AAACACAC	1.09851219218462
AAACACAG	0.864909955536524
AAACACAT	1.67321096092936
AAACACCA	0.432422696524688
AAACACCG	0.465140719359215
AAACACCT	0.0541238558014483
AAACACGA	1.57725482405345
AAACACGC	0.104325680861931
AAACACGT	1.22678213458423
AAACACTA	1.26507947913415
AAACACTC	0.517611494783226
AAACACTG	0.467444196618044
AAACACTT	1.24597908837131
AAACAGAA	0.563604687801102
AAACAGAC	0.912557913170631
AAACAGAT	0.929730131219485
AAACAGCA	0.412121724207383
AAACAGCT	1.38225365635132
AAACAGGC	0.441092035016242
AAACAGTA	1.52038678184177
AAACAGTC	0.559840133387482
AAACAGTG	0.457307605429452
AAACAGTT	1.73716656069748
AAACATAA	2.96211540135319
AAACATAC	2.11295672773535
AAACATAG	1.32359582971334
AAACATAT	1.90608672924382
AAACATCA	0.769154523783699
AAACATCC	0.680351629777241
AAACATCG	0.0451286171030336
AAACATCT	0.862674970655364
AAACATGA	1.7114184794102
AAACATGC	0.313408769130281
AAACATGG	0.445044662761986
AAACATGT	1.24945283088631
AAACATTA	2.40708938385517
AAACATTC	0.333253593440567
AAACATTG	0.718666378128042
AAACATTT	0.4512058889811
AAACCAAA	0.894555084689304
AAACCAAC	1.02334854464773
AAACCAAG	0.381394190922255
AAACCAAT	2.11575059919003
AAACCACA	1.46081413283156
AAACCACC	0.174224959338123
AAACCACG	0.211201860672645
AAACCACT	0.354286367514363
AAACCAGC	0.0352511179824277
AAACCAGT	0.0157852474010504
AAACCATA	1.64324161580851
AAACCATC	0.183436342015248
AAACCATG	1.43546998814865
AAACCATT	1.95275474060562
AAACCCAA	1.26611865447075
AAACCCAC	0.440481779159467
AAACCCAG	0.330693550471943
AAACCCAT	0.188299020123304
AAACCCGT	0.334034518828583
AAACCCTA	0.660489401666072
AAACCCTT	0.293093480783217
AAACCGAA	0.67340891675718
AAACCGAC	0.272000074112795
AAACCGAT	0.392043071411038
AAACCGTA	0.0946295181182686
AAACCGTG	0.0555473182898135
AAACCGTT	0.804981932140533
AAACCTAA	1.42086426931714
AAACCTAC	0.148324735146352
AAACCTAG	0.437441166721295
AAACCTAT	0.407911688632447
AAACCTCA	0.183905963932628
AAACCTGT	0.187379425741153
AAACCTTA	1.14060328462061
AAACCTTC	0.592017234862301
AAACCTTT	1.3060362367416
AAACGAAA	0.786827802874108
AAACGAAC	0.340773719660898
AAACGAAG	0.961607718895233
AAACGAAT	1.35508548105327
AAACGACA	0.565859883547803
AAACGACC	0.144998924938868
AAACGACT	1.50176218853857
AAACGAGA	0.202951897641083
AAACGAGC	0.50460243432951
AAACGAGG	0.295963423690147
AAACGAGT	1.77678378704986
AAACGATA	1.34549233758258
AAACGATC	0.909140873361743
AAACGATG	0.517350157063512
AAACGATT	1.88592189956246
AAACGCAA	0.809939769740514
AAACGCAT	0.610128135332983
AAACGCCA	0.338930601006075
AAACGCGA	0.0622750101570285
AAACGCTA	0.638419697907397
AAACGCTG	0.146179857040732
AAACGCTT	0.293206324782492
AAACGGAA	0.947561167343707
AAACGGAC	0.377511459086509
AAACGGAT	0.0290486279128331
AAACGGCA	0.470958080157653
AAACGGCT	0.399859623659315
AAACGGTA	0.877757329065906
AAACGGTG	0.838310772244766
AAACGGTT	0.750179608811106
AAACGTAA	1.2081651203556
AAACGTAC	0.728256153121143
AAACGTAG	0.797277381772133
AAACGTAT	1.68385506940822
AAACGTCA	1.18438086150347
AAACGTCG	0.184894331398914
AAACGTGA	1.60684465403245
AAACGTGC	0.20298670524285
AAACGTGG	0.662413925195994
AAACGTGT	0.518694460328505
AAACGTTA	1.25044344400432
AAACGTTG	0.145322579494003
AAACGTTT	0.15986036736078
AAACTAAA	0.617755772129738
AAACTAAC	1.20481909928258
AAACTAAG	0.918063970498433
AAACTAAT	2.57495521891575
AAACTACA	0.908205840123971
AAACTACG	0.512229509713333
AAACTACT	1.31202202141955
AAACTAGA	0.614104623128325
AAACTAGC	1.2304706175456
AAACTAGG	0.515850903829366
AAACTAGT	1.60062644440077
AAACTATA	1.40028539759863
AAACTATC	1.39164721752479
AAACTATG	0.506156706030965
AAACTATT	1.7069294216082
AAACTCAA	0.808091036956374
AAACTCAC	0.741129070938918
AAACTCAG	0.13461194358273
AAACTCCA	0.113505905121345
AAACTCGT	0.176100639942985
AAACTCTA	0.67649640717515
AAACTCTC	0.510397057904214
AAACTCTG	0.266083062518978
AAACTCTT	1.06327567093842
AAACTGAA	0.639051848868509
AAACTGAC	0.123707900916482
AAACTGAG	0.0762595255796003
AAACTGAT	1.43749753095154
AAACTGCA	0.0894151148084939
AAACTGGA	0.5378074828823
AAACTGGT	0.446574232294445
AAACTGTA	0.823327783923138
AAACTGTC	1.09121129771413
AAACTGTT	1.15133272786509
AAACTTAA	1.63983664637766
AAACTTAC	0.986394941949878
AAACTTAG	0.493910325044985
AAACTTAT	1.61505868663639
AAACTTCA	0.876694574386167
AAACTTCT	1.10023123858154
AAACTTGA	1.17122443015518
AAACTTGC	0.215844745617934
AAACTTGG	0.365188164528884
AAACTTGT	0.532657922766138
AAACTTTA	0.727076905258074
AAACTTTC	0.992534834477587
AAACTTTG	0.854606344000745
AAAGAAAA	0.372661974182349
AAAGAAAC	0.594622190865461
AAAGAAAG	0.548216359342775
AAAGAAAT	0.0395492953876434
AAAGAACC	1.12597567068476
AAAGAACG	0.106560385036625
AAAGAACT	0.675430845430754
AAAGAAGC	0.204800630425223
AAAGAAGT	0.738827839331815
AAAGAATA	0.668556905494826
AAAGAATC	0.649355741110753
AAAGAATG	1.29250225519673
AAAGAATT	0.637883829264075
AAAGACAA	1.38508879165649
AAAGACAC	0.254638379199488
AAAGACAT	2.17582711630646
AAAGACCA	1.09345554590866
AAAGACCT	0.61539053944842
AAAGACGA	1.65159937012296
AAAGACGG	0.975197841733274
AAAGACGT	0.278157089734921
AAAGACTA	0.332670846817445
AAAGACTG	0.126313418332576
AAAGACTT	0.633238698667058
AAAGAGAC	0.582194754209003
AAAGAGAT	0.172325699390129
AAAGAGCC	0.362808615817807
AAAGAGCT	0.00412891140630307
AAAGAGGT	0.406047797699151
AAAGAGTA	0.968184390683816
AAAGAGTC	1.17382180708376
AAAGAGTG	0.521292117963554
AAAGAGTT	1.57453477839928
AAAGATAA	2.26669516778223
AAAGATAC	0.145163418927861
AAAGATAG	0.44623036687377
AAAGATAT	1.41753059932861
AAAGATCA	0.504182778163053
AAAGATCC	0.336500244424679
AAAGATCG	1.3111369539327
AAAGATCT	0.849851176469114
AAAGATGA	0.563656899203751
AAAGATGC	0.612753021495219
AAAGATGG	0.615402609826452
AAAGATGT	0.180456923586633
AAAGATTA	2.95725160041927
AAAGATTC	1.51579414335387
AAAGATTG	1.04812594297607
AAAGATTT	0.425644758200084
AAAGCAAA	0.549523328647809
AAAGCAAG	0.759182426584099
AAAGCAAT	1.55997790249283
AAAGCACA	0.575169232781513
AAAGCAGA	0.6558291129199
AAAGCAGC	0.123791270736842
AAAGCAGT	0.0163449760939708
AAAGCATA	0.438377603491396
AAAGCATC	0.16660265596422
AAAGCATG	0.925364864968929
AAAGCATT	0.998092541795106
AAAGCCAA	0.40789119706044
AAAGCCAT	0.222463804082862
AAAGCCGA	0.30952772153333
AAAGCCTA	0.51935692758793
AAAGCCTG	0.931353737418006
AAAGCGAA	0.347736643546502
AAAGCGAT	0.143434267098177
AAAGCGGG	0.00928576989057802
AAAGCTAA	0.768930800730411
AAAGCTAT	0.19436789391515
AAAGCTCA	0.987008004871311
AAAGCTCT	0.180460572770689
AAAGCTGA	0.044442570500477
AAAGCTGC	0.301747380419148
AAAGCTGT	0.884840395318896
AAAGCTTA	1.05723711344489
AAAGCTTG	0.760127284548176
AAAGCTTT	0.193029485485941
AAAGGAAT	0.68426130943371
AAAGGATA	0.676559846836434
AAAGGATG	0.497775653079847
AAAGGATT	0.437192460792545
AAAGGCAA	0.641628172812152
AAAGGGAC	0.228545590372138
AAAGGGCA	0.201618541928258
AAAGGTAA	0.46258207992292
AAAGGTAC	0.773240487100725
AAAGGTAT	1.74261170472219
AAAGGTCA	0.0503969160542536
AAAGGTGT	0.342340061740385
AAAGGTTA	0.891043166094957
AAAGGTTG	0.525996758331331
AAAGTAAA	1.26998959663493
AAAGTAAC	1.15256081865322
AAAGTAAG	0.743164754229319
AAAGTAAT	2.68788848284674
AAAGTACA	1.55412320773443
AAAGTACC	1.03968425742833
AAAGTACG	1.56313472740787
AAAGTACT	1.12362756109786
AAAGTAGA	0.523198956986126
AAAGTAGC	0.537569724505719
AAAGTAGG	0.487882434397154
AAAGTAGT	0.736769138111214
AAAGTATA	1.89289801665196
AAAGTATC	0.226813070064863
AAAGTATG	0.658769232443296
AAAGTATT	1.63508512803008
AAAGTCAA	0.51673428707742
AAAGTCAG	0.0423114470116843
AAAGTCAT	0.664278938955153
AAAGTCCG	0.120852554745777
AAAGTCGA	0.558635060529554
AAAGTCGC	0.329898028347702
AAAGTCGT	0.591751125132667
AAAGTCTA	0.57055441848281
AAAGTCTC	1.00612944861908
AAAGTCTG	0.477921284749723
AAAGTCTT	0.627047436856098
AAAGTGAA	1.32359891748446
AAAGTGAC	0.240749023268841
AAAGTGAG	0.517756339319608
AAAGTGAT	1.11239761822475
AAAGTGCA	0.321669960420477
AAAGTGCT	0.127274276565206
AAAGTGGA	0.08050380734337
AAAGTGGC	0.0117065824521354
AAAGTGGT	0.357819339093649
AAAGTGTA	2.16786515810887
AAAGTGTC	1.06505787629015
AAAGTGTT	0.517011905772154
AAAGTTAA	1.24167417401092
AAAGTTAC	0.826461590907975
AAAGTTAG	1.0833063229291
AAAGTTAT	1.4196173711958
AAAGTTCA	0.988465152135579
AAAGTTCC	0.260490547599692
AAAGTTCG	0.836434810933438
AAAGTTCT	0.0705353593278267
AAAGTTGA	0.488258581061403
AAAGTTGC	0.237093102257509
AAAGTTGG	0.0739406094651486
AAAGTTGT	1.2021641775285
AAAGTTTA	0.635205047460393
AAAGTTTC	0.897292253437884
AAAGTTTG	0.777573752814173
AAATAAAA	1.24647060539303
AAATAAAC	2.45901923791947
AAATAAAG	0.942320658332607
AAATAAAT	1.5584604033384
AAATAACA	1.27565425311594
AAATAACC	1.17453031020359
AAATAACG	1.35129313669953
AAATAACT	2.15528698208024
AAATAAGA	0.654450844172538
AAATAAGC	0.672059560775801
AAATAAGG	1.23352947590405
AAATAAGT	0.799937636949067
AAATAATA	2.60977910165714
AAATAATC	2.38106396457963
AAATAATG	2.24030314586228
AAATAATT	4.9238030638218
AAATACAA	1.28392161994839
AAATACAC	1.42143241920403
AAATACAG	0.63449373727591
AAATACAT	2.14393380906862
AAATACCA	1.2063753359293
AAATACCC	0.201936863060541
AAATACCG	1.28471349288857
AAATACCT	1.37647840152276
AAATACGA	1.02504120463686
AAATACGC	0.0939521734161539
AAATACGG	1.35357668379928
AAATACGT	1.83861836876196
AAATACTA	1.60657770218342
AAATACTC	0.272766964177519
AAATACTG	1.11663011031695
AAATACTT	1.61040288919367
AAATAGAA	1.47142146876339
AAATAGAC	0.925268021238208
AAATAGAG	0.420163122334813
AAATAGAT	1.16584188367235
AAATAGCA	0.782223936127574
AAATAGCC	0.761986403471553
AAATAGCG	0.639168622758306
AAATAGCT	1.41016430025157
AAATAGGA	0.305876011118986
AAATAGGC	0.411773367483254
AAATAGGT	1.27159916751016
AAATAGTA	1.63064968516306
AAATAGTC	0.996565779327305
AAATAGTG	0.549197147734482
AAATAGTT	1.54790920869974
AAATATAA	1.8947663988887
AAATATAC	1.7412320324425
AAATATAG	1.3687488682789
AAATATAT	2.24731014066302
AAATATCA	1.43448639269229
AAATATCC	1.5316560236201
AAATATCG	2.30650776583485
AAATATCT	2.28087814267617
AAATATGA	2.12136220214899
AAATATGC	1.53049361814498
AAATATGG	1.44963836630636
AAATATGT	1.88971312109033
AAATATTA	2.1175299974771
AAATATTC	1.78072209876584
AAATATTG	0.815453125436428
AAATATTT	1.62648512403559
AAATCAAA	0.812733921901663
AAATCAAC	1.43157855441246
AAATCAAG	0.551856560792019
AAATCAAT	2.10937014122108
AAATCACA	2.64434248879822
AAATCACC	0.604099402565754
AAATCACG	1.23661808914789
AAATCACT	1.63857851999768
AAATCAGA	1.09370004124042
AAATCAGC	0.642526433502898
AAATCAGG	0.627561129688618
AAATCAGT	0.747551634877745
AAATCATA	2.12238200873946
AAATCATC	1.29334100611671
AAATCATG	0.570917091236698
AAATCATT	2.78983433429113
AAATCCAA	0.967788875273422
AAATCCAC	0.670951331648594
AAATCCAG	0.107541454134798
AAATCCAT	0.752198449713556
AAATCCCG	0.239021555677952
AAATCCGA	0.0243922690571835
AAATCCTA	0.264191943058493
AAATCCTC	0.18181385864259
AAATCCTG	0.478591050377259
AAATCGAA	1.64835580690998
AAATCGAC	0.652842957536105
AAATCGAG	0.0477695035338244
AAATCGAT	0.893593945750207
AAATCGCA	0.179237815405413
AAATCGCG	0.767753517812603
AAATCGCT	1.33299584713552
AAATCGGA	0.284908360945268
AAATCGGC	0.295582785722444
AAATCGGT	1.19524672809036
AAATCGTA	0.969156196468616
AAATCGTC	0.991132705680626
AAATCGTG	0.836781764125239
AAATCGTT	1.84832519835132
AAATCTAA	0.947914296077756
AAATCTAC	0.577532781224036
AAATCTAG	0.559074646855088
AAATCTAT	0.854965648277044
AAATCTCA	0.72212468178741
AAATCTCC	0.12789547997415
AAATCTCG	0.555975647472017
AAATCTCT	0.00295583908548338
AAATCTGA	1.62816402940789
AAATCTGC	0.46834582578638
AAATCTGG	0.0447243997921983
AAATCTGT	2.06640745520861
AAATCTTA	0.454075270475099
AAATCTTC	0.485185125966725
AAATCTTG	0.54986073781977
AAATGAAA	0.637640456758176
AAATGAAC	1.58928674529951
AAATGAAG	1.06151648351689
AAATGAAT	1.73457423648528
AAATGACA	2.10165604683284
AAATGACC	1.35605728683807
AAATGACG	0.960576964752603
AAATGACT	2.24884728927006
AAATGAGA	0.709328396834815
AAATGAGC	0.411049706214272
AAATGAGG	0.760927297975872
AAATGAGT	2.17863811085556
AAATGATA	3.53999878495308
AAATGATC	1.48385985297202
AAATGATG	1.63023143252893
AAATGATT	1.72719249855262
AAATGCAA	0.812559603186365
AAATGCAC	0.815852570737344
AAATGCAG	0.0926202212356584
AAATGCAT	0.937596649218685
AAATGCCA	1.15860527098254
AAATGCCC	0.154489610549522
AAATGCCG	0.336227397739864
AAATGCGA	0.429453383528844
AAATGCGC	0.837829641362286
AAATGCGG	0.209696151189784
AAATGCGT	1.64682904444218
AAATGCTA	0.733655541991919
AAATGCTG	0.537322141402832
AAATGCTT	0.514527653549312
AAATGGAA	0.816187172844646
AAATGGAT	1.61047025874547
AAATGGCA	1.14789210871307
AAATGGCC	0.490539321096498
AAATGGCG	0.102117643801493
AAATGGCT	0.180169199459129
AAATGGGA	0.931035977698656
AAATGGGC	0.0245643421207545
AAATGGGG	0.543918181937559
AAATGGGT	1.49092748036939
AAATGGTA	1.61449109816242
AAATGGTC	1.02579349796536
AAATGGTG	0.0837905993520997
AAATGGTT	1.74944971423049
AAATGTAA	3.35777256851215
AAATGTAC	1.55589643047926
AAATGTAG	0.745407598891523
AAATGTAT	1.88552947192319
AAATGTCA	1.38208944306879
AAATGTCC	0.750235188691346
AAATGTCG	0.423035591599937
AAATGTCT	1.4455765437454
AAATGTGA	1.72937134214061
AAATGTGC	0.766218614857292
AAATGTGG	0.705879075782354
AAATGTGT	2.05806373621745
AAATGTTA	2.27639357617762
AAATGTTC	1.39187599329446
AAATGTTG	0.760157039433558
AAATTAAA	2.02656482156414
AAATTAAC	3.87544638013079
AAATTAAG	3.63985618029149
AAATTAAT	4.17826914702064
AAATTACA	1.79902023044925
AAATTACC	3.02774541519015
AAATTACG	2.30980213691816
AAATTACT	2.50782146054119
AAATTAGA	3.10290962413997
AAATTAGC	3.28407870003049
AAATTAGG	1.93091577756188
AAATTAGT	3.51096924507993
AAATTATA	2.96041460087656
AAATTATC	2.06287027303233
AAATTATG	2.5651849496651
AAATTATT	3.21457465625822
AAATTCAA	1.94992241236511
AAATTCAC	0.400300894223644
AAATTCAG	0.87624712827959
AAATTCAT	1.51891279218955
AAATTCCA	0.110743472790838
AAATTCCC	0.172189837460654
AAATTCCT	0.593989478491418
AAATTCGA	0.921948386572974
AAATTCGC	0.0813355406017074
AAATTCGT	1.75072412158548
AAATTCTA	1.38301380946086
AAATTCTG	1.77283256283644
AAATTCTT	0.793589179517226
AAATTGAA	2.48484282924606
AAATTGAC	2.09038792788038
AAATTGAG	1.31787924253614
AAATTGAT	0.755287624370322
AAATTGCA	0.760127284548176
AAATTGCC	1.24159838326514
AAATTGCG	0.34327284932643
AAATTGCT	1.53506211587682
AAATTGGA	0.967729365502661
AAATTGGC	1.3820762498649
AAATTGGG	0.819307505919122
AAATTGGT	2.08084194309595
AAATTGTA	1.12764390921135
AAATTGTC	0.976280807278554
AAATTGTG	1.51522374781525
AAATTGTT	1.7097173982271
AAATTTAA	1.95890529997903
AAATTTAC	0.983027306478981
AAATTTAG	0.457105216067568
AAATTTAT	2.04224508474696
AAATTTCA	1.38838540839152
AAATTTCC	0.169633162969621
AAATTTCG	0.693824978725486
AAATTTCT	0.755846510943845
AAATTTGA	1.46325431413926
AAATTTGC	1.07833529212523
AAATTTGG	0.286888745061895
AAATTTGT	1.74158656470888
AAATTTTA	0.568690527549514
AAATTTTC	1.20390848750734
AAATTTTG	1.03293831964083
AACAAAAA	0.786146247575006
AACAAAAC	0.684862021270645
AACAAAAG	1.20373360737911
AACAAAAT	1.33325550061644
AACAAACA	1.25415045359244
AACAAACG	0.723842324651994
AACAAACT	0.947210284261384
AACAAAGA	0.759771068043004
AACAAAGC	0.0572590663186145
AACAAAGG	0.203435835588222
AACAAAGT	0.899663661661452
AACAAATA	2.83773633127684
AACAAATC	0.67649640717515
AACAAATG	1.41569084915138
AACAAATT	1.20768960360244
AACAACAA	2.41647283959587
AACAACAC	0.637007744384132
AACAACAG	0.128931567539631
AACAACAT	2.08057078064993
AACAACGA	1.02508050354208
AACAACGC	0.750986920606914
AACAACGG	0.364912230072946
AACAACGT	1.22512372078394
AACAACTA	1.54181282567424
AACAACTC	1.08295852761791
AACAACTG	0.627505269101913
AACAACTT	1.15957595394148
AACAAGAA	0.663675700760025
AACAAGAC	0.407535541968198
AACAAGAG	0.571684542714354
AACAAGAT	0.799118535481695
AACAAGCA	0.592975286030274
AACAAGCC	0.392436060463239
AACAAGCG	0.789630656935699
AACAAGGC	0.0886527160472239
AACAAGGT	0.621399903469505
AACAAGTA	0.719454321177705
AACAAGTC	0.649627745676169
AACAAGTG	0.76528217808719
AACAAGTT	1.18458774216881
AACAATAA	2.72813842157317
AACAATAC	2.04753162961846
AACAATAG	2.13558419524168
AACAATAT	0.800321643394361
AACAATCA	2.07840176178825
AACAATCC	1.32295638038411
AACAATCG	0.88507253956616
AACAATCT	0.349833240139994
AACAATGA	1.01826663478984
AACAATGC	0.157549311027372
AACAATGG	0.154641753454017
AACAATGT	1.22638942623849
AACAATTA	3.82016068026716
AACAATTC	1.69629289220392
AACAATTG	1.13256918486129
AACACAAA	1.76118436732921
AACACAAC	0.94819051124016
AACACAAT	0.700597302920773
AACACACA	1.02344959897544
AACACACC	0.143076085647742
AACACACG	0.372495234541629
AACACACT	1.31761257139358
AACACAGA	0.459453044948003
AACACAGC	0.0433506223482902
AACACAGT	0.859360108000048
AACACATA	0.686525487787319
AACACATC	0.464172843464937
AACACATG	0.56067383159108
AACACATT	2.72811652646883
AACACCAA	0.928756360489424
AACACCAT	0.822957812801137
AACACCGA	0.204933685290039
AACACCGT	0.435999458312649
AACACCTC	0.298059739577174
AACACCTG	0.51425536827743
AACACCTT	0.573677558621945
AACACGAA	0.565087940766695
AACACGAC	0.379232751135149
AACACGAG	1.57725482405345
AACACGAT	1.28605133990485
AACACGCA	0.111447765313676
AACACGCT	0.167363651193161
AACACGGA	1.01292310650577
AACACGTA	0.330381685588375
AACACGTC	0.123524880300744
AACACGTT	0.630993327646662
AACACTAA	1.62037695133853
AACACTAC	0.560842536177061
AACACTAT	1.9545759641561
AACACTCA	0.63208050378893
AACACTCC	0.468307088294092
AACACTCG	0.361292800902174
AACACTCT	0.9695320624264
AACACTGA	0.498824372436293
AACACTGC	0.297830402394568
AACACTTA	1.75275194509484
AACACTTC	0.475372189333267
AACACTTG	0.529875560276555
AACAGAAA	1.18438086150347
AACAGAAC	0.0459190865108894
AACAGAAG	0.432107743869995
AACAGAAT	0.545898846760653
AACAGACA	1.60724016944285
AACAGACC	0.541662705484391
AACAGACG	0.336731546552545
AACAGACT	0.607507179061268
AACAGAGA	0.748565546632424
AACAGAGC	0.210510199940772
AACAGAGT	0.699928098706167
AACAGATA	1.91555046703375
AACAGATC	0.808699608574355
AACAGATG	0.16532319589284
AACAGATT	1.39825953903454
AACAGCAA	1.10869790700474
AACAGCAG	0.228290147488207
AACAGCAT	2.03730380882847
AACAGCCT	0.402790760575803
AACAGCGC	0.0433012180102989
AACAGCTA	0.264401911494955
AACAGCTC	0.349073087030451
AACAGCTT	1.33000183197068
AACAGGAA	0.142561831402291
AACAGGAT	0.457401642095514
AACAGGCA	0.441092035016242
AACAGGTA	0.48789085559113
AACAGGTC	0.126541632689317
AACAGTAA	1.69110543671486
AACAGTAC	1.58623350107038
AACAGTAG	0.746742077430211
AACAGTAT	1.45980443167387
AACAGTCA	0.514633760593406
AACAGTCG	0.106408803545061
AACAGTCT	0.523466470248089
AACAGTGA	0.443634674183982
AACAGTGC	0.0816513353757973
AACAGTGT	1.12299204165915
AACAGTTA	1.92992432232447
AACAGTTC	0.198603754484945
AACAGTTG	0.340797018297565
AACATAAA	2.47128077705461
AACATAAC	1.79279079255894
AACATAAG	1.80956693378446
AACATAAT	3.37467362411498
AACATACA	2.93857619924575
AACATACC	0.879819118057631
AACATACG	1.69083595850764
AACATACT	1.03751215079552
AACATAGA	0.478591050377259
AACATAGC	0.801813317553929
AACATAGG	0.561540933864115
AACATAGT	1.48897572831228
AACATATA	1.71658796968544
AACATATC	1.59148888752417
AACATATG	1.28712925273375
AACATATT	2.01651300372824
AACATCAA	1.59736912657096
AACATCAC	0.657955183692308
AACATCAG	0.727454455454653
AACATCAT	1.17975706459786
AACATCCA	1.3927882893085
AACATCCG	0.550697804500959
AACATCCT	0.463362443898006
AACATCGA	1.35969411980972
AACATCGG	0.0451286171030336
AACATCGT	0.945980789940927
AACATCTA	1.52637228581326
AACATCTG	0.877463710102618
AACATCTT	1.49852115168378
AACATGAA	0.876403201074607
AACATGAC	0.753861354817298
AACATGAG	1.18158642863585
AACATGAT	1.07333113795838
AACATGCA	1.18379053580577
AACATGCG	0.146912220210155
AACATGCT	0.745556373318428
AACATGGA	0.631501406349865
AACATGGC	0.152129991997521
AACATGGT	0.57191387989696
AACATGTA	1.35185932164117
AACATGTC	0.203768472750264
AACATGTG	0.236239473894836
AACATGTT	1.2322531036038
AACATTAA	3.22650271611192
AACATTAC	2.01567762128585
AACATTAG	2.99960964470429
AACATTAT	3.05119058063153
AACATTCA	0.482278691219233
AACATTCC	0.184375305143543
AACATTCG	0.831338585045789
AACATTCT	1.24595157913766
AACATTGA	1.10825074160463
AACATTGC	1.00217654016687
AACATTGG	0.592744264608873
AACATTGT	0.705914444797052
AACATTTA	1.93195579501788
AACATTTC	1.11464214712575
AACATTTG	1.71118942293406
AACCAAAA	1.39641922744437
AACCAAAC	0.275890104316653
AACCAAAG	0.0113001194895737
AACCAAAT	2.10291782239687
AACCAACA	1.22512372078394
AACCAACG	0.544493910899034
AACCAACT	1.34509710287865
AACCAAGA	0.519127590405324
AACCAAGT	0.652842957536105
AACCAATA	1.50469837817144
AACCAATC	2.70083971776849
AACCAATG	0.397005400314473
AACCAATT	2.04948731156609
AACCACAA	0.849382677377597
AACCACAC	1.12301281393763
AACCACAT	0.909939202550643
AACCACCA	0.0145838237271785
AACCACGA	0.460843664779863
AACCACGC	0.170159206886639
AACCACGT	0.557790414773788
AACCACTA	0.992892454515089
AACCACTC	0.331610899202367
AACCACTG	0.13495356335168
AACCACTT	0.59111055297758
AACCAGAA	0.00263527230147378
AACCAGAT	0.250255989854515
AACCAGCA	0.140187054701133
AACCAGTA	1.09031275631692
AACCAGTT	0.027656323842178
AACCATAA	1.5854028906379
AACCATAC	0.752012622033158
AACCATAG	0.00268243098773755
AACCATAT	2.24724220969829
AACCATCA	0.327775326052885
AACCATCG	0.0754625999230295
AACCATCT	0.494418123041722
AACCATGA	1.13748828496899
AACCATGT	0.498550964338547
AACCATTA	3.1120059171661
AACCATTC	0.250030301855966
AACCATTG	0.402891814903512
AACCCAAA	1.10424141115278
AACCCAAC	0.270589804828325
AACCCAAT	0.718369952100096
AACCCACA	0.443315510932302
AACCCACT	0.335122537090248
AACCCATA	1.14856889200226
AACCCATT	1.80868242771055
AACCCGAT	0.142064700251257
AACCCGTA	0.605559637601147
AACCCGTT	1.01098230200083
AACCCTAA	0.624743117477872
AACCCTAT	0.0592074498981336
AACCCTTA	0.214393493189449
AACCGAAA	0.637640456758176
AACCGAAC	0.644623310802856
AACCGAAG	0.544462191068392
AACCGAAT	0.718750028654867
AACCGACA	0.593431434037292
AACCGACT	0.202681858020928
AACCGAGT	0.0882647797114081
AACCGATA	0.388953616047806
AACCGATT	1.45278143660457
AACCGCTT	0.490172999158554
AACCGGCA	0.177898564856805
AACCGGTA	0.710667366676957
AACCGTAA	0.362808615817807
AACCGTAC	0.0015758860993267
AACCGTAT	0.668965614109116
AACCGTCA	0.500131622447793
AACCGTGA	0.398914204282306
AACCGTGG	0.258909047371049
AACCGTTA	1.09380502545865
AACCGTTC	0.238844710604462
AACCGTTG	0.230449903036518
AACCTAAA	0.940360485081521
AACCTAAC	0.925754204837074
AACCTAAG	0.487281161147286
AACCTAAT	2.67116230737214
AACCTACA	1.2278330995924
AACCTAGA	0.539449896414034
AACCTAGT	0.573252288326169
AACCTATA	1.53345900125031
AACCTATC	0.501269325753914
AACCTATG	0.0038540997762283
AACCTATT	1.0783569065231
AACCTCAG	1.14637657450391
AACCTCAT	0.479893528378839
AACCTCTA	0.0552671732368875
AACCTGAA	0.150887585179634
AACCTGAT	0.923814523157996
AACCTGTA	0.934604879705572
AACCTTAA	1.55342424863445
AACCTTAC	0.573544784463594
AACCTTAG	0.213434599902079
AACCTTAT	0.78574680227409
AACCTTCA	0.270769176260008
AACCTTCG	0.369775188887467
AACCTTCT	0.0611850269501023
AACCTTGA	0.568335995283135
AACCTTGC	0.278678080935553
AACCTTTA	1.36861862047874
AACCTTTG	0.543404208398574
AACGAAAA	0.702565616659368
AACGAAAC	1.04098673542991
AACGAAAG	0.64276952530233
AACGAAAT	2.5240954178993
AACGAACA	0.778945284606355
AACGAACC	0.611612791830905
AACGAACT	1.00368617954025
AACGAAGA	0.0723908290671472
AACGAAGC	0.31066963543644
AACGAAGT	0.875179320883467
AACGAATA	0.48968737697262
AACGAATC	1.02356356580058
AACGAATG	0.876694574386167
AACGAATT	2.1210242315641
AACGACAA	0.988947405843923
AACGACAC	0.863647618559561
AACGACAG	0.247973284874159
AACGACAT	2.50934232817321
AACGACCA	0.833084579263425
AACGACCG	0.518804497263122
AACGACCT	1.63391907337091
AACGACGA	0.359351715690768
AACGACGG	0.275383709852246
AACGACGT	0.955666285838886
AACGACTA	1.14343870063224
AACGACTC	0.365011600161859
AACGACTG	0.19438754336776
AACGACTT	1.39852649088357
AACGAGAA	0.946555115370072
AACGAGAC	0.853173337492542
AACGAGAG	0.0506798681718381
AACGAGAT	1.20349641041546
AACGAGCA	0.220437384105834
AACGAGCC	0.875365148563865
AACGAGCG	0.00112815928628286
AACGAGGA	0.187843152822751
AACGAGGC	1.02331935117528
AACGAGGG	0.310010536654605
AACGAGGT	0.838256876603321
AACGAGTA	1.78582871079273
AACGAGTC	1.30228431411894
AACGAGTG	1.71854000244902
AACGAGTT	2.59089401275362
AACGATAA	3.03575846196453
AACGATAC	0.29911379235647
AACGATAG	0.513285246731425
AACGATAT	2.45039256681073
AACGATCA	1.27645061735958
AACGATCC	0.538802025890834
AACGATCG	0.614090868511498
AACGATCT	1.34284387207721
AACGATGA	0.24665649084282
AACGATGG	1.49314927204665
AACGATGT	1.18687128926856
AACGATTA	2.56966109496967
AACGATTC	1.46397544905005
AACGATTG	0.713888754079141
AACGCAAA	0.477215027281624
AACGCAAC	0.842290909224165
AACGCAAG	0.44167562375876
AACGCAAT	1.49628785104141
AACGCACA	0.366620890330622
AACGCACT	0.57535169198432
AACGCAGC	0.224566856925069
AACGCATA	0.973261528531787
AACGCATC	0.252250409294434
AACGCATG	0.455883020115223
AACGCATT	1.6368016480688
AACGCCAT	1.16103225908635
AACGCCCT	0.269994707120706
AACGCGAA	0.98145450815078
AACGCGAC	0.150119010876115
AACGCGAT	0.493910325044985
AACGCGCA	0.275890104316653
AACGCGTA	0.327145982156432
AACGCGTT	0.925455813863867
AACGCTAA	1.8245252199371
AACGCTAC	0.403484666959404
AACGCTAT	0.669841418282592
AACGCTCA	0.314277274935644
AACGCTGA	0.994695151438828
AACGCTTA	0.892194062604974
AACGGAAA	0.398989995028087
AACGGAAC	0.0419729150138599
AACGGAAG	0.222399241595714
AACGGAAT	0.789203421694664
AACGGACA	1.13591632876018
AACGGACT	0.116455568664579
AACGGAGA	0.222548577435551
AACGGATA	0.131403749384442
AACGGATC	0.0290486279128331
AACGGATG	0.342441958187491
AACGGATT	1.19655173245013
AACGGCAA	0.837647462865944
AACGGCAT	0.804000301629428
AACGGCTA	0.041234657008654
AACGGCTT	0.334366313871227
AACGGGAT	0.177224588632281
AACGGTAA	0.543194239962111
AACGGTAC	0.877757329065906
AACGGTAG	0.853607028982291
AACGGTAT	1.40699231718737
AACGGTCA	0.529448886448451
AACGGTGA	0.593454171261027
AACGGTGG	0.17463451007181
AACGGTTA	0.307050206265669
AACGGTTC	0.541584669086883
AACGGTTG	1.07368988082175
AACGTAAA	0.716233495188452
AACGTAAC	1.2081651203556
AACGTAAG	0.536787956998305
AACGTAAT	3.06210725508874
AACGTACA	1.36502894619335
AACGTACT	0.895416853539488
AACGTAGA	0.538717533244611
AACGTAGC	0.194860814469197
AACGTAGT	0.635347084932117
AACGTATA	1.46172951661672
AACGTATC	1.18104270021149
AACGTATG	1.11992420069379
AACGTATT	1.22242220175652
AACGTCAA	0.877593957902776
AACGTCAG	0.0984218624720084
AACGTCAT	0.703312857271482
AACGTCCA	0.019258147796643
AACGTCCT	0.0942095812453454
AACGTCGA	0.0951889661047239
AACGTCGC	0.469315385919453
AACGTCGT	0.12512715280786
AACGTCTA	0.37156609613964
AACGTCTC	0.525789035546596
AACGTCTT	0.565074747562799
AACGTGAA	1.04664718131393
AACGTGAC	0.267523367395294
AACGTGAG	0.390864104254435
AACGTGAT	0.809944541750434
AACGTGCA	0.444270193622684
AACGTGCT	0.322405411361024
AACGTGGA	0.281740027065131
AACGTGGC	0.621075968207904
AACGTGGT	0.0557539182486847
AACGTGTA	0.430776072395966
AACGTGTG	0.961245607554276
AACGTTAA	1.31058704996609
AACGTTAC	0.367128688327359
AACGTTAG	1.2006834509211
AACGTTAT	2.06440180751005
AACGTTCT	0.399865237788633
AACGTTGA	0.498544227383366
AACGTTGC	0.136515133421247
AACGTTGT	1.62882228607033
AACGTTTA	0.871221921127803
AACGTTTG	0.100256559932856
AACTAAAA	1.07127917369296
AACTAAAC	0.602140071434066
AACTAAAT	1.7238217753106
AACTAACA	0.923844839456309
AACTAACC	0.108815580783326
AACTAACG	1.31746491979254
AACTAACT	1.26332001100615
AACTAAGA	0.344173355668903
AACTAAGC	0.362156815404086
AACTAAGG	0.93253944152979
AACTAAGT	1.18229745811387
AACTAATA	2.19771492227526
AACTAATC	2.76294826899127
AACTAATG	6.16696161362418
AACTAATT	5.15758298766279
AACTACAA	1.81089635960677
AACTACAC	1.75242857124617
AACTACAG	0.929494337788164
AACTACAT	1.31249080121753
AACTACCA	0.677427791228866
AACTACCC	0.387686507060924
AACTACCT	0.935662581668924
AACTACGA	0.955637934485834
AACTACGC	0.0715122178290125
AACTACGT	0.638113727859612
AACTACTA	0.65885905851237
AACTACTC	0.46456976240766
AACTACTG	1.04022040677812
AACTACTT	0.400258788253765
AACTAGAA	1.99434814047764
AACTAGAC	1.55359576028508
AACTAGAG	0.269621648227581
AACTAGAT	1.29161213499349
AACTAGCA	0.880933803433552
AACTAGCC	0.828256989463602
AACTAGCT	0.537864466294869
AACTAGGA	0.40789119706044
AACTAGGG	0.121556847268614
AACTAGGT	1.19749855535947
AACTAGTA	1.18067020273129
AACTAGTC	0.783770628754451
AACTAGTG	1.46525069852444
AACTAGTT	1.29315349419752
AACTATAA	1.49678750855064
AACTATAC	1.00628439858824
AACTATAG	0.889418437070572
AACTATAT	1.13958572368188
AACTATCA	2.14086737163559
AACTATCC	1.21790395048208
AACTATCG	0.680588546034425
AACTATCT	1.71369585096771
AACTATGA	1.96115572371581
AACTATGC	0.335570544609757
AACTATGG	0.27635046292066
AACTATGT	1.51641001333996
AACTATTA	2.92956748663697
AACTATTC	1.26127422228298
AACTATTG	0.364351097847696
AACTCAAA	0.866780583425
AACTCAAC	1.01792080442391
AACTCAAG	0.391657100020483
AACTCAAT	1.77590012309534
AACTCACA	0.918049373762208
AACTCACT	1.22359134418682
AACTCAGA	0.811998470961116
AACTCAGC	0.124771778422084
AACTCAGG	0.367457114892413
AACTCAGT	0.324041930056976
AACTCATA	0.101729146052746
AACTCATC	0.139524587441708
AACTCATG	0.415704100124661
AACTCATT	2.67422088502413
AACTCCAG	0.537988819259244
AACTCCAT	0.30891578143776
AACTCCTA	0.612803267952608
AACTCGAT	0.338832915155957
AACTCGCA	1.23818386981444
AACTCGCT	0.174224959338123
AACTCGGC	0.208851224727552
AACTCGGG	0.0308201664188621
AACTCGGT	0.93460235334738
AACTCGTA	1.05417516731531
AACTCTAA	0.946533500972201
AACTCTAC	1.02380385053536
AACTCTAG	0.517103416080023
AACTCTAT	1.0314587158593
AACTCTCA	0.559789325517162
AACTCTCC	0.191663006410144
AACTCTCG	0.256163457428493
AACTCTCT	0.130556577270482
AACTCTGA	0.0594457696876471
AACTCTGC	0.418623728076048
AACTCTGT	0.680799918003216
AACTCTTA	0.999742534401418
AACTCTTC	0.16038893763599
AACTGAAA	0.282534145657042
AACTGAAC	0.794185680757174
AACTGAAG	0.407899898960882
AACTGAAT	1.35734039609351
AACTGACA	0.440211739539312
AACTGACC	0.824370327737334
AACTGACG	0.255282881245097
AACTGAGA	0.164177913512139
AACTGAGC	0.418392987361113
AACTGAGG	0.295485099872326
AACTGAGT	0.200150727818288
AACTGATA	2.20269465497958
AACTGATC	0.949097193124881
AACTGATG	1.3737246710927
AACTGATT	2.30627899006518
AACTGCAA	0.374952538943749
AACTGCAC	0.778341204291829
AACTGCAG	0.140129790582098
AACTGCAT	0.38904484564921
AACTGCCT	0.324830715226036
AACTGCTA	0.336987550849407
AACTGCTT	0.640137621478447
AACTGGAC	0.575050774652921
AACTGGAT	0.791277281064421
AACTGGCA	0.216727848159523
AACTGGCC	0.524647963762885
AACTGGCT	0.136811278742727
AACTGGGT	0.430344907264408
AACTGGTA	1.22458841355355
AACTGGTC	0.258054296182512
AACTGTAA	0.999932011265872
AACTGTAC	0.657063098543812
AACTGTAG	1.12663336593426
AACTGTAT	1.40232304583429
AACTGTCA	1.26965752088582
AACTGTCC	0.328658428594473
AACTGTCT	0.599357708944483
AACTGTGA	1.43035888481831
AACTGTGT	1.06490769833092
AACTGTTA	1.23375937449959
AACTGTTC	1.13403896391652
AACTGTTG	0.135256726334806
AACTTAAA	0.0040719279937342
AACTTAAC	1.47619207515065
AACTTAAG	0.804818280270938
AACTTAAT	2.54562700736292
AACTTACA	1.06356928990171
AACTTACC	0.152825021206985
AACTTACG	0.134891246516259
AACTTACT	1.63925446116747
AACTTAGA	1.30284572705066
AACTTAGC	0.370971559844953
AACTTAGG	0.0269994707120708
AACTTAGT	0.526303009085582
AACTTATA	2.28814900155482
AACTTATC	1.49940902623528
AACTTATG	1.31577618969394
AACTTATT	1.11010368498576
AACTTCAA	0.881463777241092
AACTTCAC	0.385508786298799
AACTTCAG	0.34679206628889
AACTTCAT	1.01828235435193
AACTTCCT	0.106327117963497
AACTTCGA	0.232688817808199
AACTTCGC	0.115798996240938
AACTTCGT	0.287793462001355
AACTTCTA	0.592749598031724
AACTTCTC	1.40204598855249
AACTTCTG	0.340024514103524
AACTTGAA	0.880591622251672
AACTTGAC	0.951648534193063
AACTTGAG	0.211816888539339
AACTTGAT	1.25593911519288
AACTTGCA	0.674283878811259
AACTTGCC	0.787830205663687
AACTTGCG	0.030823815602918
AACTTGCT	0.852909192708169
AACTTGGA	0.31296693715302
AACTTGGC	0.278678642348485
AACTTGGT	0.786588360258732
AACTTGTA	2.21452390615729
AACTTGTC	0.221559929262799
AACTTGTG	0.375049101968004
AACTTTAA	2.12486485742997
AACTTTAC	1.09724115330722
AACTTTAG	0.773198100424381
AACTTTAT	1.32306838226399
AACTTTCA	1.60005829451387
AACTTTCG	0.0280504357202424
AACTTTCT	0.521752476567561
AACTTTGA	0.139902979757685
AACTTTGC	0.56796911193226
AACTTTGG	0.86208969767405
AACTTTGT	0.826461590907975
AACTTTTA	0.983201625194279
AACTTTTC	0.731493540791882
AACTTTTG	0.186384321319687
AAGAAAAA	1.19500588194265
AAGAAAAC	0.0186782082381814
AAGAAAAG	0.44020640611646
AAGAAAAT	0.91643025886714
AAGAAACA	1.00357417766038
AAGAAACC	0.219814777164561
AAGAAACT	1.28326532823121
AAGAAAGA	0.957918113107997
AAGAAAGT	1.29334100611671
AAGAAATA	0.387321588655309
AAGAAATC	0.703504299081196
AAGAAATG	0.468593408889266
AAGAAATT	1.47171171924909
AAGAACAA	1.56084388194
AAGAACAC	0.0278157651147854
AAGAACAT	1.18393734528741
AAGAACCA	1.17299653007414
AAGAACCT	0.513626866500374
AAGAACGA	1.0487521991014
AAGAACGT	0.3193479565349
AAGAACTA	0.204664207082816
AAGAACTC	0.127558351508655
AAGAACTG	0.0892871126600623
AAGAACTT	0.198221993691378
AAGAAGAG	0.205535800659305
AAGAAGAT	0.642988757052166
AAGAAGCA	0.57926193305372
AAGAAGTA	0.387152603362862
AAGAAGTG	1.14141621054573
AAGAATAA	1.79145575260732
AAGAATAC	1.59032760487491
AAGAATAG	0.0704129713087128
AAGAATAT	1.70808087953115
AAGAATCA	1.05700132001357
AAGAATCG	0.744752430000211
AAGAATCT	0.683782985615888
AAGAATGA	1.60723708167172
AAGAATGC	0.304599638818729
AAGAATGG	0.225501328749909
AAGAATGT	1.83094413469187
AAGAATTA	2.10571225526449
AAGAATTC	1.0526279132755
AAGAATTG	0.393608571371127
AAGACAAA	0.572011846453544
AAGACAAC	0.136303761452455
AAGACAAG	0.172123590734711
AAGACAAT	1.55263967406237
AAGACACA	0.62788899484074
AAGACACG	0.540482054088994
AAGACACT	0.286058976748819
AAGACAGA	0.873532696754745
AAGACAGT	0.600743276059958
AAGACATA	1.90328696295335
AAGACATC	0.78192133455738
AAGACATG	0.492172752021325
AAGACATT	1.94070625767807
AAGACCAA	0.468163647290038
AAGACCAT	0.933100854461506
AAGACCGG	0.204769752713979
AAGACCGT	0.0921388096467124
AAGACCTA	0.442793677612272
AAGACGAA	0.833358268067636
AAGACGAG	0.447373122896277
AAGACGAT	0.303132105415225
AAGACGCT	0.101359174930745
AAGACGTA	0.268579946532783
AAGACGTG	0.0325007560299531
AAGACTAA	1.91859613218831
AAGACTAC	0.347055930366796
AAGACTAG	1.13847693314174
AAGACTAT	0.445378984162823
AAGACTCC	0.244772950456914
AAGACTGA	1.13387671557926
AAGACTGC	0.333851498212844
AAGACTGT	0.801463557297471
AAGACTTA	1.17823675837877
AAGACTTC	0.893671701441249
AAGAGAAA	0.474353505568669
AAGAGAAG	0.349743414070919
AAGAGAAT	0.692118283413071
AAGAGACC	0.0996973926528666
AAGAGACG	0.101039169559667
AAGAGACT	0.582194754209003
AAGAGATA	1.9872226875483
AAGAGATC	0.916326958887705
AAGAGCAT	0.201368432467179
AAGAGCCA	0.264821848367878
AAGAGCTA	0.649677711427092
AAGAGCTG	0.598911104957303
AAGAGCTT	0.0534181597462821
AAGAGGAT	0.675451056296295
AAGAGGTA	0.206766979218557
AAGAGGTC	0.44620931388883
AAGAGGTG	0.245259414762245
AAGAGTAA	1.00267339061144
AAGAGTAC	0.886232980096017
AAGAGTAG	0.565755460742504
AAGAGTAT	0.227650698158983
AAGAGTCA	1.34995893886731
AAGAGTCT	0.491734288521655
AAGAGTGA	0.358381594144763
AAGAGTGT	1.03610384645631
AAGAGTTA	1.02428722706956
AAGAGTTC	0.171201750700835
AAGAGTTG	0.385706403650763
AAGATAAA	2.12736174144377
AAGATAAC	1.12947383466228
AAGATAAG	0.505909122928078
AAGATAAT	2.50601062312994
AAGATACA	0.134922124227503
AAGATACC	0.366108881736897
AAGATACG	0.790504215457449
AAGATACT	0.407120096398728
AAGATAGA	0.365274902826834
AAGATAGT	1.45811092956535
AAGATATA	2.58218958595384
AAGATATC	0.298273637904157
AAGATATG	0.567467770184238
AAGATATT	2.23545366095812
AAGATCAA	1.42007099284462
AAGATCAC	0.731885126311753
AAGATCAG	0.679701513602315
AAGATCAT	1.39421764663265
AAGATCCC	0.367698803159516
AAGATCGA	0.937199730275962
AAGATCGT	1.5665694517241
AAGATCTA	0.988947405843923
AAGATCTC	0.221237958946461
AAGATCTT	0.556847521754972
AAGATGAA	0.644912438462689
AAGATGAC	0.493850815274223
AAGATGAG	0.585541898107892
AAGATGAT	0.605210158051154
AAGATGCA	0.972184177115825
AAGATGCC	0.462827136667614
AAGATGCG	0.786078316610269
AAGATGCT	0.485035228713958
AAGATGGA	0.403507965596069
AAGATGGG	0.138153336355993
AAGATGGT	0.84695091726387
AAGATGTA	0.791364861481769
AAGATGTG	0.336829793815595
AAGATTAA	2.67181691485052
AAGATTAC	2.3244684883463
AAGATTAG	2.34951368064307
AAGATTAT	2.76836478095646
AAGATTCA	1.94992241236511
AAGATTCT	0.0855273302563628
AAGATTGA	0.570325923419602
AAGATTGC	0.29503821517868
AAGATTGG	1.44338113847592
AAGATTGT	1.04812594297607
AAGATTTA	0.615442189438137
AAGATTTC	0.232424111610896
AAGATTTG	0.92296173691472
AAGCAAAA	0.205045125756986
AAGCAAAC	1.9930552064959
AAGCAAAG	0.669364217290634
AAGCAAAT	2.20160663671791
AAGCAACC	0.0517364473093273
AAGCAACG	0.114283462031771
AAGCAACT	0.367457114892413
AAGCAAGA	0.678859394204741
AAGCAAGC	0.294618839718688
AAGCAAGT	0.791956871418263
AAGCAATA	1.53809178076282
AAGCAATC	1.56231983653748
AAGCAATG	0.193780094575644
AAGCAATT	3.54046419627347
AAGCACAA	0.586610828329878
AAGCACAC	0.552219514252374
AAGCACAT	0.843829180657065
AAGCACCA	0.0383523630172254
AAGCACCT	0.271636278533043
AAGCACGT	0.625417935821794
AAGCACTA	0.85611794831939
AAGCACTT	0.837938555471039
AAGCAGAA	1.14145326379923
AAGCAGAC	0.26809292081452
AAGCAGAG	0.108743719928067
AAGCAGAT	0.781835438378827
AAGCAGCA	0.18803291039367
AAGCAGTA	1.18770695241742
AAGCATAA	1.97262538991076
AAGCATAC	0.620721435941526
AAGCATAG	0.0038540997762283
AAGCATAT	0.972124105932131
AAGCATCA	0.587973096808687
AAGCATCG	0.33348040426498
AAGCATCT	0.823730036288712
AAGCATGA	0.548216359342775
AAGCATGT	0.885985958406062
AAGCATTA	2.3269210207385
AAGCATTC	0.661340222964087
AAGCATTG	0.53181271559744
AAGCCAAA	0.138481482214581
AAGCCAAT	1.45716522948187
AAGCCATA	0.327170122912495
AAGCCATT	0.771513300216302
AAGCCCAT	0.133086865353725
AAGCCGAA	0.497163993690743
AAGCCGAC	0.212920907069559
AAGCCGTA	0.599514343152432
AAGCCTAA	0.437355831955674
AAGCCTAC	0.0451766179086954
AAGCCTAT	1.38781080225591
AAGCCTGA	0.091522658954154
AAGCCTTA	0.446170857103008
AAGCGAAT	0.406280503359347
AAGCGACA	1.16032712444411
AAGCGAGT	0.179392765374566
AAGCGATA	1.10518963759445
AAGCGATC	0.323616098348269
AAGCGATT	1.76118436732921
AAGCGCAA	0.525309588902911
AAGCGCAT	0.0252950210513822
AAGCGCGA	0.316144253640065
AAGCGGAA	0.0660634246202453
AAGCGGCA	0.310265418125604
AAGCGGCT	0.328148665652476
AAGCGGTA	1.12650901296989
AAGCGTAA	1.36743235495403
AAGCGTAC	0.0413755716545143
AAGCGTCA	0.430390943124809
AAGCGTCT	0.315155324760848
AAGCGTGG	0.0896671892148341
AAGCGTGT	0.447208067494352
AAGCGTTA	0.617919143292867
AAGCTAAA	1.48972268821793
AAGCTAAC	0.321367358850282
AAGCTAAT	2.3481502893384
AAGCTACA	0.177082551160556
AAGCTAGA	0.27864439615965
AAGCTAGT	0.288976078342014
AAGCTATA	0.537745727459811
AAGCTATC	1.20005045784059
AAGCTATT	1.1082271622615
AAGCTCAA	0.312463349753271
AAGCTCAC	0.2630326253545
AAGCTCAT	1.39148609201339
AAGCTCCA	0.493850815274223
AAGCTCGA	0.0778879037880413
AAGCTCTA	0.41515251191925
AAGCTCTC	0.298710417165032
AAGCTGAA	0.184972087089957
AAGCTGAT	1.28000576474967
AAGCTGCC	0.25944295106911
AAGCTGCT	0.61521706285252
AAGCTGTA	0.97467292064212
AAGCTTAA	0.864909955536524
AAGCTTAC	1.2753437917647
AAGCTTAT	0.470666706846093
AAGCTTGC	0.366847981861501
AAGCTTGT	0.512172245594298
AAGCTTTA	0.679519335105973
AAGCTTTC	0.27476671704029
AAGCTTTG	0.358151134136294
AAGGAAAA	0.299554782214332
AAGGAAAT	0.215421720973886
AAGGAACA	0.238930045370083
AAGGAAGA	0.162532412209281
AAGGAAGC	0.144736745099757
AAGGAATA	0.404082291025215
AAGGAATG	0.194399894452258
AAGGAATT	0.653807464952792
AAGGACAT	1.09949999823798
AAGGACTA	0.499149430523755
AAGGACTC	0.0672544621548805
AAGGACTG	0.589186029447658
AAGGAGAA	0.0223739895676654
AAGGATAA	0.766726132147563
AAGGATAC	0.0176940513688832
AAGGATAG	0.0279805398102441
AAGGATAT	0.310398192283955
AAGGATCT	0.188611446419804
AAGGATGA	0.858873643694717
AAGGATGC	0.0711254043190598
AAGGATGT	0.303187685295465
AAGGATTA	1.39808662385157
AAGGATTC	0.558194351378158
AAGGATTG	0.542248539878637
AAGGCAAA	0.205841770707089
AAGGCAAT	1.26368492941176
AAGGCAGT	1.33589217645024
AAGGCATA	0.377952729650838
AAGGCATC	1.257911358822
AAGGCATT	1.24500419481539
AAGGCGAT	0.155673911128976
AAGGCGTG	0.127562000692711
AAGGCTAA	0.450352822031358
AAGGCTGT	0.22457219034792
AAGGCTTA	0.24243045499933
AAGGGAAT	0.261143190132811
AAGGGACA	0.397005400314473
AAGGGATA	0.155167797371035
AAGGGCAT	0.385803528087949
AAGGGTAA	0.983027306478981
AAGGGTCT	0.237630374433161
AAGGTAAA	0.779836246928988
AAGGTAAG	0.147520791828135
AAGGTAAT	2.47474188777864
AAGGTACT	0.38769015624498
AAGGTAGT	0.189736517934962
AAGGTATA	1.18341972256437
AAGGTATC	0.412985738709294
AAGGTATT	1.29512938701069
AAGGTCAA	0.411983897332647
AAGGTCAG	0.0148024940640817
AAGGTCAT	1.11371553508195
AAGGTCGA	1.11346205714328
AAGGTCGT	0.870257975124047
AAGGTCTA	0.18308180974887
AAGGTGAA	0.283366721034777
AAGGTGAT	0.706563718852581
AAGGTGCT	0.449577510772658
AAGGTGTA	0.233192124501482
AAGGTTAA	1.51834885289964
AAGGTTAG	0.585088557165532
AAGGTTAT	0.723282315252608
AAGGTTCA	0.432876879586446
AAGGTTCG	0.162728345322449
AAGGTTCT	0.381793916929636
AAGGTTGA	0.924837417519583
AAGGTTGG	0.28963573853678
AAGGTTGT	0.712836666245106
AAGGTTTA	2.64345068435619
AAGTAAAA	1.09293118623044
AAGTAAAC	1.12565201612962
AAGTAAAG	1.39982138981057
AAGTAAAT	2.18069175935978
AAGTAACA	1.51799768911086
AAGTAACC	0.315155324760848
AAGTAACG	0.710263710779053
AAGTAACT	0.0727613616020797
AAGTAAGA	0.253982368188778
AAGTAAGG	0.584984134360232
AAGTAAGT	1.6904687944503
AAGTAATA	1.3868645407595
AAGTAATC	1.52419765282226
AAGTAATG	1.93292900433501
AAGTAATT	4.21633631226856
AAGTACAA	1.72430739749653
AAGTACAC	1.24243488853339
AAGTACAG	1.81720720237218
AAGTACAT	1.42303974442753
AAGTACCA	1.40975390739848
AAGTACCC	0.762603676989974
AAGTACCT	1.47265405085498
AAGTACGA	1.35156401843908
AAGTACGG	0.826104532283404
AAGTACGT	1.66314286211844
AAGTACTA	1.75745040992037
AAGTACTC	1.31623037275569
AAGTACTG	0.793845183814089
AAGTACTT	1.1740180209034
AAGTAGAA	0.778684227593107
AAGTAGAG	0.343027231168805
AAGTAGAT	2.12863530667937
AAGTAGCA	1.18156818271557
AAGTAGCC	0.119128455632478
AAGTAGCT	0.287507141406179
AAGTAGGA	0.246307572705758
AAGTAGGG	0.777557471839154
AAGTAGGT	0.872138147032363
AAGTAGTA	1.25540801855948
AAGTAGTC	0.740439375152305
AAGTAGTG	0.657747180201107
AAGTATAA	1.56843586901559
AAGTATAC	1.78659082884754
AAGTATAG	0.845814617490078
AAGTATAT	1.59741403960549
AAGTATCA	1.88833990505936
AAGTATCC	0.669364217290634
AAGTATCG	0.293929986051473
AAGTATCT	1.73696782051965
AAGTATGA	0.855678642700323
AAGTATGC	0.599508729023115
AAGTATGG	0.980359191521002
AAGTATGT	1.38497370200548
AAGTATTA	1.41964207336479
AAGTATTC	0.959745792907198
AAGTATTG	1.23267444400905
AAGTCAAA	0.569999461799809
AAGTCAAC	0.482130478205261
AAGTCAAT	2.20005601420051
AAGTCACA	1.52563627345978
AAGTCACT	1.29770206177028
AAGTCAGA	1.28208916813927
AAGTCAGG	0.199213168222323
AAGTCAGT	0.955524529073628
AAGTCATA	0.72118880643024
AAGTCATC	0.897890158210162
AAGTCATG	0.458226357692204
AAGTCATT	1.40658669634421
AAGTCCAA	0.0635704704969621
AAGTCCAG	0.649994348320579
AAGTCCAT	0.83330381101326
AAGTCCGT	0.247307449137144
AAGTCCTA	0.437189934434352
AAGTCGAA	1.09280767538546
AAGTCGAT	0.801004321519327
AAGTCGCA	0.265384103418992
AAGTCGGT	0.321850454678023
AAGTCGTA	0.723949835228418
AAGTCGTC	1.08376583941371
AAGTCGTG	0.99842433683775
AAGTCTAA	0.709199833273452
AAGTCTAC	1.19488798522699
AAGTCTAG	0.508747907417298
AAGTCTAT	0.695293354248388
AAGTCTCA	0.44704694198295
AAGTCTCT	0.320899982584629
AAGTCTGT	0.226496433171376
AAGTCTTA	1.13483953875715
AAGTCTTC	0.822997392412824
AAGTCTTG	0.630083838697283
AAGTGAAA	0.932203155183692
AAGTGAAC	0.158874806959153
AAGTGAAG	0.453799055312694
AAGTGAAT	1.40117832486653
AAGTGACA	0.497291153719777
AAGTGACG	0.639648069401991
AAGTGACT	1.46402794115916
AAGTGAGA	0.278865592854746
AAGTGAGT	1.10902745639566
AAGTGATA	1.94726384142697
AAGTGATC	0.00524387748869074
AAGTGATG	1.42275314312589
AAGTGATT	3.16686578532102
AAGTGCAA	0.295582785722444
AAGTGCAT	0.600740468995299
AAGTGCCT	0.0122809078812812
AAGTGCGC	0.425511141922336
AAGTGCTC	0.000627098244726652
AAGTGGAA	0.419741220516629
AAGTGGAC	0.255417058935777
AAGTGGAT	0.928340634213489
AAGTGGCA	0.667633381222154
AAGTGGCG	0.0117065824521354
AAGTGGCT	0.344206479031873
AAGTGGGT	0.161300110824165
AAGTGGTA	1.25616143471384
AAGTGGTC	0.259704850201755
AAGTGGTG	0.385508786298799
AAGTGTAA	2.45765303955014
AAGTGTAC	0.68974912084123
AAGTGTAG	0.838671199346928
AAGTGTAT	1.42660780431505
AAGTGTCA	0.605559637601147
AAGTGTCG	0.551470589401465
AAGTGTCT	0.882971451669215
AAGTGTGA	0.60605480380692
AAGTGTGC	0.215348456586297
AAGTGTGT	0.929730131219485
AAGTGTTA	1.20760061965276
AAGTGTTC	0.577950191738766
AAGTGTTG	1.42414095589309
AAGTTAAA	1.79131932926491
AAGTTAAC	1.88506125353814
AAGTTAAG	1.43186234864945
AAGTTAAT	2.87728590737095
AAGTTACA	0.148078836282261
AAGTTACC	0.277631045817904
AAGTTACG	0.660557051924344
AAGTTACT	0.804729857734192
AAGTTAGA	1.47680233100742
AAGTTAGC	0.563233593853238
AAGTTAGG	0.518122941964019
AAGTTAGT	1.26865006537986
AAGTTATA	1.10471131377663
AAGTTATC	1.6306609134217
AAGTTATG	1.25014701797637
AAGTTATT	2.19017121671179
AAGTTCAA	0.908266753427062
AAGTTCAG	0.738827839331815
AAGTTCAT	1.7562349509232
AAGTTCCA	0.33744959369221
AAGTTCCT	0.0456737490597293
AAGTTCGA	0.873914457548311
AAGTTCGT	1.01742395397934
AAGTTCTA	1.5259543138856
AAGTTCTG	0.783245988369763
AAGTTGAA	1.17839283117379
AAGTTGAT	1.27933880618679
AAGTTGCA	0.435351307082983
AAGTTGCC	0.368688293451665
AAGTTGCT	0.173738775739258
AAGTTGGA	0.20172071908183
AAGTTGGC	0.0333678583029879
AAGTTGGT	0.9623594508108
AAGTTGTA	1.24725461855217
AAGTTGTC	0.386257711149708
AAGTTGTG	0.633619617341228
AAGTTTAA	1.28090795533094
AAGTTTAG	1.05798098557941
AAGTTTAT	1.71591258992859
AAGTTTCA	0.886051643719073
AAGTTTCC	0.961291082001745
AAGTTTCG	0.893832546246186
AAGTTTCT	1.22231216482191
AAGTTTGA	1.08650974511747
AAGTTTGC	1.11010368498576
AAGTTTGT	0.34679206628889
AAGTTTTA	0.843362085097878
AAGTTTTC	0.565836023498206
AAGTTTTG	0.0814363142229506
AATAAAAA	1.87327214338504
AATAAAAC	1.30847052321352
AATAAAAG	1.07248845714788
AATAAAAT	1.59981744836617
AATAAACA	2.90936756864738
AATAAACC	0.98134475192263
AATAAACG	1.12420806206925
AATAAACT	1.5113320333726
AATAAAGA	1.40846771037192
AATAAAGC	1.36869609546332
AATAAAGG	0.140695694817268
AATAAAGT	1.67921751788579
AATAAATA	2.27677561767765
AATAAATC	1.59752295371425
AATAAATG	2.21806333398529
AATAAATT	2.04584430305219
AATAACAA	1.33288693302677
AATAACAC	1.74054261736235
AATAACAG	1.14395800759408
AATAACAT	1.57855028439338
AATAACCA	1.8122041710312
AATAACCC	0.0427013482927606
AATAACCG	1.17453031020359
AATAACCT	1.94865081207478
AATAACGA	2.20183653531345
AATAACGC	0.308198295711027
AATAACGG	2.1547480256658
AATAACGT	1.24621993451902
AATAACTA	1.86993594703832
AATAACTC	1.16613129203865
AATAACTG	2.18193865748112
AATAAGAA	1.94305071808091
AATAAGAC	1.352263538952
AATAAGAG	0.514194174267872
AATAAGAT	1.85467056801204
AATAAGCA	1.10269219216771
AATAAGCC	0.332301998521308
AATAAGCG	0.918057794956184
AATAAGCT	1.05427622164302
AATAAGGA	0.239925430498014
AATAAGGC	1.45795626030266
AATAAGGG	0.802269465560949
AATAAGGT	1.57577606239131
AATAAGTA	2.33465729093754
AATAAGTC	1.89907159395557
AATAAGTG	1.63553313554959
AATAATAA	3.32738581287657
AATAATAC	1.84861994014047
AATAATAG	2.69217908117738
AATAATAT	2.40766174433905
AATAATCA	3.58944691315274
AATAATCC	0.961776984894145
AATAATCG	1.61710222970783
AATAATCT	1.28085574392829
AATAATGA	4.53500411703668
AATAATGC	2.07752483478891
AATAATGG	3.34530695577633
AATAATGT	3.25518530279327
AATAATTA	7.61623562293785
AATAATTC	2.01160035986926
AATAATTG	2.34062791746634
AATACAAA	1.98597971931748
AATACAAC	1.91577503220644
AATACAAG	1.89617133475032
AATACAAT	0.892844178779901
AATACACA	1.91575762840555
AATACACC	1.12324944948835
AATACACG	0.580147842659968
AATACACT	0.954180787221566
AATACAGA	0.683224660455297
AATACAGC	0.278669098328646
AATACAGG	0.775780319203808
AATACAGT	0.550992826996575
AATACATA	2.44886861140759
AATACATC	1.93653608242128
AATACATG	1.02938429507661
AATACATT	2.80314655772797
AATACCAA	1.16275186689619
AATACCAC	0.601055421649991
AATACCAG	0.288746460452942
AATACCAT	1.57577606239131
AATACCCA	1.13430282799443
AATACCCT	0.212759781558156
AATACCGA	1.58181518129777
AATACCGC	1.21907730350936
AATACCGT	1.06497450646979
AATACCTA	1.01832277608301
AATACCTC	0.629855343634074
AATACCTG	0.710233955893672
AATACGAA	1.52634140810202
AATACGAC	1.42058636991594
AATACGAG	0.714365674364634
AATACGAT	1.27346698833398
AATACGCA	0.891086394890699
AATACGCG	0.616262413731374
AATACGCT	0.188713904279842
AATACGGA	0.688640891714023
AATACGGC	0.586293630023459
AATACGGT	1.37591614647165
AATACGTA	2.14036125787765
AATACGTC	0.610457404017434
AATACGTG	1.35419592226297
AATACTAA	2.68836680666457
AATACTAC	0.782721347985074
AATACTAG	0.953974187262695
AATACTAT	1.424104744759
AATACTCA	0.793164470634384
AATACTCC	0.945542887854188
AATACTCG	0.206685293636993
AATACTCT	0.424323472865292
AATACTGA	1.49720126988131
AATACTGC	0.797423629840844
AATACTGG	1.16942818948015
AATACTGT	0.999423090443272
AATACTTA	1.94340665387962
AATACTTC	1.45716522948187
AATACTTG	0.650362073790853
AATAGAAA	1.65915570747739
AATAGAAC	0.437355831955674
AATAGAAT	2.01032146121081
AATAGACA	1.78250318129171
AATAGACC	0.853418113530769
AATAGACG	0.853607028982291
AATAGACT	1.12522843007264
AATAGAGA	1.50026546166262
AATAGAGC	0.290074763449382
AATAGAGG	0.645109494401721
AATAGAGT	0.450560264109627
AATAGATA	1.35143713911651
AATAGATC	0.94225469231313
AATAGATG	1.61551539605634
AATAGATT	2.17521040420097
AATAGCAA	1.87900978354717
AATAGCAC	0.535597480876601
AATAGCAG	0.982783091853685
AATAGCAT	1.64223724807367
AATAGCCA	1.47210555042069
AATAGCCC	0.199703843124642
AATAGCCG	0.0746914992613182
AATAGCCT	0.711489555915454
AATAGCGA	1.13065476676414
AATAGCGC	0.594348221354784
AATAGCGG	0.426142731470516
AATAGCGT	0.986503013939233
AATAGCTA	1.88574842296656
AATAGCTC	0.130932723934732
AATAGCTG	0.691286269448268
AATAGGAA	0.542906515834608
AATAGGAC	0.273054969011489
AATAGGAG	0.818824971504313
AATAGGAT	0.546656192805537
AATAGGCA	0.357197012858843
AATAGGCT	0.939143061139096
AATAGGGA	1.17035059092696
AATAGGGC	0.385575594437673
AATAGGTA	1.59717824617417
AATAGGTC	0.942574697684208
AATAGGTG	0.115547483247529
AATAGTAA	2.3341149660455
AATAGTAC	1.39293509879014
AATAGTAG	1.54340218568392
AATAGTAT	1.21606476171778
AATAGTCA	1.79959062598788
AATAGTCC	1.07129264760332
AATAGTCG	0.981926375719887
AATAGTCT	1.20281541652929
AATAGTGA	0.583928397342141
AATAGTGC	0.617604190638175
AATAGTGG	1.00250468602546
AATAGTGT	1.96797801366202
AATAGTTA	1.59949800440802
AATAGTTC	1.8743610037661
AATAGTTG	1.42006032599892
AATATAAA	2.16850516885102
AATATAAC	2.37477052561509
AATATAAG	0.877857541274217
AATATAAT	2.65137811565848
AATATACA	2.40996185312029
AATATACC	1.99706678259947
AATATACG	2.35305395059047
AATATACT	2.41131934958918
AATATAGA	2.10938445725084
AATATAGC	0.296405255667408
AATATAGG	1.40652887081224
AATATAGT	2.17133244437514
AATATATA	1.91486582396352
AATATATC	2.68551567109085
AATATATG	2.67556322334386
AATATATT	2.30136971468379
AATATCAA	2.21395435273807
AATATCAC	2.17747598608691
AATATCAG	1.25388069467875
AATATCAT	1.92584902585314
AATATCCA	0.929026680816045
AATATCCC	0.00209771941935628
AATATCCG	1.23079792128479
AATATCCT	1.0320358483531
AATATCGA	1.3077036331488
AATATCGC	0.241888130107293
AATATCGG	1.64898430868703
AATATCGT	2.17833186010131
AATATCTA	1.17687729696462
AATATCTC	1.03872396060863
AATATCTG	1.21087646410933
AATATGAA	2.09554366353879
AATATGAC	1.60981733550589
AATATGAG	0.242067782245442
AATATGAT	2.26706794596889
AATATGCA	1.30878070385829
AATATGCC	0.596533801897953
AATATGCG	1.53049361814498
AATATGCT	0.9481186503849
AATATGGA	1.03736085001042
AATATGGC	1.86484140538946
AATATGGG	0.681236977970557
AATATGGT	1.76773212635181
AATATGTA	2.68664551461592
AATATGTC	1.60943894318991
AATATGTG	1.85463126910682
AATATTAA	2.12316209200808
AATATTAC	1.88574842296656
AATATTAG	1.51855882133611
AATATTAT	1.66772146528304
AATATTCA	0.508931770152436
AATATTCC	1.5601367823525
AATATTCG	1.70418720014324
AATATTCT	1.59247641287105
AATATTGA	2.40705934826332
AATATTGC	1.04689139593923
AATATTGG	0.920642540093803
AATATTGT	1.74533483814748
AATATTTA	2.55382925029529
AATATTTC	1.36301964931074
AATATTTG	1.2242574606303
AATCAAAA	1.82861118325412
AATCAAAC	2.35406365174816
AATCAAAG	0.812733921901663
AATCAAAT	1.78072209876584
AATCAACA	1.79113125593279
AATCAACC	1.20594978492705
AATCAACG	0.974815519526776
AATCAACT	1.63758706476027
AATCAAGA	1.41977737388133
AATCAAGC	1.54054908516494
AATCAAGG	2.27359549412595
AATCAAGT	1.25593911519288
AATCAATA	2.61555463719217
AATCAATC	1.88363638751744
AATCAATG	3.285381739445
AATCAATT	2.05828745927074
AATCACAA	3.0383698742164
AATCACAC	1.75514412559688
AATCACAG	1.92648342246598
AATCACAT	3.57261884123102
AATCACCA	1.21024459385468
AATCACCC	1.13123610985493
AATCACCG	1.38954528750844
AATCACCT	1.91852707839771
AATCACGA	1.23449145696255
AATCACGC	0.603855187940458
AATCACGG	0.862638478814802
AATCACGT	1.58050596634101
AATCACTA	0.70399946528697
AATCACTC	0.483176390497047
AATCACTG	1.82790548719896
AATCAGAA	1.51520634401437
AATCAGAC	1.33301044387174
AATCAGAG	0.542906515834608
AATCAGAT	1.55236851161635
AATCAGCA	1.89817866668767
AATCAGCG	0.642526433502898
AATCAGCT	0.892061569153089
AATCAGGA	1.10775641751826
AATCAGGC	1.05995575556672
AATCAGGG	0.446040328596384
AATCAGGT	2.78587721524193
AATCAGTA	3.16342544687547
AATCAGTC	1.47059478822144
AATCAGTG	3.41490363268233
AATCATAA	3.33633613854045
AATCATAC	1.92085020510915
AATCATAG	1.4091470200193
AATCATAT	2.72174898099731
AATCATCA	2.14488736893314
AATCATCC	0.202292237446317
AATCATCG	1.1973618513106
AATCATCT	0.935578931142098
AATCATGA	1.86270129929376
AATCATGC	1.20742573952454
AATCATGG	0.721841168256894
AATCATGT	1.29727959853916
AATCATTA	6.9785292001602
AATCATTC	2.51867469533712
AATCATTG	1.40581868345362
AATCCAAA	0.820184432918462
AATCCAAG	1.15618305488865
AATCCAAT	1.36566951834844
AATCCACA	0.337534367044898
AATCCACG	0.43399549485289
AATCCACT	0.0383473103008399
AATCCAGA	0.814107137932639
AATCCAGC	0.0946227811630885
AATCCAGT	0.720688587508081
AATCCATA	1.40204598855249
AATCCATC	0.37662498806733
AATCCATG	0.413215356598365
AATCCATT	1.99301843394887
AATCCCAA	0.132130779131013
AATCCCAT	0.254668134084869
AATCCCGA	0.233318723117585
AATCCCGT	0.239021555677952
AATCCCTA	0.247981986774601
AATCCGAA	0.248530206502421
AATCCGAC	0.114888103759229
AATCCGAG	0.485679169346635
AATCCGAT	0.732799948683984
AATCCGCA	0.453431329842421
AATCCGCT	0.335625843783531
AATCCGTC	0.709560821788545
AATCCGTG	0.0704157783733713
AATCCTAA	0.4605531335877
AATCCTAC	0.50712009062179
AATCCTAT	1.53701527146626
AATCCTCA	0.657719951673919
AATCCTCT	0.38600002261405
AATCCTGA	0.769573618537225
AATCCTGT	0.372944084180536
AATCCTTA	0.91488581189199
AATCCTTC	0.833655536214979
AATCCTTG	0.591596175163514
AATCGAAA	0.207282075583406
AATCGAAC	1.72433322249139
AATCGAAT	1.99194248606524
AATCGACA	0.602416848009402
AATCGACC	0.902121527476503
AATCGACG	0.766818203868364
AATCGACT	1.97162523277291
AATCGAGA	0.560599163671162
AATCGAGC	0.9024808317528
AATCGAGG	0.830191618426294
AATCGAGT	1.21032543731685
AATCGATA	1.9139723352827
AATCGATC	1.62597255402894
AATCGATG	2.17692495929443
AATCGATT	0.932098732378393
AATCGCAA	1.04671679651747
AATCGCAC	0.449650775160247
AATCGCAG	0.116455568664579
AATCGCAT	0.429453383528844
AATCGCCA	0.0787704449166983
AATCGCCG	0.123153505646414
AATCGCCT	0.560991591310431
AATCGCGA	0.788897732353344
AATCGCGC	1.32474560339749
AATCGCGG	0.128711774376865
AATCGCGT	0.317904002474528
AATCGCTA	0.194377999347921
AATCGCTC	0.5605511628655
AATCGCTG	0.390211742427781
AATCGGAA	0.607269982097619
AATCGGAC	0.45311020164548
AATCGGAG	1.21815602488842
AATCGGAT	0.364965564301459
AATCGGCA	0.25931017691076
AATCGGCT	0.375587216263053
AATCGGGA	0.209852785397732
AATCGGTA	1.51467215960984
AATCGGTC	0.733844176736975
AATCGGTG	1.06610743776599
AATCGTAA	0.928075647309718
AATCGTAG	0.707878267232193
AATCGTAT	1.5948792602188
AATCGTCA	0.706693685946274
AATCGTCC	0.852214444205171
AATCGTCG	1.46195857309286
AATCGTCT	1.21366865132521
AATCGTGA	0.718750028654867
AATCGTGC	0.419391179553704
AATCGTGG	0.481347587871983
AATCGTGT	1.31440072801123
AATCGTTA	2.53567427890947
AATCGTTC	1.2734001801951
AATCGTTG	0.752484489602266
AATCTAAA	1.74261956450323
AATCTAAC	1.00985414271455
AATCTAAG	1.39880467099123
AATCTAAT	2.27615553709457
AATCTACA	1.23007931273219
AATCTACC	1.23464163492178
AATCTACG	0.777028059444545
AATCTACT	1.41671065574184
AATCTAGA	1.11217080740034
AATCTAGC	0.0107836195923948
AATCTAGG	0.917089076942509
AATCTAGT	1.28085574392829
AATCTATA	2.25187386638494
AATCTATC	1.06775321977532
AATCTATG	0.791586058176865
AATCTCAA	0.648310390231898
AATCTCAG	0.620051670313989
AATCTCAT	0.892669017945205
AATCTCCA	0.491645023865512
AATCTCCC	0.640329063288162
AATCTCCT	0.239433913476298
AATCTCGA	0.819139643452539
AATCTCGC	1.15579427643344
AATCTCGG	0.615509558989944
AATCTCGT	1.35240782207545
AATCTCTA	1.53475193523205
AATCTGAA	0.928340634213489
AATCTGAC	1.38854653390292
AATCTGAG	0.645808172795241
AATCTGAT	1.46158635631913
AATCTGCA	0.851062705575756
AATCTGCC	0.64008119947881
AATCTGCG	0.442025664721686
AATCTGGA	0.403695196808797
AATCTGGG	0.390036581593086
AATCTGGT	0.98325102953227
AATCTGTA	2.22283450178548
AATCTGTC	1.51778351007741
AATCTGTG	0.708077568822952
AATCTTAA	1.55441823023005
AATCTTAC	1.47025569481069
AATCTTAG	0.824081761490432
AATCTTAT	0.771822638741678
AATCTTCA	1.30935334504864
AATCTTCC	0.542052045352536
AATCTTCG	0.716025491697251
AATCTTCT	0.24282147910627
AATCTTGA	1.53119145441911
AATCTTGC	0.138465201239561
AATCTTGG	0.910105661484897
AATCTTGT	1.99341170370754
AATCTTTA	3.0605577553972
AATCTTTC	0.662381924658886
AATCTTTG	0.768136682138499
AATGAAAA	1.01826663478984
AATGAAAC	0.911492912839166
AATGAAAG	0.95288616900103
AATGAAAT	1.73407317544372
AATGAACA	2.07985778622665
AATGAACC	0.726774022981414
AATGAACG	0.614090868511498
AATGAACT	1.52863028862462
AATGAAGA	0.908919676666648
AATGAAGC	1.97829790617282
AATGAAGG	0.503293780785681
AATGAAGT	1.79494661821672
AATGAATA	2.58980936296955
AATGAATC	2.3774507109511
AATGAATG	1.20790237910356
AATGAATT	2.43274539342164
AATGACAA	1.9310117791732
AATGACAC	2.42491592867594
AATGACAG	1.28392161994839
AATGACAT	3.04469755936977
AATGACCA	1.25535692998269
AATGACCC	2.26646947978368
AATGACCG	1.36011882869257
AATGACCT	1.00344028067616
AATGACGA	1.01150806521138
AATGACGC	0.754308800923875
AATGACGG	1.71505559308832
AATGACGT	0.764173387547052
AATGACTA	2.8671801938936
AATGACTC	1.41534894867596
AATGACTG	2.1021899505309
AATGAGAA	1.21727572941149
AATGAGAC	0.899855664884098
AATGAGAG	0.839492546466028
AATGAGAT	1.50409261361812
AATGAGCA	1.92772695210973
AATGAGCC	0.755846510943845
AATGAGCG	0.559306510395887
AATGAGCT	0.826046706751437
AATGAGGA	0.765842468193042
AATGAGGC	0.688665593883019
AATGAGGG	0.698667165261534
AATGAGGT	1.61184768537344
AATGAGTA	2.78199981682904
AATGAGTC	1.63276115919924
AATGAGTG	2.35090570400726
AATGATAA	3.08411323847967
AATGATAC	2.6410851709684
AATGATAG	2.79563036139816
AATGATAT	2.82979514535772
AATGATCA	3.03899191974474
AATGATCC	1.93435948448502
AATGATCG	2.05714273830297
AATGATCT	2.41548363001018
AATGATGA	3.43327587087273
AATGATGC	1.63023143252893
AATGATGG	1.32529241959298
AATGATGT	2.37886098023557
AATGATTA	3.07468290475917
AATGATTC	2.30039847031192
AATGATTG	2.94586137415416
AATGCAAA	1.0936402507632
AATGCAAC	1.78925950521845
AATGCAAG	0.933416929942061
AATGCAAT	1.36320379275234
AATGCACA	2.8405944845122
AATGCACG	0.408137657337463
AATGCACT	1.01896306753164
AATGCAGA	0.276400990084514
AATGCAGT	0.168353141485309
AATGCATA	1.14390411195263
AATGCATC	1.04206913956226
AATGCATG	0.116015982339046
AATGCATT	1.42125501271761
AATGCCAA	0.688058706503834
AATGCCAG	1.29725012436025
AATGCCAT	0.979881148409647
AATGCCCA	0.0597683014169172
AATGCCCT	0.294237359631588
AATGCCGA	0.421525952226553
AATGCCGC	0.141554375896327
AATGCCGT	0.336227397739864
AATGCCTA	0.136448605988839
AATGCCTG	0.90152867542061
AATGCGAA	0.448302822711198
AATGCGAC	0.0220983358181926
AATGCGAG	0.936471577703526
AATGCGAT	0.566820180367503
AATGCGCA	0.235235948279394
AATGCGCC	0.608536529671569
AATGCGCG	0.409757052938997
AATGCGCT	0.53750796908323
AATGCGGC	0.00342237323173881
AATGCGGT	0.547406521188775
AATGCGTA	0.804808736251098
AATGCGTC	0.695460374595574
AATGCGTG	0.686956933625342
AATGCTAA	1.1307274697388
AATGCTAC	0.357595335333895
AATGCTAG	0.186046070028329
AATGCTAT	1.28960508376261
AATGCTCA	0.820506122528335
AATGCTCG	0.363453117863416
AATGCTCT	0.960711703856215
AATGCTGA	1.1322879169825
AATGCTGC	0.0572590663186145
AATGCTGT	1.65687973945222
AATGCTTA	0.582194754209003
AATGCTTC	1.17743899060281
AATGCTTG	0.698395160696117
AATGGAAA	0.934997868757773
AATGGAAC	1.06651390072856
AATGGAAG	0.589242732153762
AATGGAAT	1.16771307297376
AATGGACA	1.50126084679055
AATGGACC	0.0988861509665369
AATGGACG	0.740980857924945
AATGGACT	2.29565789951651
AATGGAGA	0.885016398272989
AATGGAGC	0.329647918886622
AATGGAGT	0.664751648643658
AATGGATA	1.27703673246029
AATGGATC	1.10379424575267
AATGGATG	2.13940208388381
AATGGCAA	0.239528230848826
AATGGCAC	0.683224099042365
AATGGCAG	0.811008980668966
AATGGCAT	1.65237748844632
AATGGCCA	1.52594533127869
AATGGCCC	0.407789019906867
AATGGCGC	0.000895172919620615
AATGGCGT	0.499326556303712
AATGGCTA	0.690370043543708
AATGGCTC	1.19924370745771
AATGGCTG	0.752691089561137
AATGGGAA	0.889321312633385
AATGGGAC	1.03235136242073
AATGGGAG	1.00712707939874
AATGGGAT	1.79393326787498
AATGGGCA	0.873742103778274
AATGGGCT	0.917878142818035
AATGGGGA	1.11077738050382
AATGGGGC	0.365765577729153
AATGGGGT	0.0196452420130608
AATGGGTA	2.13559233572919
AATGGGTC	0.235569988973764
AATGGGTG	0.434874386797491
AATGGTAA	2.23152264761024
AATGGTAC	1.6652380551796
AATGGTAG	1.44355377295243
AATGGTAT	2.22922366165487
AATGGTCA	2.03366248455336
AATGGTCC	1.41120010711058
AATGGTCT	1.44006346875595
AATGGTGA	1.41556312770941
AATGGTGG	0.0969896980832018
AATGGTGT	1.65651510175307
AATGGTTA	1.09521276838493
AATGGTTC	0.407023252668007
AATGGTTG	0.805262357899925
AATGTAAA	3.42538858059505
AATGTAAC	2.15195134714646
AATGTAAG	1.29256962474854
AATGTAAT	2.45839691168467
AATGTACA	2.15461328656218
AATGTACC	1.7137435710669
AATGTACG	1.55318087612855
AATGTACT	1.46463763560301
AATGTAGA	1.71707274975198
AATGTAGC	0.68002713310271
AATGTAGG	0.911335997924752
AATGTAGT	0.886917342459778
AATGTATA	1.89377662789009
AATGTATC	0.841337349359646
AATGTATG	2.78164444244326
AATGTCAA	1.22873865865126
AATGTCAC	1.45483564652172
AATGTCAT	2.25594242590108
AATGTCCA	0.750235188691346
AATGTCCG	0.581651306491102
AATGTCCT	0.829592590828154
AATGTCGA	0.745661638243124
AATGTCGC	0.387480468514984
AATGTCGG	0.935263417074474
AATGTCGT	0.931058995628856
AATGTCTA	1.33769375054812
AATGTCTC	0.965486520840457
AATGTCTG	1.20683962442382
AATGTGAA	2.96153854956585
AATGTGAC	1.24328430629908
AATGTGAG	1.00786646022981
AATGTGAT	2.78726755436733
AATGTGCA	0.728804934261895
AATGTGCC	0.883508723844866
AATGTGCG	0.354011275177822
AATGTGCT	2.02083616400891
AATGTGGA	0.918928546413275
AATGTGGG	0.0197173835747867
AATGTGGT	1.13013545980231
AATGTGTA	2.2223772309526
AATGTGTC	0.613376189849424
AATGTGTG	2.35056520706417
AATGTTAA	2.63978914921554
AATGTTAC	1.6512406272596
AATGTTAG	1.29087808758528
AATGTTAT	2.63771978114923
AATGTTCA	1.97963715672143
AATGTTCC	1.57237277719925
AATGTTCT	1.29490173406688
AATGTTGA	0.659633246945206
AATGTTGC	0.718940909051651
AATGTTGG	1.17218051637789
AATGTTGT	1.68745821760397
AATGTTTA	1.49331236250332
AATGTTTC	1.0494469476044
AATGTTTG	1.12273968654635
AATTAAAA	2.2211168589209
AATTAAAC	3.0511192811892
AATTAAAG	4.31504112685815
AATTAAAT	4.23066525452473
AATTAACA	4.71146714902709
AATTAACC	3.13823428721646
AATTAACG	4.28813597351861
AATTAACT	4.93307760545374
AATTAAGA	3.17480921689187
AATTAAGC	4.47361838496349
AATTAAGG	4.19414758896836
AATTAAGT	5.21522662183963
AATTAATA	3.64689854410693
AATTAATC	4.31796524611299
AATTAATG	4.40532474747201
AATTAATT	5.86485408680933
AATTACAA	4.20881450180943
AATTACAC	4.19072689997541
AATTACAG	3.32618635414796
AATTACAT	2.80241644021028
AATTACCA	3.66862831233545
AATTACCC	3.16831058150079
AATTACCG	2.70748572405414
AATTACCT	4.53779490072024
AATTACGA	3.50994635071834
AATTACGC	3.68907019929862
AATTACGG	3.46380662892529
AATTACGT	4.87969425330923
AATTACTA	3.58127610934455
AATTACTC	3.15025919080087
AATTACTG	1.65631692298817
AATTAGAA	2.48740511786642
AATTAGAC	3.24808062214241
AATTAGAG	5.62556221080476
AATTAGAT	3.79157718296825
AATTAGCA	6.21510305322526
AATTAGCC	3.92314739128695
AATTAGCG	6.1779299380711
AATTAGCT	4.61949872820515
AATTAGGA	3.17497736006492
AATTAGGC	5.49055840099569
AATTAGGG	4.18247553341152
AATTAGGT	4.10473921111504
AATTAGTA	8.01231020061154
AATTAGTC	5.01159569525764
AATTAGTG	8.71013300082377
AATTATAA	2.30218151778305
AATTATAC	3.16686578532102
AATTATAG	3.12248749660123
AATTATAT	5.00841922088999
AATTATCA	3.91839671505877
AATTATCC	4.3444751647486
AATTATCG	3.39303716040494
AATTATCT	3.20939225348555
AATTATGA	4.1600164897847
AATTATGC	3.70114338439516
AATTATGG	4.8443732394168
AATTATGT	3.6872590811809
AATTATTA	4.21896821609244
AATTATTC	2.63128318188711
AATTATTG	2.97262308648965
AATTCAAA	1.34886249941167
AATTCAAG	1.21806114610296
AATTCAAT	1.71749577439602
AATTCACA	0.813024733800292
AATTCACC	1.22587629481891
AATTCACT	0.411632172130927
AATTCAGA	1.36693494309653
AATTCAGT	1.36269515263621
AATTCATA	0.87828898711224
AATTCATC	1.57652161876463
AATTCATG	0.872745034411547
AATTCCAA	0.726861322692296
AATTCCAC	0.707812862625648
AATTCCAG	0.713888754079141
AATTCCAT	1.84723325019913
AATTCCCA	0.344629503675921
AATTCCCT	0.813736886104173
AATTCCGA	0.684996198961325
AATTCCGC	0.642876193759356
AATTCCTG	0.692234776596402
AATTCGAA	1.94995834279274
AATTCGAC	0.690339727245395
AATTCGAG	0.695573780007781
AATTCGAT	1.11357546255549
AATTCGCA	0.687372659901278
AATTCGCG	0.364100426973685
AATTCGCT	0.48509333495239
AATTCGGC	0.423662409138196
AATTCGGT	0.511577428593146
AATTCGTA	1.60527775054003
AATTCGTC	1.20464758763194
AATTCGTG	1.46143982754395
AATTCTAA	1.18336470409706
AATTCTAC	1.19048622713588
AATTCTAG	1.01940854869295
AATTCTAT	1.53958373562886
AATTCTCA	0.327118192216312
AATTCTCC	0.45271103705103
AATTCTCG	0.365027319723947
AATTCTCT	0.481652435093905
AATTCTGA	0.986865967399587
AATTCTGC	0.780890299708283
AATTCTGG	0.754798633706798
AATTCTGT	1.03409005827025
AATTCTTA	1.15772946680906
AATTCTTC	0.677724778669744
AATTCTTG	2.0989974758947
AATTGAAA	1.98027969382177
AATTGAAC	1.44965352445552
AATTGAAG	1.76551005396808
AATTGAAT	2.31221396687281
AATTGACA	2.65931817875173
AATTGACC	0.957933832670085
AATTGACG	2.67100932234825
AATTGACT	2.23101428820058
AATTGAGA	1.4567868371659
AATTGAGC	0.336380102057291
AATTGAGG	0.900409779447702
AATTGAGT	1.8288284500587
AATTGATA	1.65234548790921
AATTGATC	1.63388230082388
AATTGATG	3.03088287135904
AATTGCAA	0.395890995645017
AATTGCAC	2.05167289210926
AATTGCAG	1.14610428923203
AATTGCAT	1.930873671592
AATTGCCA	1.63352243513465
AATTGCCC	1.19176540650079
AATTGCCG	1.19890068415643
AATTGCCT	1.02190206422917
AATTGCGA	2.23916319690443
AATTGCGC	1.48272411461116
AATTGCGG	1.00625660864812
AATTGCGT	1.99984100460154
AATTGCTA	2.61295276896013
AATTGCTC	1.27893683452768
AATTGCTG	2.24422236953859
AATTGGAA	0.593575997867209
AATTGGAC	1.83533662946961
AATTGGAG	1.40314495436632
AATTGGAT	2.19459065931026
AATTGGCA	0.642752121501447
AATTGGCG	1.63352243513465
AATTGGCT	1.25547230034016
AATTGGGA	0.210916101490402
AATTGGGC	1.11346205714328
AATTGGGG	0.819307505919122
AATTGGGT	1.34851975681685
AATTGGTA	2.47691708218257
AATTGGTC	0.855149791718646
AATTGGTG	1.54887090905176
AATTGTAA	2.07953806156204
AATTGTAC	1.5161910622966
AATTGTAG	1.51699275996308
AATTGTAT	1.122467120568
AATTGTCA	0.912404928146739
AATTGTCC	0.921512730137962
AATTGTCG	0.67142123427244
AATTGTCT	1.41166383419218
AATTGTGA	2.41206659020129
AATTGTGC	1.16693607747627
AATTGTGG	0.771973658820309
AATTGTGT	2.06585137569974
AATTGTTA	2.44930763632019
AATTGTTC	1.90809574541996
AATTGTTG	1.77459680297436
AATTTAAA	1.45397949180085
AATTTAAC	2.51199444286263
AATTTAAG	1.29507857914037
AATTTAAT	3.27792898277647
AATTTACA	2.07840176178825
AATTTACC	1.5161910622966
AATTTACG	1.02726468055292
AATTTACT	2.2216807982108
AATTTAGA	1.26330597568286
AATTTAGC	1.40069157985473
AATTTAGG	1.2329133252115
AATTTAGT	1.82594615606727
AATTTATA	2.33770407891796
AATTTATC	1.38464331049517
AATTTATG	2.55821613094371
AATTTCAA	2.102735924607
AATTTCAC	0.882056629296984
AATTTCAG	1.6030096422959
AATTTCAT	1.58526169528558
AATTTCCA	1.18223233421379
AATTTCCC	0.0396930170981623
AATTTCCG	0.202970143561364
AATTTCCT	0.071332846397329
AATTTCGA	1.32933852259186
AATTTCGC	0.376546109550424
AATTTCGG	0.931058995628856
AATTTCGT	2.00420206025511
AATTTCTA	0.910231137275135
AATTTCTC	0.683624105756212
AATTTCTG	1.58623350107038
AATTTGAA	1.79499096983833
AATTTGAC	0.841855814202084
AATTTGAG	1.69453230125006
AATTTGAT	2.36223501696928
AATTTGCA	0.487280599734355
AATTTGCC	0.805506291818756
AATTTGCG	1.32006285813405
AATTTGCT	2.12703640264984
AATTTGGA	1.97076823593265
AATTTGGC	0.423773849605142
AATTTGGG	0.696548112150773
AATTTGGT	1.95281425037638
AATTTGTA	2.5774245936959
AATTTGTC	1.42666366490176
AATTTGTG	2.67556939888611
AATTTTAA	1.04328487926589
AATTTTAC	2.06945676954722
AATTTTAG	0.524252729058957
AATTTTAT	1.89129798979657
AATTTTCA	0.996926487135932
AATTTTCC	1.58737316932176
AATTTTCG	0.668556905494826
AATTTTCT	1.6814693451549
AATTTTGA	1.41057637734345
AATTTTGC	1.24735847994454
AATTTTGG	0.626247984841335
AATTTTGT	1.13293410326691
AATTTTTA	0.288216767351868
AATTTTTC	0.812733921901663
AATTTTTG	1.46934283738372
ACAAAAAA	1.09575397045111
ACAAAAAC	1.27591081882574
ACAAAAAT	0.827540065149801
ACAAAACA	1.8782729290743
ACAAAACC	2.53466457775178
ACAAAACG	0.575800822329693
ACAAAACT	0.485560430511578
ACAAAAGA	0.165301862201434
ACAAAAGC	0.87580529630233
ACAAAAGG	0.248042900077692
ACAAAAGT	0.541984675800731
ACAAAATA	1.5015432374952
ACAAAATC	1.28811200607071
ACAAAATG	1.36106424806958
ACAAACAA	1.12403851536387
ACAAACAC	1.4901356074292
ACAAACAG	0.758886842675551
ACAAACAT	2.47198506957745
ACAAACCA	0.136746154842648
ACAAACCG	0.605649463670221
ACAAACGA	1.81869943794468
ACAAACGG	0.669748785148859
ACAAACGT	0.661567314494967
ACAAACTA	1.50282410109891
ACAAACTC	0.388583644925805
ACAAACTG	0.330252279907614
ACAAAGAA	0.616737930484537
ACAAAGAC	1.46286048296766
ACAAAGAG	0.282482214960859
ACAAAGAT	0.516426352084374
ACAAAGCA	0.766967539708201
ACAAAGCT	0.15438743339595
ACAAAGGA	0.0345428955690688
ACAAAGGG	0.222598262480008
ACAAAGTA	0.798401611167894
ACAAAGTC	0.051681428842019
ACAAAGTG	0.275796348357056
ACAAATAA	2.73987812738828
ACAAATAC	1.68154738155241
ACAAATAG	1.99270207776185
ACAAATAT	2.37745407942869
ACAAATCA	1.38954528750844
ACAAATCG	0.916333695842885
ACAAATCT	0.734041232676008
ACAAATGA	1.95686175690758
ACAAATGC	0.387930160273289
ACAAATGG	1.63457901427214
ACAAATGT	2.0222537316615
ACAAATTA	3.99390338589694
ACAAATTC	1.41684174566139
ACAAATTG	1.3356524531284
ACAACAAA	1.57139339233987
ACAACAAC	0.408896687621143
ACAACAAG	0.114307602787836
ACAACAAT	2.35163975141547
ACAACACA	1.12133811916232
ACAACACC	0.693668625224004
ACAACACG	0.813671762204094
ACAACACT	0.681034307902208
ACAACAGA	0.509853329479847
ACAACAGG	0.410886896464074
ACAACATA	1.53858835050093
ACAACATC	1.30366061792105
ACAACATG	0.835000120186439
ACAACCAA	1.99658705524932
ACAACCAC	0.391178495496195
ACAACCAT	0.43677533098428
ACAACCGA	0.742715623883946
ACAACCGT	0.230449903036518
ACAACCTC	0.0133801544015803
ACAACCTG	0.116577956683694
ACAACGAA	0.500304256924295
ACAACGAC	0.67146053317766
ACAACGAG	0.802999021665713
ACAACGAT	0.803040004809729
ACAACGCA	0.741963891968379
ACAACGCC	0.298279252033475
ACAACGCG	0.150119010876115
ACAACGCT	0.065918018670931
ACAACGTA	0.387422642983018
ACAACGTC	0.0866389278611597
ACAACGTG	0.271270237301565
ACAACTAA	1.80296022640403
ACAACTAC	1.1042018315411
ACAACTAG	1.18986053242348
ACAACTAT	2.6196956189765
ACAACTCA	2.18964292714305
ACAACTCG	0.195934235994637
ACAACTCT	2.15177787055056
ACAACTGA	0.621122284774771
ACAACTGC	0.872367203508503
ACAACTGG	0.0889440893587839
ACAACTGT	0.583900045989089
ACAACTTA	2.04859073511414
ACAACTTG	1.6145332041323
ACAAGAAC	0.415242337988325
ACAAGAAG	0.288479227897445
ACAAGAAT	0.909743830850407
ACAAGACA	0.278283407644557
ACAAGACT	0.288727372413264
ACAAGAGA	0.872398642632679
ACAAGAGG	0.239734550101232
ACAAGAGT	0.743654867718707
ACAAGATA	1.6275021235614
ACAAGATC	0.862477914716331
ACAAGATG	0.0896671892148341
ACAAGCAA	0.5513313589944
ACAAGCAT	1.58237883988122
ACAAGCCT	0.368304567712838
ACAAGCGA	0.564547861526384
ACAAGCGT	0.608429580508077
ACAAGCTA	0.384696421786606
ACAAGGAC	0.185631185871791
ACAAGGAT	0.984068727467314
ACAAGGCA	0.782043161163562
ACAAGGTA	0.255417058935777
ACAAGGTC	0.372429829935084
ACAAGTAA	0.596762016254696
ACAAGTAC	0.793845183814089
ACAAGTAG	0.61543320683123
ACAAGTAT	1.63283975700968
ACAAGTCA	0.477607174214427
ACAAGTCG	0.0828687593182229
ACAAGTGA	0.318157199706731
ACAAGTGT	0.359369400198117
ACAAGTTA	1.91310270665147
ACAAGTTC	0.922662503822116
ACAATAAA	1.88805414587711
ACAATAAC	1.1173885791877
ACAATAAG	0.312398225853192
ACAATAAT	3.46235958709379
ACAATACA	1.39022515856875
ACAATACC	0.229923297706568
ACAATACG	0.307756463733767
ACAATACT	1.28301774512833
ACAATAGA	1.60798769076143
ACAATAGC	0.989246077523596
ACAATAGG	1.87582825646314
ACAATAGT	1.5861913951005
ACAATATA	2.17133244437514
ACAATATC	1.19391982862625
ACAATATG	2.27437024397172
ACAATCAA	1.74952943486679
ACAATCAC	0.607526267100946
ACAATCAG	0.94626991760076
ACAATCAT	3.03596113203288
ACAATCCA	0.431396995098444
ACAATCCC	0.0443541479637316
ACAATCCT	1.09534834960794
ACAATCGA	0.627917907606723
ACAATCGC	0.601044193391357
ACAATCGG	0.342520836704397
ACAATCGT	0.557817643300977
ACAATCTA	1.20387255707971
ACAATCTC	0.0985599700532103
ACAATCTG	1.06039478047932
ACAATGAA	1.72953864319426
ACAATGAC	0.358330786274442
ACAATGAG	0.505046231252032
ACAATGAT	2.13733411934984
ACAATGCA	0.495660249153143
ACAATGCC	0.133486310654641
ACAATGGA	0.0622337463065469
ACAATGGC	0.847013795512223
ACAATGGG	0.0336016867890469
ACAATGGT	0.301380216361806
ACAATGTA	1.77838577885051
ACAATGTC	0.101972237852178
ACAATGTG	1.2252991623251
ACAATTAA	3.64689854410693
ACAATTAC	3.34184444151997
ACAATTAG	4.98200025114931
ACAATTAT	2.07987182154994
ACAATTCA	0.796981236450653
ACAATTCC	0.7862753725493
ACAATTCG	0.59890521012152
ACAATTCT	0.771212944297834
ACAATTGA	1.14344740253268
ACAATTGC	0.891155729387766
ACAATTGG	0.989383904398332
ACAATTGT	0.597141531396535
ACAATTTA	1.8924438335902
ACAATTTC	0.912404928146739
ACAATTTG	1.34747272169921
ACACAAAA	1.83319792690624
ACACAAAC	1.20724777162518
ACACAAAG	1.02845291102289
ACACAAAT	2.14424791960392
ACACAACA	1.06109121322112
ACACAACC	0.133365887580788
ACACAACG	0.302934488063261
ACACAACT	0.411936457939917
ACACAAGA	1.13430282799443
ACACAATA	1.45520533693725
ACACAATC	0.238319789513308
ACACAATG	0.645149074013407
ACACACAA	0.659432261115652
ACACACAC	1.4920225162927
ACACACAG	0.390166829393244
ACACACAT	0.112617188450439
ACACACCA	0.683989024161828
ACACACCT	0.0405488911125631
ACACACGA	0.514013960716792
ACACACGT	0.289635457830314
ACACACTA	2.35055229456674
ACACACTC	0.654561723226552
ACACAGAA	1.66384013697963
ACACAGAT	0.909455264603504
ACACAGCA	0.226664295637959
ACACAGCT	0.491492319548086
ACACAGTA	0.701393386457945
ACACAGTC	0.404423349381232
ACACAGTG	0.248209920424877
ACACATAA	1.21185248049111
ACACATAC	1.1102381433829
ACACATAG	0.518432841902326
ACACATAT	0.954752586292518
ACACATCA	0.595564803177812
ACACATCT	1.55868244215289
ACACATGA	1.53596234151283
ACACATGC	0.302626272363749
ACACATGG	0.0127401436594243
ACACATGT	0.230339304688969
ACACATTA	3.39304109029546
ACACATTC	1.9184498841196
ACACATTG	1.39158012867945
ACACCAAA	1.30867319328187
ACACCAAC	0.545582209867165
ACACCAAT	1.43902766189693
ACACCACA	1.18198250545918
ACACCACC	0.103042290900028
ACACCACT	0.0278971699898842
ACACCAGA	0.474773161735127
ACACCATA	0.0519986271484385
ACACCATC	0.0592110990821901
ACACCATG	1.02562058278239
ACACCCAA	0.472815234135768
ACACCCTA	0.57163598049576
ACACCGAA	0.148465369085747
ACACCGAT	1.38328637543921
ACACCTAA	1.30975559741422
ACACCTAG	0.398989995028087
ACACCTAT	0.307024100564343
ACACCTCA	0.685212623646502
ACACCTCT	0.945965912498236
ACACCTGA	0.15928772617043
ACACCTTA	0.529452254926042
ACACGAAA	1.20301471812005
ACACGAAC	1.61009579632002
ACACGAAT	1.62059534096897
ACACGACA	0.648202318242543
ACACGACC	0.0909853867785023
ACACGACG	0.250322517286923
ACACGACT	0.45685566801942
ACACGAGA	0.595626839306766
ACACGAGG	0.00865586458119286
ACACGATA	0.613908970721622
ACACGATC	0.467067769247329
ACACGATG	0.703985991376608
ACACGCAA	0.422776780238415
ACACGCAT	0.668744978826951
ACACGCGA	0.215308034855214
ACACGCGT	0.627787098393634
ACACGCTA	0.114441780478515
ACACGGAT	1.44886726564465
ACACGTAA	1.34015330060196
ACACGTAT	1.35283898720701
ACACGTCA	0.587260102385408
ACACGTCG	0.0358279697697657
ACACGTCT	0.0969242934766568
ACACGTGC	0.139940313717644
ACACGTGT	0.250651224558443
ACACGTTA	1.24312963703639
ACACGTTC	0.667157864468991
ACACGTTG	0.051842273646956
ACACTAAA	2.07451117017146
ACACTAAC	1.3737246710927
ACACTAAG	0.236163683149054
ACACTAAT	5.59839964963602
ACACTACA	0.650509725391894
ACACTACC	0.401851797447508
ACACTACG	0.105048500011515
ACACTACT	1.21468424731869
ACACTAGA	0.786591728736323
ACACTAGC	0.0184699240405148
ACACTAGG	0.0885275209634514
ACACTAGT	1.407792892028
ACACTATA	2.08596680104311
ACACTATC	0.77417945022902
ACACTATG	1.22986429157935
ACACTCAA	1.18152888381035
ACACTCAC	0.538811008497742
ACACTCAG	0.422989275033069
ACACTCAT	0.690836016277032
ACACTCCA	0.322005685353643
ACACTCGC	0.279450585129594
ACACTCGT	0.558619060261001
ACACTCTA	0.683664527487296
ACACTCTG	0.290939058657758
ACACTGAA	0.706276556138008
ACACTGAT	1.51912191850662
ACACTGCA	0.701888552663719
ACACTGCT	0.520462068944012
ACACTGTA	0.67013840572347
ACACTGTG	0.889098431699494
ACACTTAA	2.1461513901489
ACACTTAC	1.09926364339373
ACACTTAG	2.45557974159332
ACACTTAT	1.58685891507631
ACACTTCA	0.929730131219485
ACACTTCC	0.539012555740228
ACACTTCT	0.654450844172538
ACACTTGA	1.5909813702339
ACACTTGG	0.381501982205144
ACACTTTA	2.01406748899769
ACACTTTC	0.798337890800144
ACACTTTG	0.263164276686988
ACAGAAAA	0.504320043624857
ACAGAAAC	1.17547348392887
ACAGAAAG	1.32103129544126
ACAGAAAT	0.866841216021625
ACAGAACA	0.455181534657044
ACAGAACG	0.362338993900427
ACAGAACT	1.12302460360919
ACAGAAGG	0.0678102609572786
ACAGAAGT	0.75548496101582
ACAGAATA	1.05922198886497
ACAGAATC	0.494120293481447
ACAGAATG	0.676987643490401
ACAGACAA	1.70712142483085
ACAGACAC	0.784497377794557
ACAGACAG	0.494436649668469
ACAGACAT	0.854357076659064
ACAGACCA	0.880597517087455
ACAGACGA	0.710488837364671
ACAGACGC	0.336731546552545
ACAGACGT	0.571297448497936
ACAGACTA	1.41480999226151
ACAGACTC	0.300434516278331
ACAGAGAA	0.532509429045699
ACAGAGAT	0.579245652078701
ACAGAGCA	0.216175979247646
ACAGAGTA	0.756840492539447
ACAGAGTC	0.180259586941135
ACAGAGTG	0.477441838106037
ACAGATAA	2.09007072957396
ACAGATAC	1.83429520848128
ACAGATAG	0.744439722997245
ACAGATAT	1.4797598543317
ACAGATCA	0.907013118350542
ACAGATCC	0.957123994516086
ACAGATCT	1.11642603671627
ACAGATGA	0.271243850893774
ACAGATGT	0.855469797089724
ACAGATTA	2.24497269792182
ACAGATTC	0.212241597422183
ACAGATTG	0.833113492029408
ACAGCAAA	0.460588221895933
ACAGCAAC	1.11177332704468
ACAGCAAT	1.40059220976581
ACAGCACA	0.395736045675864
ACAGCAGC	0.32606245519822
ACAGCAGT	0.340287536062032
ACAGCATC	0.190494144686312
ACAGCATG	0.27844790163355
ACAGCCAT	0.98224469685217
ACAGCCTA	0.203728331725646
ACAGCGAA	0.742340038632629
ACAGCGAT	0.323193073704221
ACAGCGGA	0.154733263761887
ACAGCTAC	0.0616815966882046
ACAGCTAT	0.288479227897445
ACAGCTCG	0.357812321432003
ACAGCTGA	0.124771778422084
ACAGCTTA	0.718657956934066
ACAGCTTC	0.00408512119762939
ACAGGAAA	0.216344964540092
ACAGGAAC	0.338832915155957
ACAGGAAT	0.0398878273854678
ACAGGATA	0.475293310816361
ACAGGCAT	0.636530543392174
ACAGGGTA	0.269657578655211
ACAGGTAA	1.00628439858824
ACAGGTAT	0.891041481856162
ACAGGTCC	0.0185019245776223
ACAGGTCT	0.20573061094661
ACAGGTTA	0.560768991083006
ACAGGTTG	0.0926157299322045
ACAGTAAA	1.50268178292072
ACAGTAAC	0.219376875077823
ACAGTAAG	0.387825176055058
ACAGTAAT	2.56117870698438
ACAGTACA	0.497104203213516
ACAGTACC	0.912681704722075
ACAGTACG	0.546863915590272
ACAGTACT	0.497000061114682
ACAGTAGA	0.268791879914506
ACAGTAGC	0.379234435373945
ACAGTAGT	1.16069372708852
ACAGTATA	1.86894757957203
ACAGTATC	0.96230050245297
ACAGTATG	1.18612685572111
ACAGTCAC	0.222523313853623
ACAGTCAG	0.0614578736349159
ACAGTCAT	0.897289446373225
ACAGTCCT	0.0676609251174427
ACAGTCGA	0.371664062696225
ACAGTCGG	0.341671418938711
ACAGTCTA	0.816683461876283
ACAGTCTC	0.0204418869631658
ACAGTGAA	0.226991037964217
ACAGTGAC	0.465880942309682
ACAGTGAG	0.272188708857851
ACAGTGAT	1.01545339458902
ACAGTGGT	0.033932359005828
ACAGTGTA	1.33573329659056
ACAGTGTC	1.58738664323212
ACAGTTAA	2.19183833241252
ACAGTTAC	1.31193191464401
ACAGTTAG	1.14346256068184
ACAGTTAT	1.567667856125
ACAGTTCA	0.718005595107412
ACAGTTCG	0.727745828766214
ACAGTTCT	1.13857068910133
ACAGTTGA	1.53068393712884
ACAGTTGG	0.0110261499788963
ACAGTTTA	1.20659091849507
ACAGTTTC	1.15133272786509
ACAGTTTG	0.147768374931022
ACATAAAA	2.36458761785963
ACATAAAC	2.15564600565008
ACATAAAT	1.81225834737911
ACATAACA	1.79279079255894
ACATAACC	0.471006923082713
ACATAACG	1.65009141498838
ACATAACT	2.36975682742841
ACATAAGA	0.0807182670832865
ACATAAGC	1.39880467099123
ACATAAGT	1.29247811444067
ACATAATA	2.31146953332535
ACATAATC	3.41490363268233
ACATAATG	3.35510866415116
ACATACAA	3.14973763818731
ACATACAC	1.51799768911086
ACATACAG	0.53511775352645
ACATACAT	1.06804318955455
ACATACCA	0.81268058767315
ACATACCC	0.00106556174439632
ACATACCG	1.31468536436761
ACATACCT	0.917604173307357
ACATACGA	0.677427791228866
ACATACGG	0.588382366835907
ACATACGT	1.07456596570169
ACATACTA	1.6389442805227
ACATACTC	0.63223292739989
ACATACTG	1.1801472465854
ACATAGAA	0.668120687646884
ACATAGAC	0.622411569572456
ACATAGAG	0.08692216068521
ACATAGAT	1.92625576952217
ACATAGCA	0.134824157670919
ACATAGCG	0.926471690563807
ACATAGGA	1.08437469173816
ACATAGGG	0.147841920025077
ACATAGGT	0.457712945566151
ACATAGTA	1.60576617979063
ACATAGTC	0.95138916141861
ACATAGTG	0.824309975847175
ACATATAA	1.86226059014237
ACATATAC	1.54226307884547
ACATATAG	0.952711288872801
ACATATAT	2.8515409138548
ACATATCA	1.34073436298629
ACATATCC	1.27671869203447
ACATATCG	0.585319297880466
ACATATCT	0.675451056296295
ACATATGA	1.16520552211425
ACATATGC	1.09561530145697
ACATATGG	0.930819833719945
ACATATGT	2.17959082860068
ACATATTA	2.79048501187899
ACATATTC	0.634979359461843
ACATATTG	0.441958295169879
ACATCAAA	0.626168544911497
ACATCAAC	0.549024232551514
ACATCAAG	1.55526484093107
ACATCAAT	1.63276115919924
ACATCACA	0.30827268292448
ACATCACT	0.860842518846243
ACATCAGA	0.722902800110768
ACATCAGC	0.73563087339216
ACATCAGG	0.498792933312116
ACATCAGT	1.48559854882154
ACATCATA	1.97986930096869
ACATCATC	0.839659286106747
ACATCATG	0.628799887322449
ACATCCAA	1.17219483240765
ACATCCAC	0.211201860672645
ACATCCAG	0.48281905116601
ACATCCAT	1.5733490742875
ACATCCCA	0.00773009465679312
ACATCCGA	0.958133134260844
ACATCCGT	0.621628117826246
ACATCCTA	0.585340912278338
ACATCCTG	0.0619816719002066
ACATCGAA	0.461868804793176
ACATCGAC	0.872138147032363
ACATCGAG	0.324218775130466
ACATCGAT	1.67677031891644
ACATCGCG	0.659792126804881
ACATCGTA	0.854183038650232
ACATCGTC	0.621988264221942
ACATCGTG	0.946868945198901
ACATCTAA	1.78614422486035
ACATCTAC	0.699607251215692
ACATCTAG	1.28298658671062
ACATCTAT	0.49672917937513
ACATCTCA	0.638604964174863
ACATCTGA	1.90668828320015
ACATCTGC	0.543734319202423
ACATCTTA	1.36269009991982
ACATCTTC	0.74371634243473
ACATGAAA	0.683067745540882
ACATGAAC	1.05771094595926
ACATGAAG	0.799153062376995
ACATGAAT	1.60065788352495
ACATGACA	0.0630503214157279
ACATGACC	0.819043080428284
ACATGACG	1.29833533555726
ACATGACT	0.687661787561111
ACATGAGA	1.5341554339921
ACATGAGT	0.479372537178207
ACATGATA	1.25770588168899
ACATGATC	0.332157996104323
ACATGATG	0.595564803177812
ACATGCAA	1.60532771629096
ACATGCAC	0.323370760897109
ACATGCAG	0.627095999074692
ACATGCAT	0.831990946872443
ACATGCTA	2.18546769916988
ACATGCTC	0.603654202110903
ACATGCTG	0.648202318242543
ACATGGAA	0.218682687987757
ACATGGAG	0.117080140551114
ACATGGAT	1.77729018151427
ACATGGCA	0.810679431278049
ACATGGCG	0.507625362260333
ACATGGGT	0.0331407667721085
ACATGGTA	0.547645963804152
ACATGTAA	1.41540761632732
ACATGTAC	1.30036203624075
ACATGTAG	0.476155079666545
ACATGTAT	1.03178321253383
ACATGTCA	0.37397596114903
ACATGTCT	0.283329387074818
ACATGTGA	0.948883575504363
ACATGTTA	1.59570004592497
ACATGTTC	0.375036189470575
ACATGTTG	0.539012555740228
ACATTAAA	2.61658005791194
ACATTAAC	3.00391006776123
ACATTAAG	3.90652872638877
ACATTAAT	4.10163235195093
ACATTACA	2.94928851939582
ACATTACC	1.77764667872591
ACATTACG	2.37922814429291
ACATTACT	2.82979514535772
ACATTAGA	2.43133456272424
ACATTAGC	2.7912693057446
ACATTAGG	2.86034864063402
ACATTAGT	4.35458003610655
ACATTATA	2.31646161711417
ACATTATC	4.26534597696854
ACATTATG	2.25040071885212
ACATTCAA	1.44847259235365
ACATTCAC	1.94364806144026
ACATTCAG	1.10867095918402
ACATTCAT	1.51149765018745
ACATTCCA	0.234266107439855
ACATTCCG	0.731809054859506
ACATTCCT	0.571527347093474
ACATTCGA	1.32990470753349
ACATTCGC	0.128260679086231
ACATTCGT	0.533880399424949
ACATTCTA	1.5364229808233
ACATTCTC	0.354011275177822
ACATTCTG	0.505669680312702
ACATTGAA	1.07714650024232
ACATTGAC	1.41077624034714
ACATTGAG	0.891896513751165
ACATTGAT	1.86121243219885
ACATTGCA	0.626074227538969
ACATTGCG	0.0160968315781522
ACATTGCT	0.567708054919012
ACATTGGA	0.949636991658725
ACATTGGG	0.309668355472724
ACATTGGT	1.44920270987135
ACATTGTA	0.633029853056461
ACATTGTC	0.161311339082799
ACATTGTG	1.26853469502239
ACATTTAA	2.24889388654339
ACATTTAC	1.82673830971392
ACATTTAG	0.742864398310851
ACATTTAT	1.29087808758528
ACATTTCA	0.923331988743186
ACATTTCC	1.31430556851931
ACATTTCG	1.10995378773299
ACATTTCT	1.38650355224441
ACATTTGA	0.554553588515982
ACATTTGC	0.989409167980259
ACATTTGG	2.04484891792426
ACATTTTA	2.62632450216773
ACATTTTC	0.841337349359646
ACATTTTG	0.768781464890574
ACCAAAAA	0.809939769740514
ACCAAAAC	0.302967611426232
ACCAAAAG	0.786290249991991
ACCAAAAT	1.17346474845919
ACCAAACC	0.232532745013183
ACCAAACG	0.201375450128826
ACCAAACT	0.538180541775425
ACCAAAGA	0.335918339920955
ACCAAAGG	0.0040719279937342
ACCAAAGT	0.762603676989974
ACCAAATA	1.23788463672184
ACCAAATC	1.48814708282507
ACCAAATG	1.61924682710698
ACCAACAC	0.34795362964461
ACCAACAG	0.372714185584998
ACCAACAT	1.17190907322541
ACCAACCT	0.262993045742815
ACCAACGA	0.677945694658374
ACCAACGT	0.187279494239308
ACCAACTA	0.513553882819251
ACCAACTC	0.668975719541887
ACCAACTG	0.69902113611498
ACCAAGAA	0.0802708209767084
ACCAAGAC	0.0555675291553553
ACCAAGAG	0.171335647685049
ACCAAGAT	0.6664375716776
ACCAAGCA	0.380692986170541
ACCAAGCT	0.234224282176442
ACCAAGTA	0.800415960766889
ACCAAGTG	0.128367628249723
ACCAATAA	1.16823602911966
ACCAATAC	0.327176017748278
ACCAATAG	0.56217757612868
ACCAATAT	1.69301985481202
ACCAATCA	1.1747349452172
ACCAATCG	0.551740909728086
ACCAATCT	1.73838707241103
ACCAATGA	0.936542596439388
ACCAATTA	4.16333949292753
ACCAATTC	1.10683120900679
ACCAATTG	0.625589447472432
ACCACAAA	1.89610593014378
ACCACAAC	1.24328655195081
ACCACAAT	1.00225064667386
ACCACACA	0.51650326565602
ACCACACG	0.79310299591836
ACCACACT	0.0964591628627303
ACCACAGA	0.588189521493863
ACCACATA	0.938378697432564
ACCACCAA	0.162005806879331
ACCACCGA	0.125026659893083
ACCACCTA	0.241480544318867
ACCACGAA	0.460843664779863
ACCACGGT	0.235055454021847
ACCACGTA	0.512821519649827
ACCACTAA	1.70112581542659
ACCACTAC	0.585630882057569
ACCACTAG	0.168035381765958
ACCACTAT	0.542759425646498
ACCACTCA	0.543558596954795
ACCACTGA	0.439788714895264
ACCACTTA	2.79607668467888
ACCACTTC	0.0278971699898842
ACCACTTG	0.679922429590945
ACCAGAAA	1.32361744411121
ACCAGAAC	0.265648809616295
ACCAGAAG	0.392975016877686
ACCAGACA	0.149733881604959
ACCAGAGT	0.480508836952
ACCAGATA	0.805506291818756
ACCAGGAC	0.00344370692314439
ACCAGGTA	0.528594977379311
ACCAGTAC	0.350581603577971
ACCAGTAG	0.196455788608201
ACCAGTAT	0.827401957568599
ACCAGTTA	0.463711081328601
ACCAGTTG	0.0137203706381995
ACCATAAA	1.51670363230325
ACCATAAC	1.05692777491951
ACCATAAG	0.527303727636365
ACCATAAT	2.16718304139683
ACCATACA	0.590356013997354
ACCATACC	0.351313966747394
ACCATACG	0.0107796897018731
ACCATACT	0.491497091558005
ACCATAGA	0.107428329429058
ACCATAGC	0.0203559907846132
ACCATAGG	0.964827422058623
ACCATAGT	1.15281289305956
ACCATATA	0.902767713760907
ACCATATC	1.6021332767095
ACCATATG	2.02284209241394
ACCATCAA	0.327775326052885
ACCATCAC	0.589174801189024
ACCATCAT	0.635529824841391
ACCATCCA	0.0859287405025389
ACCATCCC	0.384062025173767
ACCATCGA	0.157559416460143
ACCATCTA	1.07235764793479
ACCATCTG	1.09949803329272
ACCATGAC	0.498890619162235
ACCATGAG	0.347788854949152
ACCATGAT	0.627682394881869
ACCATGCA	0.226811947239
ACCATGCT	0.256155316940983
ACCATGTA	1.31652904443537
ACCATTAA	3.07235247967962
ACCATTAC	2.13013399850059
ACCATTAG	4.07017020984465
ACCATTAT	2.78342861274026
ACCATTCA	0.719342880710759
ACCATTCC	0.0119499549580343
ACCATTCT	0.335811952170395
ACCATTGA	1.00251170368711
ACCATTGC	1.24570062755718
ACCATTTA	1.96747330343641
ACCATTTC	1.38497594765721
ACCATTTG	0.582132998786514
ACCCAAAA	2.12418161789207
ACCCAAAC	0.491734288521655
ACCCAAAT	1.26042985723368
ACCCAACA	0.0501268764340985
ACCCAATA	1.23063314658933
ACCCAATC	0.795618687265379
ACCCAATG	0.495119047086969
ACCCACAA	0.437863629952411
ACCCACAC	0.0162750801839719
ACCCACAT	0.421634304922374
ACCCACTA	1.19292668915005
ACCCACTC	0.321365674611487
ACCCATAA	1.6889058208484
ACCCATAC	0.30284915329764
ACCCATAT	0.606545478709239
ACCCATCA	0.54797270613041
ACCCATGA	1.03975471475126
ACCCATTA	5.98851735539774
ACCCGATA	0.680588546034425
ACCCGTAA	0.582819326095537
ACCCGTTA	1.18583211393195
ACCCTAAA	0.175609965040666
ACCCTAAT	1.41500255689709
ACCCTACT	0.145017451565615
ACCCTATA	0.853148916030012
ACCCTATC	0.589174801189024
ACCCTATG	0.117076210660591
ACCCTGAT	0.0506495518735254
ACCCTTAA	1.02401943310113
ACCCTTAT	0.910196610379835
ACCCTTGA	0.0814363142229506
ACCGAAAA	0.695670062325569
ACCGAAAT	0.558891626239349
ACCGAAGA	0.713217865625741
ACCGAAGT	0.215931203209418
ACCGAATA	0.544284223169038
ACCGAATC	0.761673696468588
ACCGACAC	0.593431434037292
ACCGACAG	0.260799324712136
ACCGAGAA	0.127841022919773
ACCGAGAC	0.16383769727552
ACCGAGCA	0.251256427698832
ACCGAGTA	0.151329136450429
ACCGATAA	0.951790290958321
ACCGATAC	0.0736927456557958
ACCGATAG	0.388953616047806
ACCGATAT	1.45200303757475
ACCGATCA	0.690427869075675
ACCGATCT	0.140187054701133
ACCGATGA	0.358226924882075
ACCGATTA	3.7862170930027
ACCGATTC	0.555995858337559
ACCGATTG	0.0683938496997974
ACCGCAAA	1.40791078874366
ACCGCAAC	0.444474828636295
ACCGCAAT	0.676285877325757
ACCGCACA	0.0127334067042434
ACCGCACT	0.0334720004018212
ACCGCATA	0.178473732405348
ACCGCATC	0.0127120730128385
ACCGCCAA	0.0555675291553553
ACCGCCCT	0.175240274625131
ACCGCGAA	0.270782369463904
ACCGCGAT	0.324314776741789
ACCGCTAA	0.219473157395612
ACCGCTAG	0.0290486279128331
ACCGCTTG	0.829356235983901
ACCGGACT	0.116785960174894
ACCGGATA	0.646299128404026
ACCGGCAC	0.174836057314296
ACCGGTAA	1.64584011556296
ACCGGTAT	0.506855384424485
ACCGGTTA	0.635192696375895
ACCGTAAA	0.708810774111773
ACCGTAAC	0.140966857263287
ACCGTAAG	0.809919839581438
ACCGTAAT	2.58286945701414
ACCGTACT	0.569395662191748
ACCGTATA	0.729297854815941
ACCGTATC	0.00347065474386636
ACCGTATG	0.184466815451413
ACCGTCAC	0.377081416780815
ACCGTCAT	0.111932826086678
ACCGTGAA	0.170460685630969
ACCGTGAG	0.136419412516389
ACCGTGCA	0.350526023697731
ACCGTGGA	0.470631057124928
ACCGTTAA	2.33398724460354
ACCGTTAC	0.595582206978695
ACCGTTAG	0.49925216909026
ACCGTTAT	1.51261879181209
ACCGTTCA	0.798780564896801
ACCGTTCC	0.332291893088538
ACCGTTCT	0.0280504357202424
ACCGTTGA	0.627310458814607
ACCGTTTA	1.72808739076577
ACCGTTTG	0.634824970905622
ACCTAAAA	1.80431267015654
ACCTAAAC	0.480506029887341
ACCTAAAT	2.31965437245684
ACCTAACA	1.04260556961851
ACCTAACC	0.0168777569661693
ACCTAACG	0.681073326100962
ACCTAACT	0.819838602552525
ACCTAAGA	0.221559929262799
ACCTAAGC	0.282687692093866
ACCTAAGG	0.479613383325913
ACCTAAGT	0.826428186838538
ACCTAATA	2.77874390253155
ACCTAATC	2.49612386069596
ACCTAATG	3.19712762657929
ACCTACAA	0.786555798308692
ACCTACAG	0.0125200697901914
ACCTACAT	0.946594414275292
ACCTACCC	0.374336668957656
ACCTACCT	0.0895911177625866
ACCTACGA	0.675908046422712
ACCTACGT	0.0582631533469874
ACCTACTA	0.167686744335362
ACCTACTG	0.372944645593468
ACCTAGAA	0.447275437046158
ACCTAGAT	1.51948066136998
ACCTAGGA	0.45128111831395
ACCTAGTA	0.676415283006517
ACCTAGTC	0.546590507492526
ACCTATAA	1.17168899935617
ACCTATAC	1.49271951044743
ACCTATAG	1.29400740326666
ACCTATAT	1.62842761277933
ACCTATCA	0.864526510504162
ACCTATCG	0.261383755574052
ACCTATCT	0.0671601447823523
ACCTATGA	0.343027231168805
ACCTATTA	2.24497522428002
ACCTATTC	0.335586825584777
ACCTATTG	0.988856456948985
ACCTCAAA	0.215311964745736
ACCTCAAT	1.22189250865545
ACCTCACT	0.305868993457339
ACCTCAGA	0.0898631223280029
ACCTCAGT	0.25929726441333
ACCTCATA	0.847505312533939
ACCTCCAA	0.372204422643001
ACCTCCAT	1.03291614383003
ACCTCGAA	1.12840462373383
ACCTCGAT	0.431337485327682
ACCTCGCA	0.570430907637833
ACCTCGTA	0.332869867701739
ACCTCTAC	0.0161959209606001
ACCTCTAT	1.01940854869295
ACCTCTGA	0.416215266598988
ACCTCTTA	0.468981625931548
ACCTCTTG	0.433377098508605
ACCTGAAT	0.298421289505198
ACCTGACC	0.226325202227202
ACCTGATA	0.319781928731117
ACCTGATC	0.0203526223070231
ACCTGATG	0.949302670257889
ACCTGCAT	0.522831792928785
ACCTGGAT	0.310850971813384
ACCTGGTA	0.129275432960307
ACCTGTAA	0.0113787173000134
ACCTGTAC	0.593867371178769
ACCTGTAT	0.773921761693363
ACCTGTCA	0.0686535031807158
ACCTGTTA	0.469774340991131
ACCTTAAA	1.32835661137429
ACCTTAAC	0.762868102480812
ACCTTAAG	0.356718408334555
ACCTTAAT	3.08910448014908
ACCTTACA	1.0825663806851
ACCTTACC	0.284156909736166
ACCTTACT	0.256452865794792
ACCTTAGC	0.350713535616924
ACCTTAGG	0.00114724732596151
ACCTTAGT	0.394054052532443
ACCTTATA	0.766818203868364
ACCTTATC	0.250102724124157
ACCTTATG	0.449969657705462
ACCTTCAT	0.197181134115977
ACCTTGAA	0.309084205317275
ACCTTGAC	0.670310198080575
ACCTTGAT	0.634166433536719
ACCTTGCA	0.930822640784604
ACCTTGCT	0.093583044413551
ACCTTGTA	0.0761416288639402
ACCTTTAA	1.79459629654733
ACCTTTAC	0.402723671730462
ACCTTTAG	0.062322449549758
ACCTTTAT	0.700015398417049
ACCTTTCA	0.231615957695691
ACCTTTCG	0.0538574653653491
ACCTTTCT	0.22093030465988
ACCTTTGA	0.659942866177047
ACCTTTGC	0.361913723604652
ACCTTTTA	0.888606914677777
ACCTTTTC	0.0955182347891749
ACCTTTTG	0.161951630531421
ACGAAAAA	1.55115305261919
ACGAAAAC	0.231228582772807
ACGAAAAG	0.148381437852455
ACGAAAAT	1.58656698035181
ACGAAACA	0.899855664884098
ACGAAACG	0.905518637126314
ACGAAACT	1.73959747869181
ACGAAAGA	0.235562409899187
ACGAAAGT	0.606285544521855
ACGAAATA	0.813049997382219
ACGAAATC	0.720215316406645
ACGAAATG	1.55047262014595
ACGAACAA	1.27419205313529
ACGAACAC	0.135370131747012
ACGAACAG	1.02633638427032
ACGAACAT	0.667992966204919
ACGAACCA	0.182305375664307
ACGAACTA	1.23450773793757
ACGAACTG	0.713567064469268
ACGAAGAA	0.554721450982565
ACGAAGAT	0.982593614989231
ACGAAGCA	0.538694515314411
ACGAAGTA	0.436711891322996
ACGAAGTG	0.548210464506992
ACGAATAA	0.837556513971006
ACGAATAC	1.2393673282745
ACGAATAG	0.51908380019665
ACGAATAT	1.90401960682924
ACGAATCA	1.1336642207846
ACGAATCC	0.614819301790399
ACGAATCT	1.35839865946979
ACGAATGA	1.47414347936282
ACGAATTA	2.67976848690887
ACGAATTC	0.982886111126655
ACGAATTG	0.975780869062861
ACGACAAA	1.03567997969287
ACGACAAC	0.957510527319572
ACGACAAT	0.701932062165927
ACGACACA	0.312463349753271
ACGACACC	0.429392750932219
ACGACAGT	0.681860707737693
ACGACATA	0.714564695248927
ACGACATC	0.0181210059034537
ACGACATG	0.281979750386973
ACGACCAA	1.27591643295505
ACGACCAT	0.215721234772956
ACGACCGA	0.487280599734355
ACGACCGT	0.222189553865719
ACGACCTA	0.468122102733091
ACGACGAA	0.152880039674293
ACGACGAC	0.624639817498436
ACGACGAG	0.0905283966520862
ACGACGAT	0.908856798418295
ACGACGCA	0.800325573284883
ACGACGGA	0.226496433171376
ACGACGTA	0.0506798681718381
ACGACGTC	0.824872511604754
ACGACTAA	0.519205907509299
ACGACTAC	1.11473814873707
ACGACTAT	1.02218473564029
ACGACTCT	0.556168212107596
ACGACTGA	0.514518109529473
ACGACTTA	1.51345950767733
ACGACTTC	1.03448697721297
ACGACTTG	0.68104637828024
ACGAGAAA	0.583852045183427
ACGAGAAC	0.378765655575962
ACGAGAAG	0.421662094862494
ACGAGAAT	0.935524474087722
ACGAGACA	0.774067448349143
ACGAGACC	0.0680261242295234
ACGAGACG	0.240916885735424
ACGAGAGT	0.0481100004769101
ACGAGATA	0.868803354217972
ACGAGATC	0.863255471626757
ACGAGATG	0.180368501049888
ACGAGCAA	0.0238072767823351
ACGAGCAC	0.26125238494803
ACGAGCAT	0.645633292667012
ACGAGCCA	0.00997153578666828
ACGAGCCT	0.440426199279227
ACGAGCGA	0.199747914039782
ACGAGGAT	0.30661230417893
ACGAGGTC	0.376909063010778
ACGAGGTG	0.300837891469769
ACGAGTAA	0.98768647239929
ACGAGTAC	1.27105178990174
ACGAGTAG	0.0674481496163223
ACGAGTAT	0.57063105134799
ACGAGTCA	0.0264930762476634
ACGAGTCG	0.260728305976273
ACGAGTGA	0.560338948777312
ACGAGTGC	0.55029246436426
ACGAGTGG	0.123725866130298
ACGAGTTA	1.2003356556099
ACGAGTTG	0.430382241224368
ACGATAAA	0.676559846836434
ACGATAAC	1.65490974147483
ACGATAAG	1.24765827445008
ACGATAAT	3.06330699452382
ACGATACA	0.401552283648438
ACGATACG	0.169212103270834
ACGATACT	0.873906878473733
ACGATAGC	0.321786172897342
ACGATAGG	0.846921723791421
ACGATAGT	0.655953746590742
ACGATATA	0.998649182716902
ACGATATC	1.92953778952098
ACGATATG	0.765542673687506
ACGATCAA	0.590070816228042
ACGATCAT	0.943067056825322
ACGATCCA	0.521292117963554
ACGATCCG	0.206640380602455
ACGATCCT	0.250255989854515
ACGATCGA	0.20266950693643
ACGATCGC	0.186404251478764
ACGATCGG	0.542567703130317
ACGATCTA	0.243369418127625
ACGATCTG	0.549236727346168
ACGATGAA	0.692501728445433
ACGATGAC	0.0107796897018731
ACGATGAG	0.210635395024544
ACGATGAT	1.05935616655565
ACGATGCA	0.704293645663188
ACGATGCT	0.486727046583683
ACGATGGA	0.226813070064863
ACGATGGC	0.299651064532122
ACGATGGG	0.211533094302358
ACGATGTA	0.0967449220449733
ACGATGTC	1.28486058307668
ACGATGTG	0.477040708566326
ACGATTAA	2.66490199177058
ACGATTAC	0.844540210135083
ACGATTAG	1.60488812996542
ACGATTAT	1.6074288041879
ACGATTCA	1.36884571200962
ACGATTCC	0.0372800643176482
ACGATTCG	0.590522753638074
ACGATTCT	1.59555969269204
ACGATTGA	1.60322241779702
ACGATTGC	0.611871041779494
ACGATTGG	0.0298110266741031
ACGATTTA	1.59128397180409
ACGATTTC	0.652713551855344
ACGATTTG	1.15948556645947
ACGCAAAA	1.67435680472299
ACGCAAAG	0.215478142973523
ACGCAAAT	0.775847408049148
ACGCAACA	0.51425536827743
ACGCAACT	0.0454009023749163
ACGCAAGA	0.149428472970105
ACGCAAGC	0.0476923092557138
ACGCAAGT	0.030823815602918
ACGCAATA	1.42018046836631
ACGCAATC	0.938117921125783
ACGCAATG	1.0445525496657
ACGCACAA	0.109913143064831
ACGCACAT	0.674002610932469
ACGCACGA	0.186476112334023
ACGCACTA	0.700632110522539
ACGCACTC	0.379498018745385
ACGCATAA	0.321669960420477
ACGCATAT	0.473693845373903
ACGCATCA	0.443319160116358
ACGCATCT	0.113681627368973
ACGCATTA	3.47722046810277
ACGCATTC	0.519871743246314
ACGCATTG	0.132019338664068
ACGCCAAT	0.162822662694978
ACGCCATA	0.489516146028447
ACGCCTAA	0.0855273302563628
ACGCCTAT	0.658399822734227
ACGCCTTA	0.843434788072535
ACGCGAAT	0.694754117127476
ACGCGACC	0.562672180921522
ACGCGACG	0.0981063484043842
ACGCGAGA	0.0100846604924093
ACGCGATA	0.239840657145326
ACGCGATG	0.438933402293795
ACGCGCAA	0.0160968315781522
ACGCGTAA	0.666307885290374
ACGCGTAT	0.910171627504374
ACGCGTCA	0.485737836997999
ACGCGTTA	0.773277821060685
ACGCGTTC	0.0871543049324743
ACGCTAAA	0.644362253789608
ACGCTAAC	0.44723333107628
ACGCTAAG	0.394423462241512
ACGCTAAT	4.62601167962599
ACGCTACA	0.0146006661151302
ACGCTACC	0.424364175302841
ACGCTACT	0.0679522984290028
ACGCTATA	0.84695091726387
ACGCTATC	0.448525142232157
ACGCTATG	0.150307926327638
ACGCTCAA	0.424846990424117
ACGCTCCT	0.249996617080062
ACGCTCTA	0.100248138738879
ACGCTGAA	1.01195466919856
ACGCTGAT	0.695835959846892
ACGCTTAA	0.866330330253764
ACGCTTAC	0.16271206434743
ACGCTTAT	1.29831372115939
ACGCTTTA	1.388751449623
ACGGAAAA	0.796348524076609
ACGGAAAT	0.298139460213478
ACGGAACA	0.482839262031552
ACGGAAGA	0.300958875956553
ACGGAAGT	0.613376189849424
ACGGAATA	1.18686006100993
ACGGAATC	1.31773664365149
ACGGAATG	0.142037471724068
ACGGACAT	0.106327117963497
ACGGACCA	0.026003524171207
ACGGACTA	0.43538134267483
ACGGACTG	0.000368567589672013
ACGGAGAA	0.198090061652425
ACGGAGTA	0.443214737311058
ACGGATAA	0.397269545098845
ACGGATAG	0.41772434455944
ACGGATAT	0.578392585128958
ACGGATCA	0.636279872518163
ACGGATCG	0.808332444517012
ACGGATTA	1.49212525485921
ACGGCAAA	0.227650698158983
ACGGCAAT	0.0940728771964725
ACGGCACA	0.415351813510009
ACGGCATA	0.435355236973505
ACGGCCAA	0.601450094940988
ACGGCTAA	0.384998181237404
ACGGCTCT	0.299418358871926
ACGGCTTA	0.399859623659315
ACGGGAAA	0.569826827323306
ACGGGAAT	0.562946150432199
ACGGGACA	0.256566551913465
ACGGGATA	0.778839738975192
ACGGGCTA	0.0346243004441675
ACGGGGTA	0.329915432148585
ACGGGTAA	0.103223065864041
ACGGGTAT	0.20013360472387
ACGGGTTA	0.476695158906855
ACGGTAAA	1.2546391635495
ACGGTAAC	0.541108871627254
ACGGTAAG	0.237625321716776
ACGGTAAT	1.83305224025046
ACGGTACA	0.988960318341352
ACGGTAGT	0.46050906267256
ACGGTATA	0.804305710264281
ACGGTATG	0.123818218557565
ACGGTCAA	0.529448886448451
ACGGTCAG	0.0748298875489858
ACGGTCAT	0.689339289401078
ACGGTGAA	0.626685325515142
ACGGTGAT	1.04272992258289
ACGGTGCA	0.108343151801288
ACGGTGTA	0.244942777868758
ACGGTTAA	1.11457814605153
ACGGTTAG	0.166568409775385
ACGGTTAT	1.04701266113248
ACGGTTCA	0.0259574883108064
ACGGTTCG	0.482063950772852
ACGGTTCT	0.0508095545590645
ACGGTTGA	0.175849688362509
ACGGTTGC	0.255442041811239
ACGGTTTA	0.705374365556741
ACGGTTTC	0.0733283886631126
ACGGTTTG	0.283059347454662
ACGTAAAA	0.742715623883946
ACGTAAAC	0.495477509243869
ACGTAAAG	0.390916315657084
ACGTAAAT	1.94044660419715
ACGTAACA	0.962221623936064
ACGTAACG	0.607639111100222
ACGTAACT	0.682392085077562
ACGTAAGA	0.408683631413556
ACGTAAGC	0.368855033092385
ACGTAAGT	0.743625674246257
ACGTAATA	2.50434575308094
ACGTAATC	2.51298982799056
ACGTAATG	3.07537316195872
ACGTACAA	1.35039459530232
ACGTACAC	0.112082161926514
ACGTACAG	0.714477114831579
ACGTACAT	1.2745454625758
ACGTACCA	0.676121383336764
ACGTACGT	0.115308321338618
ACGTACTA	0.618955792271281
ACGTACTC	0.184974052035217
ACGTACTG	0.0363290308113219
ACGTAGAA	0.738575203512543
ACGTAGAC	0.1749503048459
ACGTAGAT	1.25718853967242
ACGTAGCA	0.586853639422846
ACGTAGCT	0.329734657184573
ACGTAGTG	0.0331343105233941
ACGTATAA	2.08555865384176
ACGTATAC	0.962782756161314
ACGTATAG	0.148291611783381
ACGTATAT	2.07474078806053
ACGTATCA	1.18104270021149
ACGTATCC	0.282030558257293
ACGTATCG	0.0616790703300119
ACGTATCT	0.895688296691973
ACGTATGA	0.938441294974451
ACGTATGC	0.283461880526703
ACGTATGG	0.823921758804893
ACGTATTA	3.50022099450223
ACGTATTC	0.355272770035387
ACGTATTG	0.917109849220982
ACGTCAAA	0.387679770105743
ACGTCAAC	0.234529410104829
ACGTCAAG	0.112705891693651
ACGTCAAT	0.705200327547909
ACGTCACA	0.061863213771615
ACGTCACG	0.0379414087512093
ACGTCACT	0.725090064892732
ACGTCAGC	0.176806616704618
ACGTCAGT	0.403749653863173
ACGTCATA	0.364650050233835
ACGTCATC	0.131279677126532
ACGTCATG	0.447535371233543
ACGTCCAA	0.238697059003421
ACGTCCAT	0.0270494364629938
ACGTCCGA	0.0538282718929002
ACGTCCTA	0.438598519480026
ACGTCCTG	0.0942095812453454
ACGTCGAA	0.289566404039713
ACGTCGAT	0.104749547625376
ACGTCGCC	0.538617882449232
ACGTCGTA	0.442644903185368
ACGTCGTC	0.126181767000088
ACGTCGTG	0.163657483724439
ACGTCTAA	0.551727997230656
ACGTCTAC	0.0876303830985697
ACGTCTAG	0.429017727093833
ACGTCTAT	0.925754204837074
ACGTCTCA	0.517724900195432
ACGTCTCT	0.412697453168857
ACGTCTGA	0.00622213952220484
ACGTCTGG	0.163657483724439
ACGTCTTA	0.897070776036322
ACGTCTTG	0.0121630111656205
ACGTGAAA	0.611140643555332
ACGTGAAG	0.37957970432695
ACGTGAAT	1.04664718131393
ACGTGACA	0.386257711149708
ACGTGAGT	0.0651516900191394
ACGTGATA	1.04260556961851
ACGTGATC	0.6582471184168
ACGTGATG	0.114092862341454
ACGTGCAA	1.6621129500952
ACGTGCAT	0.408137657337463
ACGTGCCA	0.179877545441103
ACGTGCTG	0.141609394363635
ACGTGGAT	0.525142007142794
ACGTGTAA	1.08918824621469
ACGTGTAC	0.237627286662037
ACGTGTAT	0.795567598688593
ACGTGTCC	0.628858554973813
ACGTGTCT	0.601044193391357
ACGTGTGA	0.474491613149871
ACGTGTGC	0.195437385550069
ACGTGTTG	1.2642847991293
ACGTTAAA	1.49087133907622
ACGTTAAC	0.0320965387191171
ACGTTAAG	0.659008955765139
ACGTTAAT	2.41487393556634
ACGTTACA	0.959584105982863
ACGTTACC	0.329599637374495
ACGTTACG	0.0547035146534448
ACGTTACT	0.185631185871791
ACGTTAGA	0.246031076836888
ACGTTAGC	0.173190836717903
ACGTTAGG	0.195147977183769
ACGTTAGT	1.63140338202389
ACGTTATA	2.48801312807146
ACGTTATC	0.833248792545952
ACGTTATG	0.853449552654945
ACGTTCAA	0.368783733650057
ACGTTCAG	0.194190487428728
ACGTTCAT	0.709699490782679
ACGTTCCA	0.918514223669669
ACGTTCCT	0.597850876635758
ACGTTCGA	0.412672470293397
ACGTTCTA	0.656644284496752
ACGTTGAA	0.271585751369189
ACGTTGAC	0.287677530230956
ACGTTGAG	0.324534850611022
ACGTTGAT	1.86266761451786
ACGTTGCA	1.12213644835122
ACGTTGCT	0.85383075203558
ACGTTGTA	0.954554688234089
ACGTTGTG	0.303033296739243
ACGTTTAA	0.75174482806473
ACGTTTAC	0.642859070664939
ACGTTTAG	1.56681815765285
ACGTTTAT	1.559224205632
ACGTTTCA	1.13840030027656
ACGTTTCC	0.102562844256344
ACGTTTCG	0.276125336335042
ACGTTTCT	0.394269635098222
ACGTTTGA	1.38117826988062
ACGTTTGC	0.0942095812453454
ACGTTTGG	0.370000034766619
ACGTTTTA	0.753018674006793
ACGTTTTC	0.736429483287526
ACGTTTTG	0.957082169252673
ACTAAAAA	0.132141726683181
ACTAAAAC	1.45885395958047
ACTAAAAG	1.5013927788295
ACTAAAAT	1.38145532716242
ACTAAACA	1.16804992073279
ACTAAACC	0.214436721985191
ACTAAACG	0.488738027705088
ACTAAACT	1.17118260489177
ACTAAAGA	1.26904080878033
ACTAAAGC	0.645551045672516
ACTAAAGT	0.438466868147539
ACTAAATA	1.81313583579138
ACTAAATC	1.36332842642319
ACTAAATG	2.59502123992113
ACTAACAA	1.26246666334994
ACTAACAC	0.0991129617909505
ACTAACAG	1.02869347646413
ACTAACAT	1.67444270090154
ACTAACCA	0.339780580184693
ACTAACCG	0.2911442550843
ACTAACCT	0.493456141983227
ACTAACGA	3.36364045647444
ACTAACGC	1.49995219324672
ACTAACGG	1.49227571352491
ACTAACTA	2.13405715206742
ACTAACTC	0.55895731155236
ACTAACTG	1.069437177864
ACTAAGAA	0.877732346190444
ACTAAGAC	0.630557109798719
ACTAAGAG	0.762068369759584
ACTAAGAT	1.09673644308161
ACTAAGCA	1.4914338748338
ACTAAGCT	1.38639969085204
ACTAAGGA	1.88323946857472
ACTAAGGC	0.0691293006403448
ACTAAGTA	2.61305887600422
ACTAAGTC	0.82682650931359
ACTAAGTG	0.685122797577427
ACTAATAA	4.65221618962675
ACTAATAC	2.72742767280162
ACTAATAG	3.7035479159817
ACTAATAT	3.17485805981693
ACTAATCA	5.68483281965771
ACTAATCC	0.82869152307275
ACTAATCG	3.07484908298696
ACTAATCT	2.05533049735939
ACTAATGA	9.40355039376083
ACTAATGC	3.18614358257028
ACTAATGG	6.2854607253602
ACTAATTA	15.0852887053389
ACTAATTC	2.09566071813505
ACTAATTG	8.90036103578045
ACTACAAC	0.651046436154615
ACTACAAG	0.734619207289209
ACTACAAT	2.24779969273948
ACTACACA	0.864287910008183
ACTACACG	1.33088521521873
ACTACACT	0.422987029381343
ACTACAGA	0.700883062103016
ACTACAGT	0.480508836952
ACTACATA	1.54677796164233
ACTACATC	0.891858337671808
ACTACATG	0.625520112975366
ACTACCAA	0.848841194604957
ACTACCAC	0.103341523992633
ACTACCAT	0.852355078144565
ACTACCCA	0.354640619074275
ACTACCCT	0.179529750129905
ACTACCGA	0.390749576016364
ACTACCGC	0.0895313272853586
ACTACCTA	0.545227396894321
ACTACGAA	1.31566531063992
ACTACGAC	0.431721211066509
ACTACGAG	0.116039561682178
ACTACGAT	0.905273861088086
ACTACGGA	0.0322933139516838
ACTACGTA	0.264821848367878
ACTACTAA	1.52745497065207
ACTACTAC	0.832730608409978
ACTACTAG	0.253395972381601
ACTACTAT	2.16957578331181
ACTACTCA	1.41824668152301
ACTACTCC	0.521136045168537
ACTACTCT	0.689461958126658
ACTACTGA	0.977760691766556
ACTACTGG	0.401560704842413
ACTACTTA	2.89235170410001
ACTACTTC	0.793237735021972
ACTACTTG	0.0688859281344465
ACTAGAAA	1.32781204083052
ACTAGAAC	0.76117544249169
ACTAGAAG	1.48042961995924
ACTAGAAT	0.843902445044655
ACTAGACA	0.832852154309695
ACTAGACC	0.277425849391361
ACTAGACT	0.695991751935443
ACTAGAGC	0.107972619266355
ACTAGAGT	1.25353289936755
ACTAGATA	1.90474719798875
ACTAGATC	0.606955029442926
ACTAGATG	1.23740490937169
ACTAGCAA	0.817805726326783
ACTAGCAT	0.345336883969883
ACTAGCCA	0.539981554460369
ACTAGCCG	0.490975258237976
ACTAGCGG	0.118203247121011
ACTAGCTA	0.854655186925805
ACTAGCTC	0.537864466294869
ACTAGGAA	0.531988718551533
ACTAGGAT	0.418286880317019
ACTAGGCA	0.506237268786667
ACTAGGCT	0.0259013470176349
ACTAGGGA	0.1744989288488
ACTAGGTA	0.610934605009392
ACTAGGTG	0.456733560706773
ACTAGTAA	1.95093800835859
ACTAGTAC	0.519031869500467
ACTAGTAG	0.312762582845876
ACTAGTAT	1.38608866808787
ACTAGTCA	1.43947623082937
ACTAGTCG	0.314964725070531
ACTAGTCT	0.780787561141779
ACTAGTGC	0.412801314561225
ACTAGTTA	1.59508389523241
ACTAGTTG	0.0909853867785023
ACTATAAA	1.26233838049504
ACTATAAC	1.07801163757009
ACTATAAG	1.2420410573618
ACTATAAT	4.14242405415646
ACTATACA	2.07916977467883
ACTATACC	1.00732357392484
ACTATACG	0.806491852220382
ACTATACT	2.23299579514307
ACTATAGA	0.226207866924473
ACTATAGT	1.60111852283542
ACTATATA	1.92533814008528
ACTATATC	0.829520449266428
ACTATATG	1.08084115874594
ACTATCAA	2.49314079308329
ACTATCAC	1.91305498655228
ACTATCAG	0.214006118266565
ACTATCAT	1.97128220947163
ACTATCCA	1.54766836255203
ACTATCCC	0.0510071719110286
ACTATCCG	0.580251704052335
ACTATCCT	0.40827408067987
ACTATCGA	0.952321387591724
ACTATCGC	0.0681145467662687
ACTATCGG	0.249849526891953
ACTATCTA	2.11727455459317
ACTATCTC	0.822926092970496
ACTATGAA	1.57058186994707
ACTATGAC	1.25303773316178
ACTATGAG	0.300323917930783
ACTATGAT	1.20753577645915
ACTATGCA	1.30012119009304
ACTATGCG	0.222595174708883
ACTATGCT	0.331135943862135
ACTATGGA	1.14788396822556
ACTATGGC	0.0747167628432454
ACTATGTA	1.06589578509074
ACTATGTC	1.07292579782168
ACTATGTG	0.863506423207235
ACTATTAA	2.58424772576151
ACTATTAC	3.32883117046927
ACTATTAG	2.68842350937067
ACTATTAT	2.83254494589727
ACTATTCA	1.12050161389406
ACTATTCC	0.0447204699016767
ACTATTCG	0.678121416906001
ACTATTCT	1.28445468152705
ACTATTGA	1.12030287371624
ACTATTGC	2.21901380607869
ACTATTTA	1.98849148077398
ACTATTTC	0.612744038888312
ACTATTTG	1.10820302150544
ACTCAAAA	0.656211715832865
ACTCAAAC	0.493250384143753
ACTCAAAT	1.31048739917071
ACTCAACA	0.967286972112469
ACTCAACC	0.531605273519171
ACTCAACG	0.777704562027263
ACTCAACT	0.0106651614638031
ACTCAAGA	0.571788965519653
ACTCAAGC	0.709815703259544
ACTCAAGG	0.345097722060972
ACTCAAGT	0.416702853730183
ACTCAATA	2.20447152690846
ACTCAATC	1.52713440386806
ACTCAATG	1.4344911647022
ACTCACAA	0.660336135935714
ACTCACAG	0.93564994987796
ACTCACAT	0.74503510141133
ACTCACCG	0.25164829392517
ACTCACCT	0.386427819268018
ACTCACTA	0.932160487800882
ACTCACTG	0.19582700612468
ACTCAGAA	0.75174482806473
ACTCAGAG	0.414012843667868
ACTCAGAT	1.27931971814711
ACTCAGCA	0.365646838894095
ACTCAGCT	0.415401217848
ACTCAGGA	0.566402208439841
ACTCAGGC	0.184732083061648
ACTCAGTA	0.721799623699947
ACTCAGTG	0.209684361518218
ACTCATAA	1.26439680100918
ACTCATAC	0.726334155949415
ACTCATAG	0.0661091797741808
ACTCATAT	1.78860152926247
ACTCATCA	2.03988911537902
ACTCATCC	1.21694926779169
ACTCATCG	0.175079991233126
ACTCATCT	0.123241928183159
ACTCATGA	0.792480388977088
ACTCATGC	0.0905283966520862
ACTCATGG	0.233026226980161
ACTCATTA	7.10806456730789
ACTCATTC	0.971173914545202
ACTCATTG	1.41052360452786
ACTCCAAA	0.120656340926142
ACTCCAAG	0.224460749880974
ACTCCAAT	1.12741681768047
ACTCCAGT	0.0272885983719046
ACTCCATC	0.233658377941273
ACTCCATG	0.424608951341069
ACTCCCAA	0.295553592249995
ACTCCCGA	0.140966857263287
ACTCCGAA	0.322132003263279
ACTCCGTC	0.227837367958779
ACTCCTAA	1.64968467131935
ACTCCTAG	0.0272885983719046
ACTCCTAT	0.75984040254007
ACTCCTGA	0.379690021968032
ACTCCTTA	0.0666037845670219
ACTCCTTG	0.0538900273153887
ACTCGAAA	0.847531979648196
ACTCGAAC	1.16035407226483
ACTCGAAT	0.227536169920913
ACTCGACA	0.650099893951742
ACTCGATA	1.13915119007273
ACTCGATC	0.623355866123602
ACTCGATG	1.24883836443254
ACTCGCTC	0.174224959338123
ACTCGGAT	0.669313409420313
ACTCGGTA	0.12821464322583
ACTCGGTC	0.229212548935017
ACTCGTAA	1.11039898818784
ACTCGTAC	0.638556121249804
ACTCGTAG	0.0579035683642238
ACTCGTAT	0.201964372294196
ACTCGTCA	0.630043416966199
ACTCGTCT	0.60483766057096
ACTCGTGA	0.0715122178290125
ACTCGTTA	2.82178995836439
ACTCGTTC	1.09194169593829
ACTCGTTG	0.567624404392186
ACTCTAAA	0.9481186503849
ACTCTAAC	1.54315684823276
ACTCTAAT	3.35803250269953
ACTCTACA	0.401992712093369
ACTCTACG	0.401148347044069
ACTCTACT	0.897159759985999
ACTCTAGA	0.885074504511421
ACTCTAGC	0.0595558066222632
ACTCTATA	1.12437367888411
ACTCTATC	0.554450849949478
ACTCTATG	0.49491020147637
ACTCTCAC	0.258575287383144
ACTCTCAG	0.0858237562843083
ACTCTCAT	1.39853435066461
ACTCTCGA	0.108186236886873
ACTCTGAA	0.288746460452942
ACTCTGAT	0.178488048435106
ACTCTGTA	0.620343605038482
ACTCTGTC	0.377952729650838
ACTCTTAA	0.875682066163818
ACTCTTAC	0.895892931705583
ACTCTTAG	0.491734288521655
ACTCTTAT	1.30320334708816
ACTCTTCA	0.406864934221263
ACTCTTCT	0.0898631223280029
ACTCTTGA	0.191889255821626
ACTCTTGC	0.510126176164661
ACTCTTTA	1.91310270665147
ACTCTTTG	0.908169628989875
ACTGAAAA	0.0871851826437192
ACTGAAAG	0.276598326730013
ACTGAAAT	1.64220019482018
ACTGAACA	0.803512995204698
ACTGAACG	0.934855269873117
ACTGAACT	0.867539052295748
ACTGAAGA	0.464448216507943
ACTGAAGC	0.435063021542547
ACTGAAGT	0.859497654168318
ACTGAATA	1.04338649500653
ACTGAATC	0.834614990915282
ACTGAATG	0.323206547614582
ACTGACAA	0.342520836704397
ACTGACAG	0.483610643399729
ACTGACAT	0.350199562077939
ACTGACCT	0.769391159334417
ACTGACGA	0.382920111270658
ACTGACTA	0.707305626041843
ACTGACTC	0.0258603638736197
ACTGACTG	0.270985600945185
ACTGAGAA	0.791277281064421
ACTGAGAC	0.00941321062607741
ACTGAGAT	0.859913661150719
ACTGAGCT	0.428314276690393
ACTGAGGC	0.111342219682513
ACTGAGTA	0.844942462500657
ACTGAGTG	0.36366364771281
ACTGATAA	2.31837098249494
ACTGATAC	1.30689856700472
ACTGATAG	0.00365928948892271
ACTGATAT	1.83011576991112
ACTGATCA	1.44534748726926
ACTGATCC	0.627677061459017
ACTGATCG	1.30386188445706
ACTGATCT	0.0384713825587492
ACTGATGA	1.11227242314098
ACTGATGC	0.239110820334095
ACTGATGG	0.161290847510792
ACTGATTA	4.78549449679019
ACTGATTC	1.22192843908308
ACTGATTG	3.32379754212351
ACTGCAAA	0.374952538943749
ACTGCAAC	0.905273861088086
ACTGCAAT	1.09368123390721
ACTGCACA	1.17350517019027
ACTGCACC	0.108593541968833
ACTGCACG	0.16439405749085
ACTGCAGA	1.02386616737078
ACTGCAGC	0.291796616910954
ACTGCAGT	0.65885905851237
ACTGCATA	1.53977012472219
ACTGCATG	0.367077599750573
ACTGCCCA	0.641297781301837
ACTGCCTA	0.0537766219031819
ACTGCGTA	0.382773863201945
ACTGCTAA	0.758213427863958
ACTGCTAT	1.28319627444061
ACTGCTCA	0.972951909299946
ACTGCTGA	0.864571984951631
ACTGCTGC	0.264220013705079
ACTGCTTA	1.23774961691176
ACTGGAAA	0.428430208460792
ACTGGAAC	0.759353657528272
ACTGGAAT	0.49123519242536
ACTGGACG	0.071101824975928
ACTGGACT	0.582194754209003
ACTGGATA	1.02481495522537
ACTGGCAT	1.09731806687886
ACTGGCTA	0.321669960420477
ACTGGGTA	0.202900247651365
ACTGGTAA	1.63186851263782
ACTGGTAT	0.558499198600079
ACTGGTGA	0.0562277507630526
ACTGGTTC	0.481947738295987
ACTGGTTG	0.0896946984484883
ACTGTAAA	0.773633195446461
ACTGTAAC	1.09703399193542
ACTGTAAG	0.621499554264884
ACTGTAAT	2.95219130495925
ACTGTACA	0.577254039703439
ACTGTACC	0.0318534469196846
ACTGTACG	0.17766782414187
ACTGTACT	0.224026216271826
ACTGTAGA	1.33748153645993
ACTGTAGC	0.675218912049031
ACTGTAGG	0.94000005797936
ACTGTATA	1.8655588911162
ACTGTATC	0.984869021601475
ACTGTATG	0.10832266022928
ACTGTCAA	1.48036421535269
ACTGTCAC	0.0913048307366481
ACTGTCAT	1.00679668788843
ACTGTCCA	0.0676609251174427
ACTGTCTA	0.253013088762171
ACTGTGAA	0.365003740380815
ACTGTGAC	0.73542286990096
ACTGTGAG	0.902333460858225
ACTGTGAT	1.09086715158699
ACTGTGTA	1.15355985296521
ACTGTGTC	0.673998681041947
ACTGTGTG	0.672086789302989
ACTGTTAA	1.33763424077735
ACTGTTAC	0.222067727259536
ACTGTTAG	1.36995759032088
ACTGTTAT	2.91258137697498
ACTGTTCA	0.597850876635758
ACTGTTCC	0.0025409549289456
ACTGTTCG	1.20143658636899
ACTGTTCT	0.848960775559413
ACTGTTGA	0.268366609618731
ACTGTTGC	0.48808735011723
ACTGTTTA	1.75150616979936
ACTGTTTC	0.396555989262634
ACTGTTTG	1.08321818109883
ACTTAAAA	0.987719315055795
ACTTAAAC	0.991571449886762
ACTTAAAG	0.57703508866007
ACTTAAAT	2.35969041285628
ACTTAACA	1.35357668379928
ACTTAACC	0.476695158906855
ACTTAACG	1.04093452402726
ACTTAACT	2.12363339816425
ACTTAAGA	0.977406440206644
ACTTAAGC	0.947710222477077
ACTTAAGG	0.326598323841543
ACTTAAGT	2.07723149653209
ACTTAATA	2.08410824353267
ACTTAATC	1.66005284534227
ACTTAATG	4.29751409583645
ACTTACAA	1.16189683500119
ACTTACAC	1.92577183157503
ACTTACAG	0.022917998698498
ACTTACAT	2.13210932990083
ACTTACCA	0.915054516477971
ACTTACCG	1.34998251821044
ACTTACCT	0.223501575887138
ACTTACGA	1.06781609802367
ACTTACGC	0.575193373537577
ACTTACTA	1.57108770299855
ACTTACTC	0.19858578927113
ACTTACTG	1.35794503782096
ACTTAGAA	0.847553313339601
ACTTAGAC	0.763414918676304
ACTTAGAG	1.09939922461674
ACTTAGAT	1.95602890082338
ACTTAGCA	1.21386626867718
ACTTAGCC	0.17714599082184
ACTTAGGC	0.699980871521749
ACTTAGGG	0.437882437285624
ACTTAGTA	1.74268131992572
ACTTAGTC	0.14528075423059
ACTTAGTG	1.42035394496221
ACTTATAA	0.795727882080598
ACTTATAC	2.38879770842047
ACTTATAG	2.03869779713792
ACTTATAT	2.42796159383049
ACTTATCA	1.6568749674423
ACTTATCC	0.952225947393332
ACTTATCG	2.007479308244
ACTTATCT	1.90426718993213
ACTTATGA	2.02289711088124
ACTTATGC	0.434629891465729
ACTTATGG	1.68726368802313
ACTTATTA	3.05877526933901
ACTTATTC	1.18727887505699
ACTTATTG	1.40821254819446
ACTTCAAA	0.987616295782825
ACTTCAAC	0.415336655360853
ACTTCAAG	0.712932948562895
ACTTCAAT	1.40565503158403
ACTTCACA	1.82057118865902
ACTTCACC	0.25637847858134
ACTTCACT	0.328305019153958
ACTTCAGA	1.17298810888016
ACTTCAGC	0.901794223737312
ACTTCAGG	0.113057897601836
ACTTCATA	1.0277803383307
ACTTCATC	0.716511394589651
ACTTCATG	0.636530543392174
ACTTCCAA	0.27357062678927
ACTTCCAG	0.192201962824591
ACTTCCAT	0.520261925233856
ACTTCCCT	0.149774864748974
ACTTCCTA	0.800058340729386
ACTTCGAC	0.288898884063903
ACTTCGAG	0.26634383882576
ACTTCGAT	0.844083781421599
ACTTCGTA	1.06351399072793
ACTTCGTG	0.421993889905137
ACTTCTAA	0.448909710090382
ACTTCTAG	0.292979513958078
ACTTCTAT	0.336016306477539
ACTTCTCA	0.887322121183545
ACTTCTCC	0.390766979817248
ACTTCTCG	0.214908870260764
ACTTCTCT	1.10023123858154
ACTTCTGA	1.39527731354126
ACTTCTGC	0.0617568260210548
ACTTCTTA	0.711690822451474
ACTTGAAA	1.2045451297719
ACTTGAAC	1.22306389673748
ACTTGAAG	0.253395972381601
ACTTGAAT	1.0387110481112
ACTTGACA	1.16040459942869
ACTTGACG	0.811868784573889
ACTTGACT	0.500015971383859
ACTTGAGA	0.44886311281705
ACTTGAGC	0.340478416458815
ACTTGATA	2.01539691481999
ACTTGATC	0.774488227341464
ACTTGATG	0.879660518904421
ACTTGCAA	0.64852372714595
ACTTGCAC	0.668464833774025
ACTTGCAG	0.636629632774621
ACTTGCAT	0.597850315222827
ACTTGCCA	0.34634209382412
ACTTGCCT	0.431116850045517
ACTTGCTA	0.18907657703373
ACTTGCTC	0.300943717807397
ACTTGCTG	0.632035871460858
ACTTGGAA	1.02170472758367
ACTTGGAC	1.12917544368907
ACTTGGAT	0.845814617490078
ACTTGGCA	0.162367918220288
ACTTGGCT	0.457109707371022
ACTTGGGA	0.295553592249995
ACTTGGTA	0.800415960766889
ACTTGGTC	0.876316462776657
ACTTGTAA	1.6050832209592
ACTTGTAC	0.727688283940713
ACTTGTAG	0.380562176957452
ACTTGTAT	1.22036406194885
ACTTGTCA	0.73688254352342
ACTTGTCC	0.0937264854176041
ACTTGTCG	0.0506052002519202
ACTTGTCT	0.678180084557365
ACTTGTGC	0.397337476063582
ACTTGTTA	1.48331724737352
ACTTGTTC	1.44386086582607
ACTTGTTG	0.331260016120044
ACTTTAAA	2.03209810741913
ACTTTAAC	2.48732202875252
ACTTTAAG	0.952159139254458
ACTTTAAT	2.67166308770723
ACTTTACA	1.09454693264792
ACTTTACC	1.52888348585682
ACTTTACG	0.746885237727799
ACTTTACT	1.15754055135754
ACTTTAGA	0.703030185860363
ACTTTAGC	0.569526471404838
ACTTTAGG	0.407496243062978
ACTTTATA	1.52599445491021
ACTTTATC	1.37328031275724
ACTTTATG	0.252079459056727
ACTTTCAA	2.09954625703545
ACTTTCAC	1.27577776396092
ACTTTCAT	1.24819386238693
ACTTTCCC	0.081162625418739
ACTTTCCT	0.331225769931209
ACTTTCGA	0.0326001261188667
ACTTTCGC	0.188027857677286
ACTTTCTA	1.19391982862625
ACTTTCTC	0.210411110558324
ACTTTCTG	1.10924753026489
ACTTTGAA	0.291534437071842
ACTTTGAG	0.125249540826974
ACTTTGAT	1.43710285766055
ACTTTGCA	0.336060658099145
ACTTTGCG	0.923868980212373
ACTTTGCT	0.688328184711058
ACTTTGGA	0.237942520023195
ACTTTGGC	0.404378436346695
ACTTTGGG	0.657932446468573
ACTTTGTA	1.01981445024258
ACTTTGTC	0.0925792380916432
ACTTTGTG	0.519372085737086
ACTTTTAA	1.10313963827429
ACTTTTAC	1.06497450646979
ACTTTTAG	0.488487637537543
ACTTTTAT	0.893481382457398
ACTTTTCA	1.01219214686868
ACTTTTCC	0.752411505921142
ACTTTTCG	0.711252358951804
ACTTTTCT	0.480759227119545
ACTTTTGA	0.896288727822443
ACTTTTGG	0.5674228571497
ACTTTTTA	1.60032833413403
ACTTTTTC	0.762389778662991
AGAAAAAC	0.594374327056109
AGAAAAAG	0.701249945453892
AGAAAAAT	0.529269795723234
AGAAAACA	0.474491613149871
AGAAAACG	0.0717446427827425
AGAAAAGA	1.40417149791197
AGAAAAGC	1.38931735385817
AGAAAATA	1.23152607385723
AGAAAATC	0.858573287776248
AGAAAATG	1.63731028818494
AGAAACAA	0.840635863901467
AGAAACAC	0.337415066796909
AGAAACAG	0.603067525597261
AGAAACAT	0.959081360702512
AGAAACCA	1.07286039321514
AGAAACCT	0.431534541266714
AGAAACGA	0.289979884663921
AGAAACTA	1.23933420491153
AGAAACTG	0.681860707737693
AGAAAGAC	0.31647464515038
AGAAAGAT	0.957918113107997
AGAAAGCT	0.27493205314868
AGAAAGGC	0.0690998264614301
AGAAAGTA	0.818206294453562
AGAAAGTC	0.310369279517972
AGAAAGTG	0.884690217359662
AGAAATAA	1.63580149093095
AGAAATAC	1.08975190479813
AGAAATAG	1.25251393489649
AGAAATAT	1.51855601427145
AGAAATCA	0.58155249781512
AGAAATCT	0.559024400397699
AGAAATGA	0.614090868511498
AGAAATGC	0.0360825705342987
AGAAATGG	0.857150948113747
AGAAATTA	2.19730481012864
AGAAATTC	0.374359967594323
AGAAATTG	0.720239457162709
AGAACAAA	0.803444222120564
AGAACAAC	0.681320628497383
AGAACAAG	0.247012707347994
AGAACAAT	0.771973658820309
AGAACACA	0.520506139859152
AGAACACG	0.494120293481447
AGAACACT	0.301173616402935
AGAACAGA	0.611096853346658
AGAACATA	1.37337884072676
AGAACATC	1.51057075743719
AGAACATG	1.56051545537495
AGAACCAA	0.133407993550666
AGAACCAC	0.269365924637185
AGAACCAT	1.17299653007414
AGAACCGA	0.090485729269275
AGAACCTA	0.626358583188883
AGAACGAA	0.234627095954948
AGAACGAC	0.497027570348336
AGAACGAG	0.433297377872301
AGAACGAT	0.477058393073675
AGAACGCT	0.457538626850853
AGAACGGC	0.0787533218222808
AGAACGTA	0.565649634404876
AGAACTAA	1.55615692607957
AGAACTAC	0.677427791228866
AGAACTAG	0.857579025474181
AGAACTAT	1.21123997898261
AGAACTCA	0.39012640766216
AGAACTCT	0.437355831955674
AGAACTGA	0.324534850611022
AGAACTGG	0.027656323842178
AGAACTTA	1.29247811444067
AGAACTTC	0.0596108250895716
AGAACTTG	0.922662503822116
AGAAGAAT	0.492357456875859
AGAAGACT	0.492035767265987
AGAAGAGA	0.571684542714354
AGAAGATA	0.476155079666545
AGAAGATC	0.424182277512965
AGAAGATG	0.964369870519274
AGAAGCAA	0.643835087046726
AGAAGCAT	0.630623917937593
AGAAGCCA	0.488487637537543
AGAAGCCT	0.222260291895115
AGAAGGAA	0.277904453915649
AGAAGGCA	0.413983088782487
AGAAGTAA	0.222033761777168
AGAAGTAC	0.0463092684984315
AGAAGTAT	1.47293700297256
AGAAGTCT	0.856514025142715
AGAAGTGA	1.36001384447434
AGAAGTGC	0.148997588545013
AGAAGTTA	1.62120728106454
AGAATAAA	0.797100817405108
AGAATAAC	1.26790507041947
AGAATAAG	1.69629289220392
AGAATAAT	2.1124654914201
AGAATACA	1.57760318077758
AGAATACG	0.194792322091528
AGAATACT	1.38166866407647
AGAATAGA	0.0322318392356611
AGAATAGC	0.078380543635622
AGAATATA	1.42836923738831
AGAATATC	1.67192757096746
AGAATATG	2.00271993011538
AGAATCAA	0.967731611154388
AGAATCAC	0.0772316120708658
AGAATCAG	0.896385571553163
AGAATCAT	1.71037649700894
AGAATCCG	0.116361531998517
AGAATCCT	0.158088548148285
AGAATCGA	0.104361330583094
AGAATCGC	0.792046416780872
AGAATCGG	0.455183780308772
AGAATCTA	1.15322328591265
AGAATGAA	0.75615248099163
AGAATGAC	0.675220596287826
AGAATGAG	0.540554476357184
AGAATGAT	1.7946993158203
AGAATGCA	0.210269353793066
AGAATGCC	0.271312904684375
AGAATGCG	0.467407704777483
AGAATGCT	0.358590159048895
AGAATGGA	0.51918681946962
AGAATGGC	0.397699306698073
AGAATGTA	0.783935684156375
AGAATGTC	1.00597028805294
AGAATGTG	0.298790699214268
AGAATTAA	1.43857179459638
AGAATTAC	2.60697765112788
AGAATTAG	0.78266268033371
AGAATTAT	2.08887941133286
AGAATTCG	0.533450918532186
AGAATTCT	0.985914372480329
AGAATTGA	1.08363474949416
AGAATTGC	0.615359942443642
AGAATTGG	0.153174220050512
AGAATTTA	0.514531583439834
AGAATTTC	0.938289432776422
AGAATTTG	1.85435982595433
AGACAAAA	0.258809677282135
AGACAAAC	0.485424007169171
AGACAAAT	1.07039382549964
AGACAACA	0.132408678532213
AGACAACC	0.0841364297180372
AGACAACT	0.62020072544736
AGACAAGA	0.00536458126900931
AGACAAGC	0.320085372420709
AGACAAGG	0.0626205598164995
AGACAATA	1.39022515856875
AGACAATC	1.26034873306504
AGACAATG	0.536752026570675
AGACACAA	0.768026364497416
AGACACAG	0.173366839671996
AGACACAT	0.497320347192226
AGACACGA	0.349663132021684
AGACACGG	0.777028059444545
AGACACTA	0.625520112975366
AGACACTC	0.286058976748819
AGACACTG	0.216617811224907
AGACAGAA	0.324534850611022
AGACAGAC	0.458342008756138
AGACAGAT	0.873532696754745
AGACAGCA	0.0704932533579484
AGACAGCT	0.149428472970105
AGACAGTA	1.10016386902973
AGACATAA	0.644261480168365
AGACATAC	0.818382858820586
AGACATAG	0.785267917043337
AGACATAT	1.4278982119386
AGACATCA	1.21307299220466
AGACATCT	0.893243343374351
AGACATGA	0.646244109936719
AGACATGC	0.418331512645091
AGACATTA	2.429684008705
AGACATTC	0.942093005388796
AGACATTG	0.500037305075264
AGACCAAA	0.250952422596308
AGACCAAT	0.145217314569306
AGACCACG	0.251374885827424
AGACCAGA	0.155296641638864
AGACCATA	0.821621369317188
AGACCATC	0.234744992670608
AGACCCAA	0.024793960009826
AGACCCAT	0.446922589018575
AGACCGAT	0.0988266411957753
AGACCGGA	0.398728376601908
AGACCTAA	1.92232784394542
AGACCTAT	0.203580118711673
AGACCTCA	0.119052384180231
AGACCTGA	0.352495740968655
AGACCTTA	0.637452383426051
AGACGAAA	1.5693360946516
AGACGAAT	0.528881017268021
AGACGAGA	1.54948284914733
AGACGATA	0.0958935393340264
AGACGATC	0.394519463852835
AGACGATG	0.0234229896305758
AGACGCTC	0.0597792489690861
AGACGCTG	0.659420752150551
AGACGGCA	0.00926387478624022
AGACGTAA	0.228646925406313
AGACGTAC	1.14414580021974
AGACGTAG	0.149480122959823
AGACGTAT	0.64095335446823
AGACGTCA	0.284551021614231
AGACGTCG	0.127236381192316
AGACGTCT	1.17080365116286
AGACGTGA	0.309401403623694
AGACGTGC	0.00805852122184733
AGACGTTA	1.49697165199224
AGACTAAA	0.752006446490909
AGACTAAC	0.667157864468991
AGACTAAG	0.286236102528776
AGACTAAT	3.18591677174586
AGACTACA	0.339141972974867
AGACTACC	0.49428955948036
AGACTACT	0.334636914904314
AGACTAGA	1.07712572796385
AGACTAGG	0.435484081241334
AGACTATA	1.81052863413649
AGACTATC	0.249849526891953
AGACTATG	1.6904687944503
AGACTCAA	0.750119256920947
AGACTCAG	0.18237358733551
AGACTCAT	0.822726229966805
AGACTCTG	0.118656307356905
AGACTGAA	1.15244993959921
AGACTGAC	0.00265323751528864
AGACTGAG	0.849851176469114
AGACTGAT	0.8692216068521
AGACTGCG	0.0937944163823418
AGACTGCT	0.570424170682652
AGACTGTA	0.784779487792744
AGACTGTC	0.357518983175182
AGACTTAA	1.26402654918071
AGACTTAC	1.08096017828747
AGACTTAG	0.296719646909168
AGACTTAT	1.52213305676587
AGACTTCA	0.564502948491846
AGACTTTA	1.00612944861908
AGACTTTC	0.162180406301095
AGACTTTG	0.594348221354784
AGAGAAAA	0.725232102364456
AGAGAAAC	0.417011350136161
AGAGAAAG	0.0524140727179079
AGAGAAAT	0.864704478403516
AGAGAACA	0.0982250872394423
AGAGAACT	0.841795462311925
AGAGAAGC	0.199369521723805
AGAGAATA	1.6799046873142
AGAGAATG	0.361484804124821
AGAGACAA	0.672178580317324
AGAGACAC	0.325081947512979
AGAGACAG	0.181985370293229
AGAGACAT	0.576114652158522
AGAGACCA	0.0372817485564436
AGAGACCT	0.00367276339928434
AGAGACTA	0.835628341257028
AGAGACTG	0.147316437520991
AGAGAGAC	0.278157089734921
AGAGAGAT	0.791188016408278
AGAGATAA	1.34264120200886
AGAGATAC	0.831028404401016
AGAGATAG	0.552077196074184
AGAGATAT	1.00624790674767
AGAGATCG	0.510432707625378
AGAGATCT	0.96651839780895
AGAGATGA	0.596291271511452
AGAGATTA	1.140443843348
AGAGATTG	0.81268058767315
AGAGCAAT	0.477212220216966
AGAGCACA	0.192708637995465
AGAGCACG	0.0506832366494282
AGAGCAGA	0.701956764334922
AGAGCATC	0.922053370791204
AGAGCCAG	0.0310160995320302
AGAGCCAT	0.748150662475886
AGAGCCTA	0.365151111275391
AGAGCGCT	0.0662383047484749
AGAGCTAA	1.23653078943701
AGAGCTAC	0.0370580255031549
AGAGCTAT	0.103411700609097
AGAGCTTA	0.108732210962967
AGAGGATA	1.07552008697914
AGAGGCAT	0.353659269269636
AGAGGCTA	0.214845992012412
AGAGGTAA	1.00566516012455
AGAGGTTA	0.174554789435507
AGAGTAAA	1.03116172841842
AGAGTAAG	1.07871256161534
AGAGTAAT	2.0126754656335
AGAGTACA	0.141065385232802
AGAGTACC	0.0898631223280029
AGAGTACT	0.886232980096017
AGAGTATA	1.3206922020305
AGAGTATC	0.385491663204382
AGAGTCAA	0.351576988705903
AGAGTCAC	0.526646313093327
AGAGTCAG	0.244219958719174
AGAGTCAT	0.579172949104043
AGAGTCTA	0.00204663084256957
AGAGTCTC	0.738248180479819
AGAGTGAT	0.260327176436562
AGAGTGCT	0.241554650825854
AGAGTGTA	0.612552035665665
AGAGTGTC	0.184375305143543
AGAGTGTG	0.381016921432142
AGAGTTAA	0.84297499088146
AGAGTTAC	0.503701366574107
AGAGTTAG	1.24478777013021
AGAGTTAT	1.26697817766921
AGAGTTCA	0.559789325517162
AGAGTTCC	0.130556577270482
AGAGTTGA	0.293777843146978
AGAGTTGG	0.410886896464074
AGAGTTTA	1.0038888496086
AGAGTTTC	0.00743647569350612
AGAGTTTG	0.191663006410144
AGATAAAA	1.03868410029048
AGATAAAC	1.97460549332092
AGATAAAG	1.36506094673046
AGATAAAT	1.54975569583215
AGATAACA	1.65558568264461
AGATAACG	1.98664274798984
AGATAACT	0.419581498537555
AGATAAGA	0.383746511106143
AGATAAGC	1.17943312933626
AGATAAGG	0.338893547752582
AGATAATA	1.93026481926755
AGATAATC	2.95219439273038
AGATAATG	3.12850050980637
AGATACAA	1.51678335293955
AGATACAC	1.31641563902316
AGATACAG	0.069683134497483
AGATACAT	1.3959470791688
AGATACCG	0.523370187930299
AGATACGA	0.671849311632873
AGATACGC	0.694856294281048
AGATACTA	1.41232461721281
AGATACTC	0.233306933446019
AGATACTG	0.345191478020568
AGATAGAA	0.485329689796642
AGATAGAC	0.0849423379815145
AGATAGAG	0.0808967963955713
AGATAGAT	0.120150788581132
AGATAGCA	0.394346548669867
AGATAGCG	0.4518997953647
AGATAGGC	0.545119886317897
AGATAGTA	2.08629466619524
AGATAGTG	0.519031869500467
AGATATAA	1.87540691605789
AGATATAC	1.39355826714435
AGATATAG	0.85183633259566
AGATATAT	1.91672718853863
AGATATCA	0.0310017835022719
AGATATCG	0.461760452097354
AGATATCT	1.13585569616356
AGATATGA	1.15448730712841
AGATATGC	0.659728125730666
AGATATGG	0.236349230122986
AGATATTA	2.61842429939263
AGATATTC	0.680201171111542
AGATATTG	0.424893026284518
AGATCAAA	0.724489633762262
AGATCAAC	0.302233283311548
AGATCAAG	1.5503973908131
AGATCAAT	1.63798707147412
AGATCACA	0.996271598951086
AGATCACC	0.635036062167947
AGATCACG	0.0515691462556759
AGATCACT	0.67341565371236
AGATCAGA	2.1650308649231
AGATCAGC	0.0480900703178334
AGATCAGG	0.226140778079134
AGATCATA	1.19751006432457
AGATCATC	0.811736852534936
AGATCATG	0.728699950043664
AGATCCAA	0.344791190600255
AGATCCAC	0.756949968061132
AGATCCAT	0.864859709079135
AGATCCCG	0.367274094276674
AGATCCTA	0.827243077708923
AGATCGAA	0.474318136553971
AGATCGAC	0.7631387035139
AGATCGAG	0.0441371618656237
AGATCGAT	0.937199730275962
AGATCGCT	0.631518810150748
AGATCGTA	0.471382789040496
AGATCGTG	0.333198013560327
AGATCTAA	2.25529511679081
AGATCTAC	0.533379338383393
AGATCTAT	1.03077659914726
AGATCTCA	0.844593263657131
AGATCTGA	0.121686252949375
AGATCTGC	0.073694710601057
AGATCTTA	0.82854583641697
AGATCTTG	0.629882572161263
AGATGAAC	0.874762471781668
AGATGAAG	1.01095928407063
AGATGAAT	0.603660939066084
AGATGACA	0.744068629049381
AGATGACC	0.133923651328447
AGATGACG	0.0703441982245776
AGATGACT	0.639648069401991
AGATGAGA	0.563656899203751
AGATGATA	1.10990017279801
AGATGATG	0.653813359788575
AGATGCAA	0.478029918152009
AGATGCAC	0.409578242920246
AGATGCAG	0.597710804109295
AGATGCAT	1.01845386600257
AGATGCCA	0.118302617209924
AGATGCGA	0.497320347192226
AGATGCTA	0.574956737986859
AGATGGAG	0.218935323807029
AGATGGAT	0.260670761150772
AGATGGTA	1.42330585415717
AGATGGTC	0.596569170912651
AGATGTAA	1.22346193850606
AGATGTAC	0.909133574993632
AGATGTAG	0.14069148422028
AGATGTAT	1.40225399204369
AGATGTCA	0.425218645784913
AGATGTCC	0.01337538239166
AGATGTGA	0.336071044238382
AGATGTGC	0.0254550237369213
AGATGTTA	1.29291994641793
AGATGTTC	1.19162533397433
AGATGTTG	0.489061962966688
AGATTAAA	2.09981685806854
AGATTAAC	2.94651233244848
AGATTAAG	2.19738789924253
AGATTAAT	3.83358462487741
AGATTACA	1.74340020918478
AGATTACC	0.950908311242595
AGATTACG	1.31513112623539
AGATTACT	2.35901138391537
AGATTAGA	2.85425927527016
AGATTAGC	2.17653449660042
AGATTAGG	1.94208845631595
AGATTATA	2.8405944845122
AGATTATC	1.75919275495395
AGATTATG	2.27504562372857
AGATTCAA	0.977240823391788
AGATTCAG	0.432890072790342
AGATTCAT	1.75739202297547
AGATTCCG	0.667587906774685
AGATTCCT	0.00675323615560859
AGATTCGG	0.0955418141323068
AGATTCTA	0.737158758685825
AGATTGAA	1.05023657489286
AGATTGAC	0.131331046409784
AGATTGAG	0.778463873017408
AGATTGAT	0.64742251568039
AGATTGCA	0.169391193996052
AGATTGCG	0.809939769740514
AGATTGCT	0.0625276459763003
AGATTGGA	1.04438496790559
AGATTGGC	0.727688283940713
AGATTGTA	1.22098049334788
AGATTGTC	1.67582911013642
AGATTGTG	0.752967304723541
AGATTTAA	0.841187171400412
AGATTTAC	0.766424372696766
AGATTTAG	0.480627856493524
AGATTTAT	0.981581668179814
AGATTTCA	0.499352381298571
AGATTTCC	0.369281706920489
AGATTTCG	0.145311070528902
AGATTTGA	0.794504282595923
AGATTTGC	0.736686610410252
AGATTTGG	1.77322218341105
AGATTTTA	0.570430907637833
AGATTTTC	0.0050518742660443
AGATTTTG	0.445922993293655
AGCAAAAA	0.297796436912199
AGCAAAAT	0.423204857598848
AGCAAACA	1.4112641081848
AGCAAACC	0.401941342810117
AGCAAACT	1.43579336199732
AGCAAAGA	0.608429580508077
AGCAAATA	0.947142634003113
AGCAAATC	0.569249694829503
AGCAAATG	0.344357218404039
AGCAACAA	0.438155283970437
AGCAACAC	0.567440541657049
AGCAACAT	0.434784560728416
AGCAACCA	0.384525471548899
AGCAACGG	0.416827206694558
AGCAACTA	0.82682650931359
AGCAAGAA	0.295494082479233
AGCAAGAT	0.713883701362756
AGCAAGGC	0.0742519129357847
AGCAAGTA	0.716180160959939
AGCAAGTC	0.0777200413214583
AGCAAGTG	0.287609599266218
AGCAATAC	1.78119087856383
AGCAATAG	0.834510006697051
AGCAATAT	0.831133388619247
AGCAATCA	0.907953765717631
AGCAATCC	0.342256972626491
AGCAATCG	0.908153348014856
AGCAATGC	0.0929087874825605
AGCAATTA	5.43763961805217
AGCAATTC	1.03535323736661
AGCAATTG	2.28113807686355
AGCACAAA	0.129480910093315
AGCACAAC	0.611692231760743
AGCACAAG	0.0683930075804
AGCACAAT	1.17700782547125
AGCACAGA	0.0129613403545202
AGCACATA	0.242566878341737
AGCACCAA	0.816792375985036
AGCACCGA	0.0615109271569631
AGCACCTA	0.00290503121516247
AGCACGAA	0.194399894452258
AGCACGAT	0.134195655893864
AGCACGCA	0.200021883550459
AGCACGTA	0.150356207839765
AGCACTAA	1.24515324994876
AGCACTAT	0.926669588622237
AGCACTCA	0.368386534000868
AGCACTCC	0.0345908963747305
AGCACTTA	0.0895313272853586
AGCACTTG	0.20709484437068
AGCAGAAA	0.33389921831204
AGCAGAAC	0.691620310142639
AGCAGACA	0.380549825872954
AGCAGACG	0.155383099230348
AGCAGATA	0.890007920648873
AGCAGATG	0.684502716994347
AGCAGCAC	0.0957725548472421
AGCAGCAT	0.0385028216829251
AGCAGCGA	0.724060714282431
AGCAGGCA	0.202745016975746
AGCAGTAA	1.18770695241742
AGCAGTAT	0.400229033368384
AGCAGTCA	1.10424141115278
AGCAGTTA	0.185554553006612
AGCAGTTG	0.939554857524509
AGCATAAA	1.67354893151425
AGCATAAC	0.9536946036227
AGCATAAG	0.270110919597572
AGCATAAT	4.46560168900506
AGCATACA	0.398493144583519
AGCATACG	0.283461880526703
AGCATACT	0.563675425830498
AGCATAGG	0.565402332008455
AGCATATA	1.04913480201437
AGCATATC	0.495350910627768
AGCATATG	0.685605051285771
AGCATCAA	0.460152004047989
AGCATCAG	0.239110820334095
AGCATCAT	1.50115530115939
AGCATCTA	1.49995696525664
AGCATCTC	0.149413314820949
AGCATGAA	1.51891279218955
AGCATGAC	0.0415097493451945
AGCATGAG	0.319690137716781
AGCATGAT	1.38670762584509
AGCATGGA	0.458812472792915
AGCATGTA	1.13728224642305
AGCATGTC	1.35588100317751
AGCATGTG	0.222179167726482
AGCATTAA	2.44099956705019
AGCATTAC	2.08394318813075
AGCATTAG	1.52060517147221
AGCATTAT	1.89336230514648
AGCATTCA	0.90013131863357
AGCATTCG	0.267229748432007
AGCATTGA	0.152018270824109
AGCATTGC	0.654149084721741
AGCATTTA	1.76747387640322
AGCATTTC	0.186046070028329
AGCATTTG	0.232575693102458
AGCCAAAA	0.643618943068016
AGCCAAAT	0.37315657897519
AGCCAACA	0.394496445922635
AGCCAAGC	0.379595985301969
AGCCAATC	0.412484958374203
AGCCACAA	0.550903843046898
AGCCACTA	0.103839497263065
AGCCAGAT	0.447729058694984
AGCCATAA	1.37897444341717
AGCCATAG	0.146516985506227
AGCCATAT	1.41985765593057
AGCCATCA	0.631927799471503
AGCCATGA	0.258950872634462
AGCCATTA	2.22371058666542
AGCCATTC	0.509434234726322
AGCCATTG	0.98224469685217
AGCCCAAT	0.364965564301459
AGCCCATA	0.0341226779896797
AGCCCATC	0.014506348742602
AGCCCGAT	0.701816411101993
AGCCCTAA	0.429470225916795
AGCCGAAA	0.798952918666838
AGCCGACA	0.000945700083475109
AGCCGATA	0.903601411964505
AGCCGCAA	0.167178384925694
AGCCGTAA	0.239206260532487
AGCCGTAC	0.48964330605748
AGCCGTTA	0.397699306698073
AGCCTAAC	0.357597300279156
AGCCTAAT	2.31420810560626
AGCCTACA	0.572867720467945
AGCCTATA	0.964594997104892
AGCCTCTA	0.426610388442636
AGCCTGAC	0.00397620708887645
AGCCTGAT	0.719808853444083
AGCCTTAA	0.742700746441256
AGCCTTAC	0.467557040617319
AGCCTTAT	0.424784673588696
AGCCTTCA	0.000921840033877437
AGCCTTTA	0.152129991997521
AGCGAAAA	0.604866573336943
AGCGAAAG	0.431337485327682
AGCGAAAT	0.598502957755946
AGCGAAGA	0.127169853759908
AGCGAATA	1.03534257052091
AGCGAATG	0.53750796908323
AGCGACAC	0.00268692229119142
AGCGACAT	1.05680426407453
AGCGACGA	0.285621636075012
AGCGACTG	0.225579926560349
AGCGAGAA	0.214837851524901
AGCGAGAG	0.0896203112350355
AGCGAGCA	0.138200214335791
AGCGAGTA	1.28602579561646
AGCGATAA	0.784779487792744
AGCGATAT	1.35656620766067
AGCGATCA	0.483804611567637
AGCGATGA	0.16038893763599
AGCGATTA	1.98916517629204
AGCGCAAA	0.593637472583232
AGCGCAAT	0.4564348890271
AGCGCACA	0.334180486190829
AGCGCATA	0.830937174799613
AGCGCCAT	0.172782128103614
AGCGCCTA	0.172122748615314
AGCGCGAA	0.316144253640065
AGCGCGAT	0.146722743345701
AGCGCTAA	0.0767243754870603
AGCGCTAT	0.0104709125894291
AGCGGAAA	0.531628852862304
AGCGGAAT	0.542639844692043
AGCGGATA	1.12232115320575
AGCGGCAT	0.26634383882576
AGCGGTAA	0.361710211416905
AGCGGTAT	1.0043772788592
AGCGGTCA	0.462741801901994
AGCGGTGA	0.121402178005926
AGCGTAAA	1.36743235495403
AGCGTAAG	0.170514300565948
AGCGTAAT	2.53221653666303
AGCGTACA	0.0474377084911801
AGCGTACT	0.0865993482494735
AGCGTATA	0.32938040562466
AGCGTATC	0.369361988969724
AGCGTCAC	0.816670549378853
AGCGTCTA	0.472365542377464
AGCGTGAT	0.429578578612617
AGCGTGTG	0.023744959946915
AGCGTTAA	1.54062487591072
AGCGTTAC	0.0172182539092543
AGCGTTAT	0.376911589368971
AGCGTTGA	0.215325438656097
AGCGTTTA	0.905346283356277
AGCTAAAA	0.463321741460456
AGCTAAAC	1.5051755791634
AGCTAAAT	1.5716496773432
AGCTAACA	0.313092132236793
AGCTAACC	0.061661947235595
AGCTAACG	0.397360213287317
AGCTAACT	0.550979072379748
AGCTAATA	2.3702691167286
AGCTAATC	2.7691027582552
AGCTAATG	3.31494462160328
AGCTACAA	0.41852604222593
AGCTACAG	0.0293781773037505
AGCTACAT	0.717148878973614
AGCTACTA	0.416602641521872
AGCTACTG	0.561988941383624
AGCTAGAA	0.320177724847976
AGCTAGAG	0.267580070101397
AGCTAGAT	0.438849190354038
AGCTAGCA	0.589186029447658
AGCTAGGA	0.0228593310471331
AGCTAGTA	0.239078258384056
AGCTAGTC	0.146970607155054
AGCTAGTG	0.160341498243261
AGCTATAA	0.890276276030233
AGCTATAT	0.639239641494168
AGCTATCA	1.29411407172369
AGCTATCC	0.0306798131859327
AGCTATGA	0.341882790907503
AGCTATTA	1.88574842296656
AGCTATTC	0.443142876455799
AGCTATTG	0.513395564372507
AGCTCAAA	0.0207251197872161
AGCTCAAC	0.140430988619963
AGCTCAAT	0.25056532837989
AGCTCAGA	0.126550334589759
AGCTCATA	1.0562159033221
AGCTCATC	1.23457173901178
AGCTCATG	0.0721752465013682
AGCTCCAT	0.119427408018616
AGCTCGAG	0.30350039229843
AGCTCTAA	0.423281771170493
AGCTCTAT	0.197278819966096
AGCTCTTA	1.19532672943313
AGCTGAAA	0.638540682394182
AGCTGACA	0.58027921328599
AGCTGACT	0.82524613191081
AGCTGAGA	0.0561410124651026
AGCTGATA	1.01827505598382
AGCTGATC	0.474046693401487
AGCTGATG	1.24726416257201
AGCTGCAA	0.0855088036296157
AGCTGCAC	0.385481277065144
AGCTGGAA	0.163883171722988
AGCTGTAA	0.674719815952736
AGCTGTAT	0.0366799138936442
AGCTGTGA	0.0459190865108894
AGCTGTTA	0.454877810260986
AGCTGTTG	0.160631468022492
AGCTTAAA	0.882262106429992
AGCTTAAC	0.331744515480115
AGCTTAAT	2.16136848766305
AGCTTACA	0.590522753638074
AGCTTACC	0.447572985899968
AGCTTACG	0.0207251197872161
AGCTTACT	0.131408240687895
AGCTTATA	0.636175449712864
AGCTTATC	0.557701150117645
AGCTTATG	0.260845641279003
AGCTTCAT	0.976132313558115
AGCTTCTA	0.0503576171490338
AGCTTGAA	0.509659080605473
AGCTTGAC	0.0476325187784851
AGCTTGAT	1.56031671519712
AGCTTGCA	0.131283607017054
AGCTTGGA	0.287298576502048
AGCTTGTA	1.42824628795626
AGCTTGTC	0.191404195048623
AGCTTGTG	0.0628911608495862
AGCTTTAA	1.11774086580235
AGCTTTAC	0.281665078438747
AGCTTTAG	0.107349170205685
AGCTTTGA	0.657081625170558
AGCTTTTA	0.997073296617576
AGCTTTTG	0.972829801987298
AGGAAAAC	0.139524587441708
AGGAAAAT	1.2616464390567
AGGAAACA	0.496452964212725
AGGAAATA	0.3373140124692
AGGAAATG	0.500234641720762
AGGAACAA	0.251051511978756
AGGAACAT	0.835187632105632
AGGAACCA	0.381441911021451
AGGAACGA	0.252221496528451
AGGAACTA	0.695906697876288
AGGAACTG	0.243213626039074
AGGAAGAA	0.989592469302464
AGGAAGAT	1.07612922001005
AGGAAGCA	0.056983973982074
AGGAAGTA	0.700678146382939
AGGAATAA	1.18922136380072
AGGAATAC	1.0777328960495
AGGAATAT	1.00408225636358
AGGAATCA	1.55409822485897
AGGAATGA	0.531988718551533
AGGAATGG	0.353018977821014
AGGAATTA	0.97364216649949
AGGAATTG	0.579019402667219
AGGACAAT	0.853795663727348
AGGACACT	0.537322141402832
AGGACATA	1.42066833620397
AGGACCAT	0.506421973641201
AGGACCTA	0.311686354255776
AGGACGCA	0.0344833857983065
AGGACGGA	0.31066963543644
AGGACGTA	0.839064188399129
AGGACTAA	0.50037780201835
AGGACTAG	0.524380169794456
AGGACTAT	0.330374387220262
AGGACTCA	0.310600300939373
AGGACTCG	0.00420105296802894
AGGACTGA	1.19137438239385
AGGAGATA	0.368811242883711
AGGAGTAT	0.757368501401726
AGGATAAA	0.574941579837702
AGGATAAC	0.455883020115223
AGGATAAG	0.358037728724087
AGGATAAT	2.42435928775414
AGGATACA	0.457401642095514
AGGATACT	0.0820931673530577
AGGATAGA	0.486940102791269
AGGATATA	0.402577423661751
AGGATATG	0.552077196074184
AGGATCAA	0.327535041318111
AGGATCAC	0.32103135321065
AGGATCAT	0.0140925874119274
AGGATCCA	0.377581074290041
AGGATCTA	0.623516430222072
AGGATGAC	0.44964516103093
AGGATGAG	0.0894706946887338
AGGATGAT	0.685983162895281
AGGATGCA	0.121079926983121
AGGATGTA	0.944067213963174
AGGATGTG	0.060125079335023
AGGATTAA	0.926718431547295
AGGATTAC	0.57173899976873
AGGATTAG	1.06835926503511
AGGATTAT	1.38065250667007
AGGATTCA	0.425102433308047
AGGATTGA	0.609826375882186
AGGATTGC	0.56389213122214
AGGATTTA	0.0743858099199991
AGGATTTC	0.379741391251284
AGGATTTG	0.0744503724071468
AGGCAAAA	0.462879909483196
AGGCAAAT	1.36182889248257
AGGCAACT	0.552945701879548
AGGCAATA	1.11459667267828
AGGCAATC	0.604140385709769
AGGCAATG	0.552166741436792
AGGCACAA	0.279465181865818
AGGCACAT	0.407789019906867
AGGCACTG	0.168353141485309
AGGCAGTA	0.527919597622458
AGGCAGTC	0.0605155420290309
AGGCATAA	0.838012661978025
AGGCATAC	0.453704176527235
AGGCATAT	0.719338389407305
AGGCATCA	1.03839525333711
AGGCATTA	1.82675627492774
AGGCCAAC	0.0419729150138599
AGGCCACT	0.508491061001039
AGGCGAAC	0.13113820106774
AGGCGAAT	0.0574785787749151
AGGCGATA	0.322492711071906
AGGCGTTA	0.143046892175293
AGGCTAAA	0.111220954489263
AGGCTAAC	0.360707808627327
AGGCTAAT	0.936136975596224
AGGCTATA	0.0731389117986588
AGGCTCTA	0.736464852302224
AGGCTGTA	0.373407530555667
AGGCTTAA	0.362116112966536
AGGCTTAT	0.141024121382321
AGGCTTTA	0.719553410560153
AGGCTTTG	0.149581177287532
AGGGAAAA	0.322713907767002
AGGGAAAT	0.365027319723947
AGGGAATA	0.0304263352472635
AGGGAATC	0.110469222573695
AGGGACAA	0.397005400314473
AGGGACGA	0.0403389226761018
AGGGATAA	0.815850325085617
AGGGATAG	0.00387711770642861
AGGGATAT	0.134922124227503
AGGGATTA	0.387235411770291
AGGGCATA	0.326142737247456
AGGGCTAA	0.471106854584557
AGGGGTAA	0.023744959946915
AGGGTAAA	0.527814613404227
AGGGTAAC	0.0335952305403325
AGGGTAAT	2.19354362419261
AGGGTACT	0.406361627527981
AGGGTAGA	0.0393137826627884
AGGGTATA	0.52120566037207
AGGGTCAG	0.0710830176427157
AGGGTCAT	0.805086916358763
AGGGTGTA	0.0199043340810483
AGGGTTAA	0.565402332008455
AGGGTTTA	0.63818839577953
AGGTAAAA	0.377581074290041
AGGTAAAC	0.221218028787385
AGGTAAAG	0.0886106100773456
AGGTAAAT	1.71102942024852
AGGTAACT	1.43099019366003
AGGTAAGA	0.595808456390177
AGGTAAGC	1.11676990213695
AGGTAATA	2.68968500422823
AGGTAATC	0.598107442345552
AGGTAATG	2.0693147320755
AGGTACAA	0.882172841773849
AGGTACAG	0.0446598373050513
AGGTACAT	0.624555605558678
AGGTACCA	0.0219068940084778
AGGTACGA	0.244942777868758
AGGTACTG	0.0326001261188667
AGGTAGAA	0.368360428299543
AGGTAGAC	0.0936414313584494
AGGTAGAT	0.487882434397154
AGGTAGCA	0.253805242408821
AGGTAGCG	0.0107774440501462
AGGTAGTC	0.0471056327420701
AGGTATAA	0.590167940665229
AGGTATAC	0.298421289505198
AGGTATAG	0.408628612946249
AGGTATAT	0.944788068167497
AGGTATCA	0.95078199333296
AGGTATCC	0.073171193042232
AGGTATGA	1.55115305261919
AGGTATTA	1.49101814855786
AGGTATTC	0.331222962866551
AGGTATTG	0.565367524406689
AGGTCAAA	0.880153158752002
AGGTCAAG	0.239588582738985
AGGTCAAT	1.32382348265715
AGGTCACT	0.225499363804649
AGGTCATA	0.161306847779345
AGGTCATC	0.737568028713045
AGGTCATG	0.0763282986637354
AGGTCCAT	0.142275510807115
AGGTCGAC	0.224332747732543
AGGTCGTA	0.455247500676521
AGGTCTAA	0.730773248000491
AGGTCTAC	0.0716640800270418
AGGTCTAT	0.794432421740663
AGGTCTGG	0.550991142757779
AGGTCTTG	0.198981023975058
AGGTGAAC	0.157200673596777
AGGTGAAT	0.241835918704643
AGGTGACA	0.137693258458452
AGGTGATA	1.15097398500173
AGGTGATC	0.659120676938549
AGGTGATG	0.0459162794462309
AGGTGCTA	0.0960403488156702
AGGTGGAT	0.196352207922299
AGGTGTAA	0.186868539973292
AGGTGTAT	1.18741024568301
AGGTGTTA	0.879649009939321
AGGTGTTG	0.693622870070069
AGGTTAAA	1.0261589777839
AGGTTAAC	0.802545961429818
AGGTTAAT	2.25529511679081
AGGTTACA	0.143374476620949
AGGTTACT	0.45128111831395
AGGTTAGA	0.850976528690738
AGGTTATA	0.560768991083006
AGGTTATC	0.256259178333351
AGGTTCAA	0.267592701892361
AGGTTCTA	0.786290249991991
AGGTTCTG	0.0383456260620446
AGGTTGAC	0.112459431416627
AGGTTGAG	0.521416751634395
AGGTTGAT	0.205997001382709
AGGTTGTA	1.75973423772659
AGGTTTAA	0.22781968345143
AGGTTTAC	0.844326873221031
AGGTTTAG	0.0249446993819915
AGGTTTAT	0.992814418117581
AGGTTTGA	0.471749953097837
AGGTTTTC	0.708002620196568
AGGTTTTG	1.03113197353304
AGTAAAAA	0.741619184428306
AGTAAAAC	1.5395357348232
AGTAAAAG	1.11988012977866
AGTAAAAT	1.69167134095003
AGTAAACA	1.04365737674608
AGTAAACC	0.51319345571709
AGTAAACG	1.2630836561619
AGTAAACT	0.113236426914122
AGTAAAGA	1.11932938369264
AGTAAAGG	0.427447735830289
AGTAAATA	1.97860668328526
AGTAAATC	1.8650022501944
AGTAAATG	1.75087738731584
AGTAACAA	1.15769915051075
AGTAACAC	2.09931046360413
AGTAACAG	0.739456621815337
AGTAACAT	1.34293622450448
AGTAACCA	1.47102904112412
AGTAACGA	0.708593507307199
AGTAACGG	0.542825672372441
AGTAACTA	1.80234997054726
AGTAACTC	0.177778141782952
AGTAACTG	0.435063021542547
AGTAAGAA	0.982504350333088
AGTAAGAC	0.635710880511869
AGTAAGAG	0.442995224854758
AGTAAGAT	1.47025569481069
AGTAAGCA	0.908772586478538
AGTAAGGA	0.842826216454555
AGTAAGGC	0.0100902746217263
AGTAAGTA	1.3182511786034
AGTAAGTC	1.3687471840401
AGTAAGTG	0.72231107088074
AGTAATAA	2.17192585784397
AGTAATAC	0.875287112166356
AGTAATAG	1.70201986552035
AGTAATAT	2.14126176422012
AGTAATCA	3.16709428038423
AGTAATCC	0.136025862051257
AGTAATCG	1.16642126181789
AGTAATGA	4.08661960874392
AGTAATGC	1.57287580318606
AGTAATGG	2.18102916853174
AGTAATTA	9.37987448760452
AGTAATTC	0.678180084557365
AGTAATTG	3.09319746112776
AGTACAAA	2.51618258333323
AGTACAAC	0.539108557351552
AGTACAAG	1.42384705622334
AGTACAAT	2.37390258122266
AGTACACA	0.771822638741678
AGTACACC	0.43807107203068
AGTACACT	0.831145458997279
AGTACAGA	0.912029342895421
AGTACAGC	0.661316082208024
AGTACAGG	0.230824646168438
AGTACATA	1.15993778457597
AGTACATC	0.804346131995365
AGTACATG	0.570805931476218
AGTACCAA	0.796609019676925
AGTACCAT	1.17281042168727
AGTACCCA	0.745506407567505
AGTACCGA	0.838713866729738
AGTACCTA	1.21485154837234
AGTACGAA	0.875818208799759
AGTACGAC	0.514543934524332
AGTACGAG	0.831897752325778
AGTACGAT	1.12456680493262
AGTACGGA	1.05336167997725
AGTACGTA	0.29917751272422
AGTACTAA	3.2580108940786
AGTACTAC	0.934783970430789
AGTACTAG	0.440945506241064
AGTACTAT	2.16957578331181
AGTACTCA	0.877788768190081
AGTACTCG	1.09089943283056
AGTACTGA	0.88229944038995
AGTACTGG	0.440945506241064
AGTACTTA	2.41801391809342
AGTACTTC	0.269319327363853
AGTACTTG	1.12893712389956
AGTAGAAA	0.225224271468108
AGTAGAAC	0.0674481496163223
AGTAGAAG	0.0584812622709598
AGTAGAAT	1.5361928015213
AGTAGACA	0.122600233202208
AGTAGACT	0.246767650603299
AGTAGAGA	0.503329711213311
AGTAGAGC	0.236916257184019
AGTAGATA	0.857814538199035
AGTAGATC	0.75328309949763
AGTAGATG	1.16837497882026
AGTAGCAA	0.372699588848774
AGTAGCAC	0.33209315291071
AGTAGCAT	1.39449217755626
AGTAGCCA	0.0358928129633792
AGTAGCGA	0.547658876301581
AGTAGCTA	0.797349523333858
AGTAGCTC	0.17619383448965
AGTAGCTG	0.139589430635322
AGTAGGAA	0.410886896464074
AGTAGGAT	1.5628573894196
AGTAGGTA	0.938155816498674
AGTAGGTC	0.0595796666718609
AGTAGTAA	1.60663524700892
AGTAGTAC	0.956035695547955
AGTAGTAG	0.33022954268388
AGTAGTAT	1.90825069538912
AGTAGTCA	0.659432261115652
AGTAGTCG	1.22306389673748
AGTAGTGA	0.873757823340362
AGTAGTGG	0.866946200239857
AGTAGTTA	1.69139849426522
AGTAGTTC	0.150582737957712
AGTAGTTG	0.394423462241512
AGTATAAA	1.53060084801494
AGTATAAC	1.45304193220489
AGTATAAG	1.0396730291697
AGTATAAT	2.70802355764273
AGTATACA	1.66984416757786
AGTATACC	1.11034733819812
AGTATACG	1.00146045797247
AGTATACT	1.13632335313568
AGTATAGA	0.765437689469275
AGTATAGC	0.0440658624232958
AGTATAGG	1.24328655195081
AGTATATA	2.3799271033929
AGTATATC	1.56952641363545
AGTATATG	1.47681580491778
AGTATCAA	1.98541830638577
AGTATCAG	0.448772725335044
AGTATCAT	1.22935621287614
AGTATCCA	0.522399785677829
AGTATCCC	0.148381437852455
AGTATCCG	0.301290109586265
AGTATCGA	0.678870903169842
AGTATCGG	0.646453516960248
AGTATCTA	1.06505619205136
AGTATCTC	0.757368501401726
AGTATCTG	0.63818839577953
AGTATGAA	0.758072232511631
AGTATGAC	0.422612566955888
AGTATGAT	1.74112564469194
AGTATGCA	0.0680718793834588
AGTATGCG	1.40323814891299
AGTATGGA	0.54940262486749
AGTATGGC	0.579939558462301
AGTATGGG	0.192130101969332
AGTATGTA	1.44019315514317
AGTATGTC	0.827946808818829
AGTATGTG	0.96230050245297
AGTATTAA	1.39387462333137
AGTATTAC	0.292307221972348
AGTATTAG	1.44009294293486
AGTATTAT	2.62189270848477
AGTATTCA	1.83047675842622
AGTATTGA	2.96396609908259
AGTATTGC	0.350027489014368
AGTATTGG	0.0611401139155648
AGTATTTA	1.78614422486035
AGTATTTC	1.43674130773252
AGTATTTG	0.958868304494926
AGTCAAAA	0.405532982040768
AGTCAAAC	1.27775000759004
AGTCAAAG	0.446705322214001
AGTCAAAT	1.21408578113348
AGTCAACA	0.527874965294386
AGTCAACC	0.113679662423712
AGTCAACT	0.116039561682178
AGTCAAGA	0.245259414762245
AGTCAATA	2.95350192344834
AGTCAATC	0.367274094276674
AGTCAATG	0.588511772516668
AGTCACAA	1.12917544368907
AGTCACAG	0.706841337547314
AGTCACAT	1.25779290069341
AGTCACCG	0.303437514050079
AGTCACGC	0.206410201300452
AGTCACTA	1.51097722039975
AGTCAGAA	0.919509889504067
AGTCAGAG	0.358086571649146
AGTCAGAT	1.1021989909072
AGTCAGCG	0.702133328701947
AGTCAGGA	0.199213168222323
AGTCAGGC	0.061420820381423
AGTCAGTA	0.968727557695251
AGTCAGTC	0.270985600945185
AGTCAGTG	0.938287748537627
AGTCATAA	1.23864029852793
AGTCATAC	0.979698127793907
AGTCATAG	0.800406697453516
AGTCATAT	0.570586138313452
AGTCATCA	1.76779556601309
AGTCATCG	0.344073143460591
AGTCATGA	1.4157391306635
AGTCATGG	1.16546714054043
AGTCATTA	4.17399623319735
AGTCATTC	0.683195747689313
AGTCATTG	0.451403506333064
AGTCCAAG	0.465385495397443
AGTCCAAT	0.723011433513055
AGTCCAGA	0.654706848469401
AGTCCATA	0.0781113461348643
AGTCCATG	0.17818151697439
AGTCCCTA	0.227884526645043
AGTCCGAT	0.19022185941443
AGTCCGTA	0.516698637356256
AGTCCTAA	0.33941622319201
AGTCCTAT	0.115574711774718
AGTCCTCA	0.178410012037598
AGTCCTTA	0.526376554179637
AGTCCTTC	0.109903879751458
AGTCCTTG	0.394496445922635
AGTCGAAA	0.37616350663746
AGTCGAAG	0.395686079924941
AGTCGACA	0.108335853433176
AGTCGATA	0.413981965956623
AGTCGATC	0.677437335248705
AGTCGATG	0.481039933585403
AGTCGCAA	0.362169727901514
AGTCGCAT	0.115913805185474
AGTCGCTA	0.201303027860634
AGTCGGTA	1.08035216808242
AGTCGTAA	1.24515268853583
AGTCGTAC	0.793480826821405
AGTCGTAT	1.00953890935339
AGTCGTCA	0.861288280714026
AGTCGTCC	0.0429795284004261
AGTCGTGC	0.584708199904294
AGTCGTTA	2.18093541257214
AGTCGTTG	0.526819789689227
AGTCTAAA	1.25293302965001
AGTCTAAC	0.397005400314473
AGTCTAAT	2.46611633949576
AGTCTACA	1.29103051119624
AGTCTACG	0.696126210332589
AGTCTAGA	0.217870323475564
AGTCTAGC	0.278471480976682
AGTCTAGG	0.0272885983719046
AGTCTATA	0.847039339800616
AGTCTATG	0.7565909444913
AGTCTCAA	0.455733684275387
AGTCTCAC	0.135079881261315
AGTCTCAG	0.0815968783214212
AGTCTCAT	0.941125971613916
AGTCTCCA	0.00241463701930937
AGTCTCGA	0.0373496795211807
AGTCTCTA	0.823327783923138
AGTCTGAG	0.205120635796301
AGTCTGAT	0.693648133651996
AGTCTGCA	0.405276977743906
AGTCTGGC	0.0517487983938252
AGTCTGTA	0.688596820798884
AGTCTGTG	0.340478416458815
AGTCTTAA	1.17182514199211
AGTCTTAC	0.821947269524049
AGTCTTAG	1.03534257052091
AGTCTTAT	1.02980872325299
AGTCTTCA	1.6804037834105
AGTCTTCG	0.893671701441249
AGTCTTGA	1.02507601223862
AGTCTTGG	0.071101824975928
AGTCTTTA	1.07313688908401
AGTCTTTC	0.25403710594962
AGTCTTTG	0.262058573917974
AGTGAAAA	0.617755772129738
AGTGAAAC	0.00795016852602595
AGTGAAAG	0.664740420385023
AGTGAAAT	0.381676581626907
AGTGAACA	0.16736505472549
AGTGAACG	0.0897561731645111
AGTGAACT	0.119357512108618
AGTGAAGA	0.522166799311167
AGTGAATA	0.661152711044895
AGTGAATG	0.514633760593406
AGTGACAA	0.497291153719777
AGTGACAC	0.936454173902644
AGTGACAG	0.305758675816257
AGTGACAT	0.713187830033894
AGTGACGA	0.253272742243089
AGTGACGC	0.658399822734227
AGTGACTA	1.58766398122039
AGTGAGAC	1.23463602079246
AGTGAGAG	0.165082911158065
AGTGAGCG	0.0595558066222632
AGTGAGTA	0.419150052699532
AGTGAGTG	0.712018126190664
AGTGATAA	0.45028292612136
AGTGATAC	1.76063839325311
AGTGATAG	1.27185461039409
AGTGATAT	1.66236418238215
AGTGATCA	0.407131043950896
AGTGATGA	1.66240853400375
AGTGATGC	0.381782688671002
AGTGATGG	0.378314279578862
AGTGATTA	6.00133918463873
AGTGATTG	0.441092035016242
AGTGCAAA	0.295582785722444
AGTGCAAG	0.160774909026545
AGTGCACT	0.573819034680737
AGTGCATA	0.548257061780324
AGTGCATC	0.601624413656285
AGTGCATG	0.0957725548472421
AGTGCCAA	0.847220956884026
AGTGCGAA	0.0696208176620623
AGTGCGAT	0.427067939981984
AGTGCGTA	0.361711053536303
AGTGCGTC	0.0966595872793529
AGTGCTAA	1.69730961102326
AGTGCTAC	0.135878771863147
AGTGCTAT	1.03810444143848
AGTGCTCA	0.543724494476118
AGTGCTCG	0.120167630969083
AGTGCTTA	1.03740351739324
AGTGCTTG	0.0658099466815761
AGTGGAAA	0.106745651304091
AGTGGAAC	0.102963693089588
AGTGGAAT	0.362930161717523
AGTGGACA	0.92022119968855
AGTGGATA	0.24716204318783
AGTGGATC	0.521292117963554
AGTGGATG	0.300228197025925
AGTGGCAA	0.563399772081026
AGTGGCAT	0.391197022122942
AGTGGCTA	0.013485138619811
AGTGGGTA	0.137695504110179
AGTGGGTC	0.0579035683642238
AGTGGTAA	1.48595139684913
AGTGGTAC	0.377290823804344
AGTGGTAG	0.0530111353707882
AGTGGTAT	0.402915955659575
AGTGGTCA	0.563408193275001
AGTGGTGA	0.30809106584107
AGTGGTTA	0.988947405843923
AGTGGTTC	0.371762029252809
AGTGGTTG	0.608960115728548
AGTGTAAA	1.5015432374952
AGTGTAAC	0.687772105202193
AGTGTAAG	0.86621271424457
AGTGTAAT	3.02802892872067
AGTGTACA	1.00945132893604
AGTGTACG	0.60268127350024
AGTGTAGA	0.27604280863408
AGTGTAGG	0.381020289909732
AGTGTATA	1.5646957360645
AGTGTATC	0.406190677290273
AGTGTATG	1.6172060911002
AGTGTCAA	0.988694770024651
AGTGTCAC	0.745888729774003
AGTGTCAT	0.518925201043441
AGTGTCCA	0.634508895425065
AGTGTCGA	0.422989275033069
AGTGTCGG	0.762603676989974
AGTGTCTA	0.911666670141533
AGTGTCTC	0.279712764968705
AGTGTCTG	0.625520112975366
AGTGTGAA	0.646294075687641
AGTGTGAG	0.101167452414564
AGTGTGAT	0.60605480380692
AGTGTGCA	0.664751648643658
AGTGTGGA	1.11441617842073
AGTGTGTA	1.02254516274245
AGTGTGTC	0.907210174289573
AGTGTTAA	1.13821391118323
AGTGTTAC	0.968239970564056
AGTGTTAG	0.833546060693295
AGTGTTAT	1.24026951885577
AGTGTTCG	0.298950982606273
AGTGTTGA	0.498824372436293
AGTGTTGC	0.86055339118641
AGTGTTTA	1.01870678252831
AGTGTTTC	1.09342326466509
AGTGTTTG	0.500927986691431
AGTTAAAA	1.92463272473658
AGTTAAAC	0.905346283356277
AGTTAAAG	0.758500309872064
AGTTAAAT	2.81138080119745
AGTTAACA	1.26691698365965
AGTTAACC	0.174193520213947
AGTTAACG	2.11997719644645
AGTTAACT	1.12510407710827
AGTTAAGA	1.01090173924513
AGTTAAGC	0.122231946319002
AGTTAAGG	1.41121582667267
AGTTAATA	2.98712185615767
AGTTAATC	2.80711181726468
AGTTAATG	4.8595513187322
AGTTACAA	0.755214079276267
AGTTACAC	2.04267905694318
AGTTACAG	0.640693139574379
AGTTACAT	2.05545148184618
AGTTACCA	1.27258472791179
AGTTACCC	0.0760961544164712
AGTTACCG	0.730009726413357
AGTTACGA	0.631972993212506
AGTTACGC	0.00625301723344911
AGTTACGG	0.046539728506901
AGTTACTA	1.44068270721963
AGTTACTC	1.18414675231094
AGTTACTG	0.847512330195586
AGTTAGAA	1.01729819748263
AGTTAGAC	0.872394993448623
AGTTAGAG	0.952321387591724
AGTTAGAT	1.67638743529701
AGTTAGCA	1.46783544366206
AGTTAGCC	0.759956895723401
AGTTAGCG	0.345108950319606
AGTTAGGA	0.3931319317921
AGTTAGGG	0.518122941964019
AGTTAGTA	1.2183831164193
AGTTAGTC	0.485540781058968
AGTTAGTG	0.646198074076318
AGTTATAA	1.47842060378309
AGTTATAC	1.24883836443254
AGTTATAG	1.50177004831961
AGTTATAT	1.96026251574145
AGTTATCA	1.52682703028795
AGTTATCC	0.603717641772187
AGTTATCG	1.40485193038521
AGTTATGA	1.70713433732828
AGTTATGC	1.63996913982954
AGTTATGG	0.188299020123304
AGTTATTA	2.6067867707311
AGTTATTG	1.73299919250535
AGTTCAAA	1.13024184755287
AGTTCAAC	0.390597152405404
AGTTCAAT	1.30035979058902
AGTTCACA	1.28641822325573
AGTTCAGA	0.102724811887143
AGTTCAGC	0.0814506302527089
AGTTCATA	1.19746009857365
AGTTCATC	1.04771667294885
AGTTCATG	1.03794977217579
AGTTCCAG	0.270697596111215
AGTTCCAT	0.791001346608483
AGTTCCGA	0.0718386794488049
AGTTCCTA	0.555118650631753
AGTTCCTG	0.130556577270482
AGTTCGAA	0.500940337775929
AGTTCGAT	1.01207453085948
AGTTCGGC	0.228438079795715
AGTTCGTA	1.49750106438685
AGTTCGTC	0.400713532728455
AGTTCGTG	0.373147034955352
AGTTCTAA	1.47465380371775
AGTTCTAC	0.982531017447345
AGTTCTAG	0.731544067955736
AGTTCTAT	0.986503013939233
AGTTCTCA	0.28452800368403
AGTTCTCG	0.225991161532831
AGTTCTGA	1.58332173290003
AGTTCTGC	0.534579639231401
AGTTCTTA	0.055300015893393
AGTTCTTG	0.401242383710131
AGTTGAAA	1.51055110798458
AGTTGAAC	0.844604211209299
AGTTGAAG	0.394037771557424
AGTTGAAT	0.922079195786063
AGTTGACA	1.30077130626797
AGTTGACG	0.381016921432142
AGTTGAGA	0.104560351467388
AGTTGATA	1.5043674252482
AGTTGATC	0.634166433536719
AGTTGATG	0.872798930052993
AGTTGCAA	0.399859623659315
AGTTGCAG	0.121663235019174
AGTTGCAT	0.86497732508833
AGTTGCCA	0.350238018863761
AGTTGCTA	0.266732617280972
AGTTGCTG	0.294107673244361
AGTTGGAA	0.134759314477306
AGTTGGAT	0.230608221483261
AGTTGGCA	0.297084003901852
AGTTGGTA	0.668975719541887
AGTTGGTG	0.851722085064056
AGTTGTAA	1.56681815765285
AGTTGTAC	0.893671701441249
AGTTGTAG	0.889952621475099
AGTTGTAT	1.591268252242
AGTTGTCA	1.79162979061615
AGTTGTCC	0.437882437285624
AGTTGTGC	1.21517997493739
AGTTGTGG	0.706366943620014
AGTTGTTA	1.35069438980786
AGTTGTTC	1.01699054319605
AGTTGTTG	1.12236522412089
AGTTTAAA	0.754988110571251
AGTTTAAC	1.72135941819209
AGTTTAAG	0.763792188166417
AGTTTAAT	2.00068256258619
AGTTTACA	0.462290425904894
AGTTTACC	0.218903603976387
AGTTTACG	1.13712954210562
AGTTTAGA	0.924660291739627
AGTTTAGC	0.802539505181104
AGTTTAGG	0.251582608612159
AGTTTATA	0.981610580945797
AGTTTATC	1.78904729113026
AGTTTATG	1.35797030140289
AGTTTCAA	0.702684074787959
AGTTTCAG	0.212036120289175
AGTTTCAT	0.653533495442115
AGTTTCCA	0.721516390875896
AGTTTCGA	1.02332159682701
AGTTTCGC	0.428628667932154
AGTTTCTA	1.0979064276313
AGTTTCTC	0.146428282263016
AGTTTCTG	0.70399946528697
AGTTTGAA	0.674283878811259
AGTTTGAG	0.191663006410144
AGTTTGAT	1.08650974511747
AGTTTGCC	0.146365404014664
AGTTTGGA	0.195130011969955
AGTTTGTA	1.27343414567747
AGTTTGTG	0.934107467848072
AGTTTTAA	0.98825574511205
AGTTTTAC	0.515704094347722
AGTTTTAG	0.680989114161204
AGTTTTAT	1.30847052321352
AGTTTTCA	0.0824294536991552
AGTTTTCC	0.804401431169139
AGTTTTCG	0.0385028216829251
AGTTTTGA	0.753630894808828
AGTTTTGC	0.901794223737312
AGTTTTTA	0.325238862427394
AGTTTTTG	1.36314175662339
ATAAAAAA	1.32839787522477
ATAAAAAC	1.12955495883091
ATAAAAAG	1.83792390096542
ATAAAAAT	0.95475455123778
ATAAAACA	1.37750522577487
ATAAAACC	1.21073302310527
ATAAAACG	0.757886404831233
ATAAAAGA	1.62302485543097
ATAAAAGC	1.2958684871353
ATAAAAGG	0.58503718788228
ATAAAATA	2.19374994344502
ATAAAATC	0.772471070677809
ATAAAATG	1.56308813013453
ATAAACAA	2.12065145337744
ATAAACAC	2.26655116536525
ATAAACAG	1.0806836824186
ATAAACAT	1.89707043756047
ATAAACCA	1.30121762954868
ATAAACGA	1.44482116264577
ATAAACGC	1.0318632138766
ATAAACGG	1.4385313728653
ATAAACTA	1.93710928502457
ATAAACTC	0.800859196276478
ATAAACTG	1.28004366012256
ATAAAGAA	0.119443408287171
ATAAAGAC	1.23864029852793
ATAAAGAG	1.20158900997995
ATAAAGAT	2.45998571028142
ATAAAGCA	1.11730577078027
ATAAAGCC	0.0408966864237611
ATAAAGTA	1.45648114782458
ATAAAGTC	0.602398321382655
ATAAAGTG	0.974058173481892
ATAAATAA	2.29526799823544
ATAAATAC	2.55771871908621
ATAAATAG	1.90417118832081
ATAAATAT	2.66208369885336
ATAAATCA	1.57493450440667
ATAAATCC	1.43683983570204
ATAAATCG	1.9463181413435
ATAAATGA	1.40496280943922
ATAAATGC	2.45148423425645
ATAAATGG	1.23444261403749
ATAAATTA	2.96593441282119
ATAAATTC	1.21573184384927
ATAAATTG	2.38318161415806
ATAACAAA	1.47826144321695
ATAACAAC	1.60194604549677
ATAACAAG	0.924448077651438
ATAACAAT	2.49174989254496
ATAACACA	1.71548760033928
ATAACACC	1.89739605706086
ATAACACG	1.0501762230027
ATAACAGA	1.01120237587007
ATAACAGC	0.70654210445471
ATAACAGG	0.234529129398363
ATAACATA	1.82858367402047
ATAACATC	1.54080508946181
ATAACATG	1.16058986569615
ATAACCAA	2.36351138926953
ATAACCAC	0.85891743390339
ATAACCAG	0.0360222186441397
ATAACCAT	1.16823687123905
ATAACCCA	0.399814429918312
ATAACCGA	0.289313768220441
ATAACCGC	0.102134205482978
ATAACCGG	0.179119637983287
ATAACCTA	1.35564324480093
ATAACCTG	0.178929599705901
ATAACGAA	2.67696170295676
ATAACGAC	2.33367566042644
ATAACGAG	2.77851288111015
ATAACGAT	3.67992029133751
ATAACGCA	0.533503410641301
ATAACGCG	0.545072446925167
ATAACGGA	1.31554095767555
ATAACGGC	0.564971166876897
ATAACGGG	0.757200077522211
ATAACGTA	1.79300721724411
ATAACGTC	1.80436375873332
ATAACGTG	0.40807758615377
ATAACTAA	2.18624132618979
ATAACTAC	1.16474095291326
ATAACTAG	1.37342852577122
ATAACTAT	2.1796761633663
ATAACTCA	1.95924748116091
ATAACTCG	1.55821001317086
ATAACTGA	2.47664648114948
ATAACTGC	1.63835339341206
ATAACTGG	0.890618457212114
ATAACTTA	1.87151099101825
ATAACTTC	1.17136113420405
ATAACTTG	2.0064853266484
ATAAGAAA	1.14322592513112
ATAAGAAC	0.438043562797026
ATAAGAAG	1.04982197144279
ATAAGAAT	1.66625842318299
ATAAGACA	0.798338452213076
ATAAGACC	0.63741926006308
ATAAGAGA	0.839963010502805
ATAAGAGC	0.68546413663991
ATAAGATA	1.98278471832309
ATAAGATC	1.43957279385363
ATAAGATG	1.24402958196593
ATAAGCAA	0.921380798099009
ATAAGCAC	1.08590201561889
ATAAGCAG	1.23409959073621
ATAAGCAT	1.42847450231301
ATAAGCCG	0.399859623659315
ATAAGCGA	1.0143131649247
ATAAGCGG	0.95800064080896
ATAAGCTA	1.05427622164302
ATAAGCTC	0.245362714741681
ATAAGCTG	1.20208782536978
ATAAGGAA	0.861186103560453
ATAAGGAG	0.577529132039979
ATAAGGAT	0.58550203778974
ATAAGGCA	1.48932464644934
ATAAGGCC	0.148139468878886
ATAAGGTA	0.639395433582719
ATAAGGTC	0.787106544394706
ATAAGGTG	0.306117137973158
ATAAGTAA	2.32304867504199
ATAAGTAC	1.86815093462193
ATAAGTAG	2.50100450401783
ATAAGTAT	1.56683387721494
ATAAGTCA	1.20027839149086
ATAAGTCC	0.476864986318699
ATAAGTCG	0.90385657414197
ATAAGTGA	1.86639792274265
ATAAGTGC	1.62519752347671
ATAAGTGG	2.06069535933486
ATAAGTTA	1.31577618969394
ATAAGTTC	1.01769567783829
ATAAGTTG	1.8770914355595
ATAATAAA	3.16474083737448
ATAATAAC	2.7654819255521
ATAATAAG	2.74252125947079
ATAATAAT	5.21689036906277
ATAATACA	1.60576617979063
ATAATACC	1.46708595739822
ATAATACG	1.69162418226377
ATAATAGA	1.50303378882891
ATAATAGC	2.31146953332535
ATAATAGG	1.35072470610617
ATAATATA	5.80761859983385
ATAATATC	1.56840190353322
ATAATATG	2.13866691364973
ATAATCAA	3.48073182528419
ATAATCAC	4.44101994308342
ATAATCAG	2.25169140718213
ATAATCAT	3.68322897845058
ATAATCCA	2.82332963332962
ATAATCCG	1.03927189962999
ATAATCGA	3.55294552857138
ATAATCGC	1.83979902015735
ATAATCGG	1.33808224829686
ATAATCTA	3.23861969141714
ATAATCTC	1.21815602488842
ATAATCTG	1.92217570104093
ATAATGAA	2.66285311527628
ATAATGAC	5.63812157950017
ATAATGAG	7.02227870639647
ATAATGAT	4.26613504284407
ATAATGCA	1.78925950521845
ATAATGCC	1.8862200098292
ATAATGCG	1.93653608242128
ATAATGGA	3.34530695577633
ATAATGGC	2.91591588908291
ATAATGGG	3.27327515027902
ATAATGTA	4.45455701239942
ATAATGTC	2.54401378730364
ATAATGTG	2.14850427174572
ATAATTAA	6.29355124711915
ATAATTAC	8.83102317023597
ATAATTAG	9.44664276616053
ATAATTAT	7.71854807702665
ATAATTCA	2.6099545431983
ATAATTCC	1.5522127195278
ATAATTCG	2.08633845640391
ATAATTGA	4.6999180429023
ATAATTGC	3.11698256209929
ATAATTGG	3.53235346364898
ATAATTTA	3.1198592419614
ATAATTTC	2.2798838803741
ATAATTTG	3.52744615321285
ATACAAAA	1.92183857257543
ATACAAAC	2.34770031687363
ATACAAAG	1.20156009721397
ATACAAAT	1.85404178552851
ATACAACA	1.67092123828736
ATACAACC	1.25852610598223
ATACAACG	0.655496475757858
ATACAAGA	1.04353695367223
ATACAAGC	2.12991420533782
ATACAAGG	0.658740038970846
ATACAATA	2.02104444820658
ATACAATC	1.17464652268045
ATACAATG	0.935666230852981
ATACACAA	1.30124008606595
ATACACAC	1.0626715906239
ATACACAG	0.359078307593022
ATACACAT	2.51251290770507
ATACACCA	1.26388984513184
ATACACGA	1.05531427415376
ATACACGC	0.162908839579996
ATACACGG	0.209711870751872
ATACACTA	1.72246652449343
ATACACTC	0.121186595440148
ATACACTG	0.583977801680132
ATACAGAA	1.42812839124061
ATACAGAC	0.25056532837989
ATACAGAG	0.420823624648977
ATACAGAT	2.22585630689044
ATACAGCA	1.20301471812005
ATACAGGA	1.23131835107249
ATACAGGC	0.535281966808977
ATACAGTA	1.37869822825477
ATACAGTC	0.487280599734355
ATACAGTG	0.67013840572347
ATACATAA	2.4241771092578
ATACATAC	1.67927197494016
ATACATAG	2.86137911407018
ATACATAT	2.8355423295397
ATACATCA	1.0728853760906
ATACATCC	1.3959470791688
ATACATCG	1.26832556870533
ATACATGA	1.74986993180987
ATACATGC	0.700953800132412
ATACATGG	0.128109378301134
ATACATTA	3.92426572584693
ATACATTC	1.26246329487235
ATACATTG	1.92754673855865
ATACCAAA	1.24262576893018
ATACCAAC	1.60378102366408
ATACCAAT	1.95566847372122
ATACCACA	0.690044424043313
ATACCACC	0.150112273920935
ATACCACG	0.258080401883837
ATACCAGC	0.780691559530456
ATACCATA	1.50269188835349
ATACCATC	0.372629692938776
ATACCATG	1.47158371710066
ATACCCAA	0.834753659909415
ATACCCAC	0.971571675607323
ATACCCAT	0.606545478709239
ATACCCTA	0.481353763414232
ATACCGAA	0.391181863973786
ATACCGAC	1.12437367888411
ATACCGAG	0.412251691301075
ATACCGAT	2.42977271194821
ATACCGCA	0.816367947808658
ATACCGCC	0.452279871919472
ATACCGCG	0.0512210702380122
ATACCGTA	0.8605222327687
ATACCGTG	0.254811575088922
ATACCTAA	1.36795194262233
ATACCTAC	0.487882434397154
ATACCTAT	1.25105594551282
ATACCTCA	0.563613389701543
ATACCTCG	0.637118904144612
ATACCTGA	0.186057017580497
ATACCTGG	0.562991624879668
ATACCTTA	1.18087876763543
ATACGAAA	0.75732751825771
ATACGAAC	0.842573019222352
ATACGAAG	0.173034763922886
ATACGAAT	1.55085381952658
ATACGACA	0.648202318242543
ATACGACG	1.52430797046334
ATACGAGA	0.9695320624264
ATACGAGC	0.264367384599654
ATACGATA	2.0813677063065
ATACGATC	0.353034978089569
ATACGATG	1.44495618245585
ATACGCAA	1.39148609201339
ATACGCAG	0.0247737491442842
ATACGCCA	0.112014511668242
ATACGCGA	1.12811661889986
ATACGCGC	0.0821978708648226
ATACGCTA	1.04131544270143
ATACGCTC	0.116014859513183
ATACGGAA	0.852227637409066
ATACGGAG	0.176965215857827
ATACGGAT	0.683095254774536
ATACGGCA	0.819872287328428
ATACGGGA	0.136413798387072
ATACGGTA	0.51036477666064
ATACGGTC	0.324483200621304
ATACGGTG	0.409578242920246
ATACGTAA	2.76182319747611
ATACGTAC	0.634386788112417
ATACGTAG	1.02017207028009
ATACGTAT	1.67403399228725
ATACGTCA	0.463421953668767
ATACGTCC	0.577532781224036
ATACGTCG	0.697364406553488
ATACGTGA	0.460981210948133
ATACGTGC	0.423424370055149
ATACGTGG	0.142037471724068
ATACGTTA	1.91666936300666
ATACGTTC	0.918514223669669
ATACGTTG	0.302934488063261
ATACTAAA	1.63976506622886
ATACTAAC	1.03690919330686
ATACTAAG	1.33566424279996
ATACTAAT	3.29843851999791
ATACTACA	1.45494764840159
ATACTACC	0.730356118192226
ATACTACG	0.90356716577567
ATACTAGA	1.45578415366985
ATACTAGC	0.685202798920197
ATACTAGG	0.646453516960248
ATACTATA	1.26723726973719
ATACTATC	0.745401423349275
ATACTATG	1.60576617979063
ATACTCAA	1.59566692256199
ATACTCAC	0.735647996486578
ATACTCAG	0.75174482806473
ATACTCAT	1.94684586949931
ATACTCCA	1.02766945927668
ATACTCCG	0.514371019341363
ATACTCGA	1.13489287298566
ATACTCGC	0.264252575655119
ATACTCGG	0.0459578240031776
ATACTCTA	1.55136217893625
ATACTCTG	0.819559580325462
ATACTGAA	1.26685747388889
ATACTGAC	0.145163418927861
ATACTGAG	0.31538157417233
ATACTGAT	1.443285978984
ATACTGCA	1.17150148743698
ATACTGCG	0.0985599700532103
ATACTGGA	0.450402507075815
ATACTGGC	0.409210517449972
ATACTGGG	0.451986252956184
ATACTGTA	1.73462251799741
ATACTGTC	0.201375450128826
ATACTGTG	0.850244165521315
ATACTTAA	1.3150940729819
ATACTTAC	1.38662987015404
ATACTTAG	1.2221190387734
ATACTTCA	1.62960938700059
ATACTTCC	0.369706696509797
ATACTTCG	0.2745898719668
ATACTTGA	0.930502635413526
ATACTTGC	0.979605494660174
ATACTTGG	0.698667165261534
ATACTTTA	1.55356207550918
ATACTTTC	1.53533131337758
ATACTTTG	0.923868980212373
ATAGAAAA	0.358037728724087
ATAGAAAC	0.0668929122268557
ATAGAAAG	0.215779902424321
ATAGAAAT	1.43503966513649
ATAGAACA	1.79301563843809
ATAGAACC	0.0287392893874576
ATAGAACG	0.0617135972253127
ATAGAAGA	0.424182277512965
ATAGAAGC	1.2081651203556
ATAGAAGG	0.235933223140584
ATAGAATA	2.21936412774808
ATAGAATC	0.251512151289229
ATAGAATG	0.432546207369666
ATAGACAA	0.153991075866158
ATAGACAC	1.1939021441189
ATAGACAG	0.220449735190332
ATAGACAT	0.893243343374351
ATAGACCA	0.424996887676885
ATAGACGA	0.530612134042966
ATAGACTA	0.776812196172301
ATAGACTC	0.601739784013753
ATAGACTG	0.836669762245361
ATAGAGAA	1.67620357256187
ATAGAGAC	0.823327783923138
ATAGAGAG	0.072905364019065
ATAGAGAT	1.53475193523205
ATAGAGCG	0.366002493986338
ATAGAGGA	0.0402746408954199
ATAGAGGC	0.469716234752698
ATAGAGTA	0.622396130716834
ATAGAGTG	0.683664527487296
ATAGATAA	1.67688119797045
ATAGATAC	1.20262874672949
ATAGATAG	1.19601670592621
ATAGATAT	2.18502811284435
ATAGATCA	1.38414365298594
ATAGATCC	0.182806717412329
ATAGATCG	0.474318136553971
ATAGATGA	0.45773736702868
ATAGATGC	1.26515190140234
ATAGATTA	4.64401142033619
ATAGATTC	2.39544090764147
ATAGATTG	1.06947198546577
ATAGCAAA	0.609440123785165
ATAGCAAC	0.746106557991509
ATAGCAAG	0.592621315176827
ATAGCAAT	0.964453801752566
ATAGCACG	0.078380543635622
ATAGCAGA	0.437856050877832
ATAGCATA	1.66413431735585
ATAGCATC	0.714659012621455
ATAGCATG	1.11609732944475
ATAGCCAA	0.754308800923875
ATAGCCAC	0.25403710594962
ATAGCCCA	0.690335235941942
ATAGCCGA	0.200949337713653
ATAGCCTA	0.38563341996964
ATAGCGAA	0.370735766413632
ATAGCGAT	0.936104975059116
ATAGCGCA	0.457259043210858
ATAGCGGA	0.301683660051399
ATAGCGTA	0.577097686201956
ATAGCGTC	0.368179091922599
ATAGCGTG	0.296303359220301
ATAGCTAA	1.0280795714233
ATAGCTAC	1.44363517782752
ATAGCTAG	0.854655186925805
ATAGCTAT	1.73333042613506
ATAGCTCA	0.230884717352131
ATAGCTCG	0.0336628807986038
ATAGCTGA	0.407131043950896
ATAGCTTA	0.442946943342631
ATAGCTTG	0.779086199252215
ATAGGAAA	0.766613849561219
ATAGGAAC	0.255055509007752
ATAGGAAT	1.04784579792315
ATAGGACA	0.888159187864733
ATAGGAGA	0.783140162032134
ATAGGATA	0.907744639400567
ATAGGATC	0.738031755794642
ATAGGATG	0.00435207304666021
ATAGGCAA	0.392647713138495
ATAGGCAC	0.647623501509944
ATAGGCCA	0.172754057457028
ATAGGCGA	0.570931126559992
ATAGGCTA	0.180639663495907
ATAGGCTG	0.343689137015298
ATAGGGAA	0.501997197619883
ATAGGGAC	0.0478253641205302
ATAGGGAT	0.693648133651996
ATAGGGCA	0.359894321289271
ATAGGGTA	1.27190850603554
ATAGGGTC	0.052805938944246
ATAGGGTG	0.537864466294869
ATAGGTAA	1.67164349602401
ATAGGTAC	0.636058395116601
ATAGGTAG	0.515717006845151
ATAGGTCA	0.483407973331379
ATAGGTCC	0.845080008668928
ATAGGTGA	0.00713920754616261
ATAGGTGG	0.203571416811232
ATAGGTTA	1.67508327305663
ATAGGTTC	0.42076776406227
ATAGGTTG	0.565402332008455
ATAGTAAA	2.57051163556122
ATAGTAAC	2.47888792227936
ATAGTAAG	1.84374238458972
ATAGTAAT	3.26293448548974
ATAGTACA	1.25202915482995
ATAGTACG	1.29585585534433
ATAGTAGA	1.26727179663249
ATAGTAGC	0.355171154294747
ATAGTAGG	0.904947680174759
ATAGTATA	1.53264439108639
ATAGTATC	0.783994632514205
ATAGTATG	1.56320321978553
ATAGTCAA	2.84701115361525
ATAGTCAC	0.706841337547314
ATAGTCAG	0.789266861355948
ATAGTCAT	0.876023685932767
ATAGTCCA	0.971571675607323
ATAGTCGA	0.21571421711131
ATAGTCGG	0.375343563050689
ATAGTCTA	1.42553747056074
ATAGTCTC	0.643124338275175
ATAGTCTG	2.01721757695754
ATAGTGAA	0.598202040424546
ATAGTGAC	0.471306717588248
ATAGTGAG	1.59949800440802
ATAGTGAT	1.48805108121374
ATAGTGCA	0.508357725429756
ATAGTGCG	1.06589578509074
ATAGTGGA	0.901434358048082
ATAGTGGC	0.482176794772127
ATAGTGGG	0.580251704052335
ATAGTGTA	1.78070413355203
ATAGTGTC	0.396972557657967
ATAGTGTG	0.77417945022902
ATAGTTAA	2.97386212482994
ATAGTTAC	1.5370601845008
ATAGTTAG	1.39417301430458
ATAGTTCA	0.939666578697921
ATAGTTCC	0.718495147183869
ATAGTTCG	0.581574392919457
ATAGTTGA	1.5407845978898
ATAGTTGC	1.32560428447655
ATAGTTGG	0.319949229784768
ATAGTTTA	1.24151866262883
ATAGTTTC	1.09925662573208
ATAGTTTG	1.7069294216082
ATATAAAA	2.16032257537127
ATATAAAC	1.73243216544432
ATATAAAG	1.25132065171012
ATATAAAT	3.25924459899604
ATATAACA	2.62406032381412
ATATAACC	0.97867607555172
ATATAACG	1.43983441227981
ATATAAGA	1.5351157308118
ATATAAGC	0.453993304187068
ATATAAGG	0.827069039700091
ATATAATA	3.75767092966375
ATATAATC	1.99948675304163
ATATAATG	2.26305328209419
ATATACAA	2.07904008829161
ATATACAC	1.47681580491778
ATATACAG	3.33531548983059
ATATACAT	1.25599525648605
ATATACCA	2.20226152490276
ATATACCC	0.181346482376937
ATATACCG	1.47662043321755
ATATACGA	1.8591032038144
ATATACGC	0.688427554799971
ATATACTA	2.10162629194746
ATATACTC	2.01632464968965
ATATACTG	0.622071914748768
ATATAGAA	1.25911446673467
ATATAGAC	0.85183633259566
ATATAGAG	1.30897691767793
ATATAGAT	1.35276768776468
ATATAGCA	0.458812472792915
ATATAGCG	1.04618906836165
ATATAGGA	0.946725784901313
ATATAGTA	3.46641270775431
ATATAGTC	1.46000597891635
ATATAGTG	1.19869071571997
ATATATAA	2.27369037291141
ATATATAC	2.1330345384123
ATATATAG	1.70764971439959
ATATATAT	2.27126731469813
ATATATCA	2.44741427120798
ATATATCC	0.54986073781977
ATATATCG	1.06756374291087
ATATATGA	2.07491763313402
ATATATGC	1.02767647693833
ATATATGG	0.932661548842438
ATATATTA	4.72433922472547
ATATATTC	1.48420006920864
ATATATTG	1.0772469931571
ATATCAAA	1.8538725195296
ATATCAAC	1.86398412784273
ATATCAAG	1.1834433019075
ATATCAAT	2.22230087879388
ATATCACA	0.990865192418664
ATATCACC	0.58530217478605
ATATCACG	1.33578606940615
ATATCAGA	2.11214436322315
ATATCAGC	0.541229856114039
ATATCAGG	0.420040453609233
ATATCATA	1.53713878231124
ATATCATC	1.92898816626083
ATATCATG	1.82322498758724
ATATCCAA	0.920642540093803
ATATCCAC	0.230301690022544
ATATCCAG	0.453741791193659
ATATCCAT	1.30426217187738
ATATCCCA	1.28318448476904
ATATCCGA	0.833416935719001
ATATCCGG	0.138372568105828
ATATCCTA	0.866860304061304
ATATCCTC	0.402577423661751
ATATCGAA	1.2455681341053
ATATCGAC	0.165212316838826
ATATCGAG	0.208351567218325
ATATCGAT	1.76689309472536
ATATCGCA	0.698842326096229
ATATCGCG	0.421847922542891
ATATCGGC	0.798215783487495
ATATCGTA	1.80822880606172
ATATCGTC	0.668900490209036
ATATCGTG	1.07016168125238
ATATCTAA	2.00379475517315
ATATCTAC	0.413445816606834
ATATCTAG	1.30723092346029
ATATCTCA	1.70036875008817
ATATCTCC	0.543362663841627
ATATCTCG	0.510850398846574
ATATCTGA	1.02353437232813
ATATCTTA	1.61675808358069
ATATCTTC	1.180401285937
ATATCTTG	1.20285976815089
ATATGAAA	1.91406244205824
ATATGAAC	2.16752494187225
ATATGAAG	1.0277803383307
ATATGAAT	1.01366473298857
ATATGACA	1.69803664076983
ATATGACC	1.49608967227652
ATATGACG	1.36441251479433
ATATGAGA	1.56878254150092
ATATGAGC	0.601103141749188
ATATGATA	2.19535923361378
ATATGATC	2.21582975263646
ATATGATG	2.16271026456985
ATATGCAA	1.59128397180409
ATATGCAC	0.959303680223472
ATATGCAG	1.21523611623056
ATATGCAT	0.922467132121879
ATATGCCA	0.562991624879668
ATATGCCG	0.136501940217352
ATATGCGA	0.133542732654278
ATATGCGC	0.808178336667256
ATATGCTA	1.2939462092571
ATATGCTC	0.0781020828214907
ATATGCTG	0.428490560350952
ATATGGAA	1.70949171022855
ATATGGAC	0.511097701242995
ATATGGAG	0.339474610136908
ATATGGAT	1.02268158608486
ATATGGCA	0.264226189247328
ATATGGCG	0.568481681938916
ATATGGGA	0.548906897248785
ATATGGTA	1.62849049102768
ATATGGTC	1.89453958806429
ATATGGTG	0.87430155176473
ATATGTAA	2.4434610820493
ATATGTAC	2.21503731828335
ATATGTAG	1.36213682747562
ATATGTCA	1.45605250905121
ATATGTCC	1.27671869203447
ATATGTCG	0.66144913707284
ATATGTGA	1.48880590090044
ATATGTGC	1.36597099709277
ATATGTGG	0.458812472792915
ATATGTTA	2.42407858128828
ATATGTTC	1.33734062181407
ATATGTTG	1.79913756575198
ATATTAAA	3.14596831176377
ATATTAAC	2.68664747956119
ATATTAAG	2.48588368882146
ATATTAAT	3.79677109470602
ATATTACA	2.67154940158856
ATATTACC	1.74200257169128
ATATTACG	1.88574842296656
ATATTAGA	2.80990035529651
ATATTAGC	1.86040568181598
ATATTAGG	1.84393354569297
ATATTATA	3.7480272590292
ATATTATC	2.87165072506885
ATATTATG	1.89887145024541
ATATTCAA	1.57013582737283
ATATTCAC	0.986094866737876
ATATTCAG	0.18533644408264
ATATTCAT	1.14873731588177
ATATTCCA	1.46069932388702
ATATTCCC	0.240815269994784
ATATTCCG	1.40771260997876
ATATTCGA	2.0049453709767
ATATTCGC	1.06813947187234
ATATTCTA	1.24005000639946
ATATTCTC	1.7386635682799
ATATTCTG	1.60105676741293
ATATTGAA	1.00941146861789
ATATTGAC	1.45603875443438
ATATTGAG	1.0893920391089
ATATTGAT	3.35737845663408
ATATTGCA	1.00101385398529
ATATTGCC	0.782358113818255
ATATTGCG	0.238828148922976
ATATTGGA	0.947505587463467
ATATTGGC	0.14605325842463
ATATTGGG	0.00882316563484426
ATATTGTA	2.96551672159999
ATATTGTC	1.7705801741544
ATATTGTG	1.61121300805413
ATATTTAA	3.82042005304161
ATATTTAC	2.07277135149607
ATATTTAG	2.2193467239472
ATATTTCA	1.81313583579138
ATATTTCC	1.05872569983333
ATATTTCG	0.734633523318968
ATATTTGA	1.47598379095298
ATATTTGC	1.64079722390382
ATATTTGG	0.920642540093803
ATATTTTA	1.5559609929664
ATATTTTC	1.87411791196667
ATATTTTG	1.19655173245013
ATCAAAAA	2.36223024495936
ATCAAAAC	0.821458840273457
ATCAAAAG	0.877440692172418
ATCAAAAT	1.93581129832644
ATCAAACA	1.20749956532506
ATCAAACC	0.837388932210889
ATCAAACG	1.05170663465456
ATCAAAGA	0.958582826019149
ATCAAAGC	1.02943257658874
ATCAAAGG	0.121405827189982
ATCAAATA	1.88257643990236
ATCAAATC	0.862352719632558
ATCAAATG	0.779836246928988
ATCAACAA	0.721974784534642
ATCAACAC	0.448525142232157
ATCAACAG	0.762562974552426
ATCAACAT	1.34813855743622
ATCAACCA	1.29597964689578
ATCAACCG	0.56389213122214
ATCAACGA	0.988947405843923
ATCAACGC	0.835911854787545
ATCAACGG	0.961296415424597
ATCAACTA	2.48392632263504
ATCAACTC	0.715573834993686
ATCAACTG	0.847512330195586
ATCAAGAA	1.41617619063084
ATCAAGAC	1.06447148048298
ATCAAGAG	1.13987934264516
ATCAAGAT	2.23352015482129
ATCAAGCA	1.86938295530058
ATCAAGCG	0.379477527173377
ATCAAGGA	1.13882557057233
ATCAAGGG	0.26276090149555
ATCAAGTA	1.19773041890027
ATCAAGTC	0.524480101296301
ATCAAGTG	1.68377282241373
ATCAATAA	1.69134993204663
ATCAATAC	1.18906023828932
ATCAATAG	0.295754858786015
ATCAATCA	3.3118950265582
ATCAATCC	0.755635981094451
ATCAATCG	1.66969763880268
ATCAATGA	2.79563036139816
ATCAATGC	1.2490943687294
ATCAATGG	0.736769138111214
ATCAATTA	6.43654648930473
ATCAATTC	1.09967515907267
ATCAATTG	1.65234548790921
ATCACAAA	1.62132068647674
ATCACAAC	1.20234046118905
ATCACAAT	2.53971673272428
ATCACACA	1.82709873681608
ATCACACC	0.115157581966453
ATCACACG	0.418402250674487
ATCACAGA	1.3207037109956
ATCACAGC	0.456076707576665
ATCACATA	1.66093173728687
ATCACATC	1.74355908904446
ATCACATG	0.682287942978729
ATCACCAA	0.9782199275447
ATCACCAC	0.647623501509944
ATCACCAG	0.110381080743416
ATCACCAT	0.7361493382346
ATCACCCA	0.305868993457339
ATCACCGA	0.119128455632478
ATCACCGC	0.106483190758514
ATCACCTA	1.59432233859054
ATCACCTC	0.709559698962681
ATCACCTG	0.936336277186983
ATCACGAA	2.04371093391167
ATCACGAC	0.392510166970225
ATCACGAG	0.744658112627682
ATCACGAT	0.851550012000485
ATCACGCA	0.588308541035387
ATCACGCC	0.0290205572662474
ATCACGCG	0.32814361293609
ATCACGGC	0.10393942876491
ATCACGTA	1.02380385053536
ATCACGTC	0.309401403623694
ATCACGTG	1.05139729612918
ATCACTAA	0.959160519925884
ATCACTAC	0.559207701719904
ATCACTAG	0.916009199168354
ATCACTCA	2.40218937178715
ATCACTCC	0.17850882071358
ATCACTCG	0.257076595561929
ATCACTGA	1.07152451114412
ATCACTTA	3.8019731469313
ATCACTTC	0.388605820736608
ATCACTTG	0.845244221951455
ATCAGAAA	0.910931499907451
ATCAGAAC	0.990682171802925
ATCAGAAG	1.52132799062179
ATCAGAAT	1.23007931273219
ATCAGACA	1.74733150323912
ATCAGACC	0.524654981424531
ATCAGACG	0.317419503114457
ATCAGAGA	0.309553265821723
ATCAGAGC	0.876704960525404
ATCAGAGG	0.667572187212597
ATCAGATA	1.63972717085597
ATCAGATC	1.48176437920439
ATCAGATG	1.24486131522427
ATCAGCAA	0.56666186192076
ATCAGCAC	0.0446598373050513
ATCAGCAG	0.448772725335044
ATCAGCAT	1.65879275401704
ATCAGCCA	0.782673066472947
ATCAGCCG	0.103223065864041
ATCAGCGA	0.658324593401377
ATCAGCGG	0.275668346208625
ATCAGCTA	1.25535692998269
ATCAGCTC	0.761319725615141
ATCAGCTG	0.136697031211122
ATCAGGAA	2.14417184815167
ATCAGGAC	0.872134497848307
ATCAGGAT	0.584956063713647
ATCAGGCA	0.770387105875281
ATCAGGGC	0.300431989920138
ATCAGGTA	0.0803758051949397
ATCAGGTC	0.549072233357175
ATCAGGTG	1.2444335185703
ATCAGTAA	3.14106212415351
ATCAGTAC	1.26621409466914
ATCAGTAG	1.24317033947394
ATCAGTCA	1.02832547028739
ATCAGTCC	0.584831710749272
ATCAGTCG	0.909821305834983
ATCAGTGA	0.951188456295521
ATCAGTGC	1.02026582623968
ATCAGTGG	0.588745320296262
ATCAGTTA	2.31709545231408
ATCAGTTC	1.03669052296996
ATCAGTTG	1.06566476366934
ATCATAAA	1.5996897269242
ATCATAAC	1.59247641287105
ATCATAAG	1.76732510197631
ATCATAAT	3.34372320989596
ATCATACA	1.83631994421951
ATCATACC	0.423744375426227
ATCATACG	0.958368366279233
ATCATAGA	1.41014408938602
ATCATAGC	1.55209341927981
ATCATAGG	0.102162556836031
ATCATATA	2.49773455439705
ATCATATC	1.73863297127512
ATCATATG	2.33052809882477
ATCATCAA	1.85171613245888
ATCATCAC	2.05862542985563
ATCATCAG	1.29288008609977
ATCATCAT	2.08009217612564
ATCATCCA	0.590559245478635
ATCATCGA	1.27591643295505
ATCATCGC	0.991322182545081
ATCATCGG	0.0345195969324027
ATCATCTA	1.08947232115814
ATCATCTG	1.17208984818942
ATCATGAA	2.14026441414693
ATCATGAC	1.05748076665725
ATCATGAG	0.630108540866278
ATCATGAT	1.74757347221269
ATCATGCA	1.43738384483287
ATCATGCC	0.562267402197755
ATCATGCG	0.0772057870760069
ATCATGGA	1.15072078776952
ATCATGGC	0.804307113796611
ATCATGTA	0.60605480380692
ATCATGTC	0.875134969261861
ATCATGTG	0.761341620719478
ATCATTAA	6.2173234413702
ATCATTAC	5.73817575007114
ATCATTAG	6.63726227923879
ATCATTCA	1.08976257164384
ATCATTCC	0.293345555189557
ATCATTCG	0.777508348207628
ATCATTGA	2.37886098023557
ATCATTGC	0.939554857524509
ATCATTGG	0.770110329299945
ATCATTTA	4.41831359706018
ATCATTTC	0.601044193391357
ATCATTTG	2.06862391346302
ATCCAAAA	0.830189934187499
ATCCAAAG	0.161492675459743
ATCCAAAT	0.974490461439313
ATCCAACA	0.391693311154579
ATCCAACG	0.375973749066539
ATCCAAGA	0.533951698867277
ATCCAAGC	0.35292718680668
ATCCAATA	1.10593350972897
ATCCAATC	0.97467292064212
ATCCAATG	0.847434574504543
ATCCACAA	1.41618713818301
ATCCACAC	0.66943495532003
ATCCACAG	0.0684025516002393
ATCCACAT	1.51259268611076
ATCCACCG	0.0430160202409874
ATCCACTA	0.792046416780872
ATCCAGAA	0.698130735205279
ATCCAGAC	1.05808428555885
ATCCAGAT	0.462297443566541
ATCCAGCA	0.256126965587932
ATCCAGCG	0.104690037854614
ATCCAGGA	0.177319186711274
ATCCAGTA	0.567069728415651
ATCCATAA	1.3008319388646
ATCCATAC	1.24742079677996
ATCCATAG	1.07949573265508
ATCCATCA	0.185441989713802
ATCCATCC	0.458914930652953
ATCCATGA	1.13902852134715
ATCCATGC	0.133561820693956
ATCCATTA	4.77473698289912
ATCCATTC	0.255932436007092
ATCCATTG	0.407522910177234
ATCCCAAA	0.606716148240481
ATCCCAAT	0.253200600681364
ATCCCACA	0.316275904972552
ATCCCAGA	0.163657483724439
ATCCCATA	0.28531482390783
ATCCCATC	0.0316173727818981
ATCCCGAA	0.516376947746383
ATCCCGAT	0.547645963804152
ATCCCGTA	0.750002202324684
ATCCCTAA	0.395650430203777
ATCCCTGA	0.316232114763879
ATCCCTTA	0.487364530967646
ATCCCTTC	0.181623820365205
ATCCGAAA	0.767818641712681
ATCCGAAC	0.0208127002045641
ATCCGAAT	0.323016509337197
ATCCGACA	0.540078678897556
ATCCGACG	0.177614770619823
ATCCGAGA	1.11667670759029
ATCCGATA	0.397175508432783
ATCCGATC	0.590356013997354
ATCCGATG	0.687207604499353
ATCCGCAA	0.0341908896608833
ATCCGCAT	1.00547933244416
ATCCGCGA	0.612486350352654
ATCCGCTC	0.343933351640594
ATCCGGAA	0.577892085500334
ATCCGTTA	1.58921965645417
ATCCGTTG	0.974095507441851
ATCCTAAA	0.652408704633422
ATCCTAAC	0.266323627960218
ATCCTAAG	0.109728718916762
ATCCTAAT	2.81003705934539
ATCCTACA	0.585340912278338
ATCCTACG	0.372189264493844
ATCCTATA	0.914054920753051
ATCCTATC	0.816670549378853
ATCCTATG	0.755846510943845
ATCCTCAA	1.7649573429368
ATCCTCAC	0.12795442833198
ATCCTCAT	0.388174374898585
ATCCTCTA	0.177160587558064
ATCCTGAA	0.5908259166212
ATCCTGAC	0.466292177282164
ATCCTGAG	0.572854807970515
ATCCTGCA	0.14093204966152
ATCCTGGA	0.211204106324372
ATCCTGGC	0.250045179298655
ATCCTGTA	0.291497383818349
ATCCTTAA	1.37786003874771
ATCCTTAC	0.925254547327847
ATCCTTAG	0.616767404663453
ATCCTTCA	0.811681834067628
ATCCTTGA	0.612949235314854
ATCCTTTA	0.748985483505347
ATCCTTTC	0.220605807985349
ATCCTTTG	0.656253260389811
ATCGAAAA	0.140377092978519
ATCGAAAC	0.366166707268865
ATCGAAAG	0.0326001261188667
ATCGAAAT	1.32781849707924
ATCGAACA	1.5942633902327
ATCGAACC	0.359099360577962
ATCGAACG	0.819817830274051
ATCGAAGA	0.371886382217184
ATCGAATA	1.62765230152063
ATCGAATC	0.532067035655507
ATCGAATG	1.17475094548575
ATCGACAA	0.657179030314211
ATCGACAC	0.354491002527973
ATCGACAG	0.251866964262073
ATCGACAT	0.602416848009402
ATCGACCA	1.13489287298566
ATCGACCC	0.164208791223384
ATCGACGA	0.278471480976682
ATCGACTA	0.426796216123033
ATCGACTC	0.481039933585403
ATCGACTG	0.358161239569065
ATCGAGAA	1.22196745728183
ATCGAGAC	0.307793797693726
ATCGAGAG	0.06771734711708
ATCGAGAT	0.157559416460143
ATCGAGCG	0.548147305552174
ATCGAGTA	1.56591596707158
ATCGAGTC	0.40102623973142
ATCGAGTG	0.626043349827725
ATCGATAA	1.79477819433721
ATCGATAC	1.19431674756897
ATCGATAG	1.10424141115278
ATCGATCA	2.27502092155958
ATCGATCC	0.395686079924941
ATCGATCG	0.264493141096359
ATCGATGA	0.912869778054199
ATCGATGC	1.14555298173308
ATCGATTA	3.55294552857138
ATCGATTC	1.11762493403195
ATCGATTG	1.47802845685029
ATCGCAAA	0.946868945198901
ATCGCAAC	0.735674382894368
ATCGCAAG	0.159012914540355
ATCGCAAT	1.79571547322671
ATCGCACA	0.0293720017615012
ATCGCAGA	0.278081860402071
ATCGCAGC	0.0199464400509266
ATCGCATA	0.745407598891523
ATCGCATC	0.198468453968402
ATCGCATG	0.268123517819298
ATCGCCAA	0.686239167192144
ATCGCCAT	0.209711870751872
ATCGCCTA	0.203000740566142
ATCGCGAA	0.265582282183887
ATCGCGAT	1.08297508929939
ATCGCGTA	0.616262413731374
ATCGCTAA	1.47766690692226
ATCGCTCA	0.0734547065727488
ATCGCTTA	1.7520246346418
ATCGCTTC	0.101056011947618
ATCGCTTG	0.980013641861531
ATCGGAAA	0.405507999165307
ATCGGAAC	0.726334155949415
ATCGGAAG	0.0386802281693474
ATCGGAAT	1.1454648399028
ATCGGACA	0.740877277239043
ATCGGAGA	0.611762127670741
ATCGGATA	0.590356013997354
ATCGGATG	0.267707791543363
ATCGGCAA	0.458371763641519
ATCGGCAT	0.517951711019845
ATCGGCGA	0.279551639457303
ATCGGCTA	0.628825150904376
ATCGGCTG	0.958475596149191
ATCGGGAA	0.344044511401074
ATCGGGCA	0.816395737748779
ATCGGGTA	0.284551021614231
ATCGGTAA	1.74016618999163
ATCGGTAC	0.622411008159524
ATCGGTAG	0.0774008780697783
ATCGGTCA	0.579056455920712
ATCGGTGA	0.00264986903769855
ATCGGTGG	0.429274854216558
ATCGGTTA	0.364834193675437
ATCGGTTC	0.213908713122912
ATCGGTTG	0.264220013705079
ATCGTAAA	0.685453750500674
ATCGTAAC	1.12492386355719
ATCGTAAG	0.326322950798536
ATCGTAAT	1.92330582527247
ATCGTACA	1.78874861945058
ATCGTACG	0.0580742378954659
ATCGTAGA	0.920226813817867
ATCGTAGC	0.0123915062288289
ATCGTATA	1.90606258848776
ATCGTATC	1.02446828274004
ATCGTATG	1.38081166723621
ATCGTCAA	1.57627235142294
ATCGTCAC	0.337564683343211
ATCGTCAG	0.446992484928573
ATCGTCAT	1.02703225559919
ATCGTCCA	0.703985991376608
ATCGTCGC	0.517577810007324
ATCGTCTA	0.782223936127574
ATCGTGAA	0.0770794691663707
ATCGTGAG	0.369033843111136
ATCGTGCG	0.231136230345539
ATCGTGGA	0.705734792658903
ATCGTGGC	0.23589897695175
ATCGTGGG	0.0043049143603958
ATCGTGTA	1.02380385053536
ATCGTGTC	0.610219645640853
ATCGTGTG	0.366070705657541
ATCGTTAA	4.15150434691403
ATCGTTAC	0.846921723791421
ATCGTTAG	2.13026368488781
ATCGTTCA	1.28713346333073
ATCGTTCC	0.383150851985593
ATCGTTCG	0.314189133105365
ATCGTTGA	0.715064633464619
ATCGTTGC	1.96159138015082
ATCGTTTA	1.38968507932844
ATCGTTTC	0.420110068812765
ATCGTTTG	1.08721880965023
ATCTAAAA	1.51348589408512
ATCTAAAC	1.65526539656707
ATCTAAAG	0.510212633756145
ATCTAAAT	1.11563416377609
ATCTAACA	0.696579831981415
ATCTAACC	0.808137634229706
ATCTAACG	0.864956552809856
ATCTAAGA	1.0673537744744
ATCTAAGC	1.34058671138525
ATCTAAGG	0.173962218086081
ATCTAATA	3.08779694943112
ATCTAATC	2.62631804591902
ATCTAATG	2.68496296005957
ATCTACAA	0.852909192708169
ATCTACAC	0.400804762329858
ATCTACAG	1.06442151473205
ATCTACAT	2.11679033593957
ATCTACCA	1.09746964837043
ATCTACCG	0.811084490708283
ATCTACGA	0.749565703770276
ATCTACGG	0.261424738718067
ATCTACTA	0.994295986844378
ATCTACTC	0.533732467117442
ATCTACTG	1.15097454641466
ATCTAGAA	1.11217080740034
ATCTAGAC	1.19651187213198
ATCTAGAT	0.722955292219884
ATCTAGCA	0.135145566574326
ATCTAGCC	1.25437052746167
ATCTAGGA	0.375049101968004
ATCTAGGC	0.850342412784365
ATCTAGTA	1.38150753856507
ATCTAGTC	1.25037439021372
ATCTAGTG	1.2998000618961
ATCTATAA	2.41373932003134
ATCTATAC	1.4836816043662
ATCTATAG	0.712131812309337
ATCTATCA	2.12639274272363
ATCTATCC	0.566666353224213
ATCTATCG	0.0515461283254756
ATCTATGA	1.30377233909446
ATCTATGC	0.474318136553971
ATCTATGG	0.646495061517196
ATCTATTA	3.28700590705645
ATCTATTC	1.12295414628626
ATCTATTG	1.51699275996308
ATCTCAAA	1.70014643056721
ATCTCAAC	0.771667127359593
ATCTCAAT	1.72035224339259
ATCTCACA	0.855469797089724
ATCTCAGA	1.08871722076498
ATCTCATA	1.11886537590458
ATCTCATC	1.01218681344583
ATCTCATG	0.837404932479443
ATCTCCAA	0.924916576742954
ATCTCCAC	0.111090145276173
ATCTCCAG	0.0969116616856932
ATCTCCAT	0.796492245787128
ATCTCCGA	0.54362203661608
ATCTCCGC	0.0923619712870689
ATCTCCTC	0.288479227897445
ATCTCGAA	0.272734121521013
ATCTCGAG	0.0531430674097409
ATCTCGCA	0.765939311923764
ATCTCGGA	1.12522646512738
ATCTCGGG	0.0302009279551794
ATCTCGTA	1.63855101076403
ATCTCGTC	0.466206281103611
ATCTCTAA	2.01049606063258
ATCTCTAG	0.259564216262361
ATCTCTCA	0.398704797258776
ATCTCTTA	0.941422678348327
ATCTCTTC	0.793930237873244
ATCTCTTG	1.5456065735603
ATCTGAAA	0.498467875224653
ATCTGAAC	0.738365796489014
ATCTGAAG	0.472677968673963
ATCTGAAT	2.04507123744522
ATCTGACA	0.0108450943084182
ATCTGACC	0.257257651232407
ATCTGACG	0.371307565484585
ATCTGAGA	0.848418450667375
ATCTGATA	1.4999572459631
ATCTGATC	0.615067727012684
ATCTGATG	1.63688922848615
ATCTGCAA	1.48822399639671
ATCTGCAG	0.681573264316655
ATCTGCAT	0.754887617656474
ATCTGCCG	0.0557971470444269
ATCTGCGA	0.712408308178207
ATCTGCTA	0.690364990827322
ATCTGGAA	0.891041481856162
ATCTGGAC	0.666289358663627
ATCTGGGA	0.0829838489692245
ATCTGGTA	0.0604899977406385
ATCTGGTC	0.294475118008169
ATCTGGTG	0.0609337946631594
ATCTGTAA	1.63798454511593
ATCTGTAC	0.70522531042337
ATCTGTAG	1.35978815647579
ATCTGTCA	0.836696710066084
ATCTGTCC	1.35451480480818
ATCTGTCG	0.0192059363939938
ATCTGTGA	1.08788183832259
ATCTGTGC	0.826164042054166
ATCTGTGG	0.395864047824295
ATCTGTTA	2.11480770617121
ATCTGTTC	0.436341920200996
ATCTGTTG	0.736686610410252
ATCTTAAA	1.08439995532009
ATCTTAAC	1.43682495825935
ATCTTAAG	0.821123396046756
ATCTTAAT	2.45595308119291
ATCTTACA	1.03188763533913
ATCTTACC	0.595808456390177
ATCTTACG	0.883981152826905
ATCTTAGA	0.690335235941942
ATCTTAGC	0.905483268111616
ATCTTAGG	0.702494878629972
ATCTTATA	1.72002886954393
ATCTTATC	1.38131750028769
ATCTTATG	0.719171930473052
ATCTTCAA	0.477147938436284
ATCTTCAC	0.175656562313998
ATCTTCAG	0.189627603826209
ATCTTCAT	2.11610597357581
ATCTTCCA	0.577551588557249
ATCTTCCG	0.520499402903971
ATCTTCGA	0.443632428532255
ATCTTCTA	1.13473287030012
ATCTTCTC	0.218074677782709
ATCTTCTG	0.37662498806733
ATCTTGAA	0.875375534703102
ATCTTGAC	1.21353896493799
ATCTTGAG	0.074637042206942
ATCTTGCA	0.360298819306572
ATCTTGCC	0.281948591969263
ATCTTGGA	0.627911170651543
ATCTTGGC	0.150075782080373
ATCTTGTA	2.05572404782452
ATCTTGTC	0.675518987261033
ATCTTGTG	1.01498601832336
ATCTTTAA	2.35896226028384
ATCTTTAC	1.4724845041496
ATCTTTAG	0.634302295466194
ATCTTTCA	1.32997488414996
ATCTTTCC	0.0886504703954969
ATCTTTCG	0.424893026284518
ATCTTTGA	1.13020816277696
ATCTTTGC	0.770293911328616
ATCTTTTA	2.41266842486409
ATCTTTTC	0.709155762358312
ATCTTTTG	0.287874586169987
ATGAAAAC	1.21075239185142
ATGAAAAG	1.01909387674473
ATGAAAAT	0.791992521139427
ATGAAACA	1.15052176688523
ATGAAACC	0.0558555339893253
ATGAAACG	0.604811554869635
ATGAAAGA	1.60590148030717
ATGAAAGC	0.0303331407005985
ATGAAATA	1.53558647555504
ATGAAATC	1.20753577645915
ATGAAATG	1.88457619276513
ATGAACAA	1.43867144539176
ATGAACAC	1.23756575417662
ATGAACAG	0.713087898532049
ATGAACAT	1.69795860437232
ATGAACCA	1.23899679573957
ATGAACCG	0.303149509216108
ATGAACGA	0.767165437766631
ATGAACGC	0.0301787521443765
ATGAACGG	0.0886139785549356
ATGAACTA	0.764414795107689
ATGAACTC	1.03794977217579
ATGAACTG	1.01217923437125
ATGAAGAA	0.283757464435251
ATGAAGAC	1.73232549698729
ATGAAGAG	0.153327485780871
ATGAAGCA	0.464654535760349
ATGAAGCC	0.199265379624972
ATGAAGGA	0.631128066750274
ATGAAGGC	0.574103109624185
ATGAAGTA	0.853169688308486
ATGAAGTC	1.08202321367367
ATGAAGTG	0.33473207439624
ATGAATAA	2.53735318428176
ATGAATAC	1.70770529427983
ATGAATAG	0.481601346517119
ATGAATCA	1.21061456497668
ATGAATCC	0.654910079950682
ATGAATCG	0.346194442223079
ATGAATGA	1.3153489544529
ATGAATGC	1.31037090598738
ATGAATGG	0.64489812243293
ATGAATTA	3.024836173378
ATGAATTC	1.58349885867999
ATGAATTG	0.837635111781447
ATGACAAA	1.50847949426655
ATGACAAC	1.86266761451786
ATGACAAG	1.03633514858418
ATGACAAT	1.60981733550589
ATGACACA	1.6794089596955
ATGACACG	0.230778610308037
ATGACAGA	0.445327334173105
ATGACAGC	1.08721880965023
ATGACATA	1.27948252789731
ATGACATC	0.946868945198901
ATGACATG	0.63854826146876
ATGACCAA	1.57127549562421
ATGACCAC	0.563408193275001
ATGACCAT	1.11067913324077
ATGACCGA	1.16874102005173
ATGACCGC	0.211165368832083
ATGACCTA	0.802843790990094
ATGACCTG	0.444839466335444
ATGACGAA	0.303184036111408
ATGACGAG	0.95313487492978
ATGACGCA	0.341979073225291
ATGACGCC	0.00154276273635485
ATGACGCG	0.427443525233302
ATGACGGA	0.388065460789832
ATGACGGC	0.0113680504543109
ATGACGGG	0.261235542560078
ATGACGTA	0.115157581966453
ATGACGTC	0.464856083002835
ATGACGTG	0.238010450987932
ATGACTAA	2.86429902272804
ATGACTAC	0.545944882621053
ATGACTAG	1.40511074174673
ATGACTCA	0.936502455414771
ATGACTCC	0.0180693559137354
ATGACTCG	0.774469139301786
ATGACTGA	1.11734984169541
ATGACTGC	0.496337593855258
ATGACTTA	1.79990052592618
ATGACTTC	0.653900378792991
ATGACTTG	0.242763092161372
ATGAGAAA	1.03271178952289
ATGAGAAC	1.58535264418051
ATGAGAAG	0.0896671892148341
ATGAGAAT	1.08189128163472
ATGAGACA	0.490128086124017
ATGAGACC	0.431054533210097
ATGAGAGA	0.387157656079248
ATGAGATA	1.71785142948827
ATGAGATC	1.14124919019855
ATGAGATG	0.600578782070965
ATGAGCAA	0.398355037002317
ATGAGCAC	0.318345834451788
ATGAGCAG	0.103223065864041
ATGAGCAT	0.872704051267532
ATGAGCCA	0.438007913075862
ATGAGCGA	1.45725224848629
ATGAGCTA	0.468138945121042
ATGAGCTG	0.826046706751437
ATGAGGCA	0.594203376818402
ATGAGGCC	0.446707848572194
ATGAGGTA	0.596186848706153
ATGAGGTG	0.694791451087435
ATGAGTAA	1.78499950389259
ATGAGTAC	2.12566767792232
ATGAGTAG	2.02590347713058
ATGAGTCA	0.545092657790709
ATGAGTCC	0.246480768595193
ATGAGTGA	0.994505113161442
ATGAGTGC	1.02549651052448
ATGAGTGG	0.331610899202367
ATGAGTTA	2.65822707271894
ATGAGTTC	0.0292813335730289
ATGAGTTG	0.24426290680845
ATGATAAA	2.40120016220147
ATGATAAC	2.34539347113721
ATGATAAG	1.6568749674423
ATGATAAT	3.4316202641371
ATGATACA	1.59432233859054
ATGATACC	1.15589392722882
ATGATACG	1.14937367743987
ATGATAGA	1.75688506709813
ATGATAGC	1.29300640400941
ATGATAGG	1.11088966309016
ATGATATA	2.30052984093794
ATGATATC	0.75109695754153
ATGATATG	1.91518807498633
ATGATCAA	1.48337647643781
ATGATCAC	1.05461587646671
ATGATCAG	1.44035315782871
ATGATCAT	1.7015499628965
ATGATCCA	1.17384510572043
ATGATCCC	0.42210083906863
ATGATCGA	1.46671149497277
ATGATCGC	0.78980272999927
ATGATCTA	1.81540141767732
ATGATCTG	0.651982311511785
ATGATGAA	2.088828884169
ATGATGAC	1.8876883853521
ATGATGAG	2.230751827655
ATGATGCA	0.904410407999107
ATGATGCC	0.805053231582861
ATGATGCG	0.719808853444083
ATGATGGA	0.417193247926036
ATGATGGC	1.20421782603271
ATGATGGG	0.111146286569344
ATGATGTA	1.59019258506483
ATGATGTC	0.693801399382354
ATGATGTG	1.75085212373391
ATGATTAA	4.15321328787817
ATGATTAC	2.90574870088954
ATGATTAG	2.8726870933408
ATGATTCA	0.631518810150748
ATGATTCC	0.405961059401201
ATGATTCG	0.0647118229871401
ATGATTGA	1.77734941057856
ATGATTGC	1.2833748037529
ATGATTGG	0.340117989356654
ATGATTTA	1.68220984881183
ATGATTTC	0.910338928558025
ATGATTTG	0.921380798099009
ATGCAAAA	1.49434480088474
ATGCAAAC	0.380380840580508
ATGCAAAG	0.0382215538041359
ATGCAAAT	2.1091890855506
ATGCAACA	0.807023790973183
ATGCAACG	1.5736836763948
ATGCAAGA	0.159285199812237
ATGCAAGC	0.323829715968787
ATGCAATA	0.418864293517289
ATGCAATC	1.43577315113178
ATGCAATG	0.360203098401715
ATGCACAA	1.44392879679081
ATGCACAC	0.422124699118227
ATGCACAG	0.474223257768511
ATGCACAT	1.657600874363
ATGCACCA	0.1224292829645
ATGCACTA	0.617604190638175
ATGCACTG	0.578396795725947
ATGCAGAA	0.65275986842221
ATGCAGAC	0.365875053250838
ATGCAGAG	0.0490354896948434
ATGCAGGA	0.800195886897657
ATGCAGTA	1.52364381896512
ATGCAGTC	0.309000554790449
ATGCATAA	1.74826064164111
ATGCATAC	0.192667093438518
ATGCATAG	0.411773367483254
ATGCATCA	1.03389721292821
ATGCATCG	0.138534816443094
ATGCATGA	0.188913486577067
ATGCATGG	0.340478416458815
ATGCATTA	2.09323625638944
ATGCATTC	0.424550845102637
ATGCATTG	0.378509370572634
ATGCCAAT	1.10199239094833
ATGCCATA	0.370944892730696
ATGCCATC	0.260327176436562
ATGCCCAA	0.182305375664307
ATGCCCAT	0.29380282602244
ATGCCCTA	0.323350830738034
ATGCCGAA	0.163855662489335
ATGCCGTA	0.365059320261055
ATGCCTAA	0.298139460213478
ATGCCTAC	0.641303114724689
ATGCCTAG	0.0670809855589805
ATGCCTCA	0.450349172847301
ATGCCTGA	0.604140385709769
ATGCCTTA	0.777028059444545
ATGCCTTG	1.19794347510786
ATGCGAAA	0.251002388347231
ATGCGAAG	0.497333259689655
ATGCGAAT	0.448302822711198
ATGCGAGA	0.210545007542538
ATGCGATA	0.534383706118231
ATGCGATC	0.105805003937002
ATGCGATG	0.704186977206162
ATGCGCAT	0.796255890942876
ATGCGCTA	0.53750796908323
ATGCGCTG	0.644675802911971
ATGCGGAA	0.0415372585788487
ATGCGGAC	0.473693845373903
ATGCGGTA	1.02444021209345
ATGCGTAA	1.1621935417356
ATGCGTAG	0.254975507664983
ATGCGTCA	0.444975889677851
ATGCGTCC	0.0246286239014358
ATGCGTGA	0.761341620719478
ATGCGTTA	1.45512449347508
ATGCGTTC	0.445916817751407
ATGCGTTG	0.0911313541407481
ATGCTAAA	0.686796650233338
ATGCTAAC	0.467718727541653
ATGCTAAG	0.895949915118152
ATGCTAAT	3.06874399806102
ATGCTACA	0.39156923889667
ATGCTAGA	0.652336843778163
ATGCTAGC	0.844557894642432
ATGCTATA	1.24671706567006
ATGCTATC	1.35523144841552
ATGCTATG	0.477298397101983
ATGCTCAA	0.20655673007563
ATGCTCAC	0.236664463484144
ATGCTCCA	0.251904859634964
ATGCTCGA	0.164589429191087
ATGCTCTG	0.74420224532713
ATGCTGAA	1.1322879169825
ATGCTGCA	0.398493144583519
ATGCTGGA	0.222179167726482
ATGCTGTA	0.422343088748665
ATGCTGTC	0.250371360211983
ATGCTGTG	0.187915294384476
ATGCTTAA	1.12227624017122
ATGCTTAC	0.513770868917359
ATGCTTAG	0.284237191785402
ATGCTTCA	0.972674290605213
ATGCTTCC	0.162022087854352
ATGCTTCG	0.872298149717902
ATGCTTGA	1.43579336199732
ATGCTTGG	0.367149460605833
ATGCTTTA	0.548657629907104
ATGCTTTC	0.181473642405971
ATGCTTTG	1.34496460942677
ATGGAAAA	0.920865421027694
ATGGAAAC	1.22395008705019
ATGGAAAG	0.18968037664179
ATGGAAAT	1.43328524972488
ATGGAACA	0.390409921192677
ATGGAACG	0.333505387140441
ATGGAATA	1.46069932388702
ATGGAATC	0.828570257879499
ATGGAATG	0.518063993606189
ATGGACAA	0.79768889745108
ATGGACAC	0.582098752597679
ATGGACAG	0.309084205317275
ATGGACAT	0.190491899034585
ATGGACGA	0.0487213791595481
ATGGACTA	0.893243343374351
ATGGACTG	0.301019508553179
ATGGAGAA	0.513703499365553
ATGGAGTC	0.346179003367456
ATGGAGTG	0.55479836455421
ATGGATAA	2.06842629611106
ATGGATAC	0.805488888017872
ATGGATAG	0.288727372413264
ATGGATCA	1.11077738050382
ATGGATCG	1.10115364002835
ATGGATGA	1.67909260350848
ATGGATGC	0.649418900065571
ATGGATGG	0.0796114414884086
ATGGATTA	2.75638198334192
ATGGATTC	0.266739073529687
ATGGATTG	0.703312857271482
ATGGCAAG	0.175941198670378
ATGGCAAT	0.832114177010954
ATGGCACA	0.342782455130577
ATGGCACG	0.248717157008682
ATGGCAGC	0.693453884777622
ATGGCATA	1.08839328550338
ATGGCATC	0.18803291039367
ATGGCCAA	1.29899808352315
ATGGCCAT	0.369025702623626
ATGGCCCA	0.253373515864333
ATGGCCTA	0.198901303338755
ATGGCGAA	0.0681962323478339
ATGGCGTA	0.326560147762186
ATGGCTAA	1.40017367642522
ATGGCTAC	0.0278241863087609
ATGGCTAG	0.211090981618631
ATGGCTCA	0.0465593779595112
ATGGCTCG	0.217733900133157
ATGGCTGA	1.57774942884629
ATGGCTTA	1.02133475646167
ATGGGAAA	0.363030373925834
ATGGGAAT	0.479702647982056
ATGGGAGA	0.651772343075323
ATGGGATA	1.28959020631992
ATGGGATC	0.117763660795477
ATGGGCAG	0.165435478479183
ATGGGCTA	0.690335235941942
ATGGGGAA	0.284912571542256
ATGGGTAA	0.82672826205054
ATGGGTAC	0.0372062385171277
ATGGGTAG	0.207675626048539
ATGGGTCA	0.429093237133148
ATGGGTCC	0.0892871126600623
ATGGGTGA	0.818450789785324
ATGGGTGG	0.0463092684984315
ATGGGTTA	1.04847205404848
ATGGGTTG	0.504622925901518
ATGGTAAA	1.00540466452424
ATGGTAAC	1.78928982151676
ATGGTAAG	0.691286269448268
ATGGTAAT	2.2274540880941
ATGGTACA	0.301295162302651
ATGGTACG	0.600959420038668
ATGGTAGA	0.8517644717404
ATGGTATA	2.17682755415078
ATGGTATC	0.558016102772338
ATGGTATG	0.0583810500626481
ATGGTCAA	0.363670103961525
ATGGTCAC	0.311076098399002
ATGGTCCA	0.408544681712957
ATGGTCGA	0.774532578963069
ATGGTCGG	0.144716534234215
ATGGTCTA	0.241168398728833
ATGGTCTC	0.384062025173767
ATGGTCTG	0.302827258193304
ATGGTGAA	0.661141763492726
ATGGTGAG	0.385493066736711
ATGGTGTA	1.20682839616519
ATGGTGTG	0.456001197537349
ATGGTTAA	1.83880026655183
ATGGTTAG	0.425951289660801
ATGGTTCC	0.226159023999414
ATGGTTCG	0.154259431247518
ATGGTTGA	0.871582348229964
ATGGTTGC	0.0632268857827522
ATGGTTTA	1.72575528144743
ATGGTTTC	0.492780200813441
ATGGTTTG	1.18425987701669
ATGTAAAA	0.856844978065962
ATGTAAAC	1.39076607992846
ATGTAAAG	2.04755212119047
ATGTAAAT	3.20057666692529
ATGTAACA	1.76880554787725
ATGTAACC	0.330243858713639
ATGTAACG	1.07659519274338
ATGTAAGA	1.2245016752556
ATGTAAGC	0.663524961387859
ATGTAAGG	0.423844306928072
ATGTAATA	2.42744958523677
ATGTAATC	2.11189369234914
ATGTAATG	3.06196128772649
ATGTACAA	2.31107317579556
ATGTACAC	0.628497005045788
ATGTACAG	0.664978740174537
ATGTACAT	2.46777980601243
ATGTACCA	0.570866002659912
ATGTACCG	1.12851466066844
ATGTACGA	1.69569891732216
ATGTACGC	0.527229901835845
ATGTACTA	0.959303680223472
ATGTACTC	0.910926727897531
ATGTACTG	0.934855269873117
ATGTAGAA	1.09949803329272
ATGTAGAC	1.44963836630636
ATGTAGAG	0.881354863132339
ATGTAGCA	0.137813400825839
ATGTAGCC	0.431396995098444
ATGTAGGA	0.497364979520298
ATGTAGGC	0.156375396587155
ATGTAGTA	1.00267339061144
ATGTAGTC	0.913099676649737
ATGTAGTG	0.279450585129594
ATGTATAA	2.89787376169636
ATGTATAC	1.91398131788961
ATGTATAG	1.2689481756466
ATGTATCA	1.5898327193756
ATGTATCC	1.75962055160791
ATGTATCG	0.300277882070382
ATGTATGA	1.3048909543609
ATGTATGC	1.64586902832894
ATGTATGG	1.37330024291632
ATGTATTA	2.92950320485629
ATGTATTC	1.57058186994707
ATGTATTG	1.94479165958216
ATGTCAAA	1.22873865865126
ATGTCAAC	1.0728853760906
ATGTCAAG	1.46079139560782
ATGTCAAT	1.50292936602361
ATGTCACA	0.785601396324776
ATGTCACC	1.15974634276625
ATGTCACG	0.411189778740735
ATGTCAGA	0.0398878273854678
ATGTCAGC	0.162874874097627
ATGTCAGG	0.117357759245846
ATGTCATA	1.47605144121125
ATGTCATC	0.627580779141228
ATGTCATG	0.362152885513563
ATGTCCAA	1.32624990934802
ATGTCCAC	0.361230484066754
ATGTCCGA	0.416986647967165
ATGTCCGC	0.0906912064022837
ATGTCCGG	0.0182391833255795
ATGTCCTA	0.889110782783992
ATGTCGAA	1.73291947186905
ATGTCGAG	0.473263241655277
ATGTCGGA	0.518047712631169
ATGTCGGC	0.123512809922712
ATGTCGTA	0.425390438142017
ATGTCGTC	0.00106556174439632
ATGTCGTG	0.517713952643264
ATGTCTAA	1.80214870401124
ATGTCTAC	0.122688655738953
ATGTCTAG	1.16149486334208
ATGTCTCA	1.24255531160725
ATGTCTCG	0.626020893310456
ATGTCTGA	0.860509600977736
ATGTCTGC	0.621210707311516
ATGTCTGG	0.34724203875366
ATGTCTTA	1.00497181515388
ATGTCTTC	0.857099578830495
ATGTCTTG	1.00605506140563
ATGTGAAA	1.09871851143703
ATGTGAAC	1.19027710081881
ATGTGAAG	1.86059768503862
ATGTGAAT	1.71749577439602
ATGTGACA	0.927908346256068
ATGTGACG	0.33869986029114
ATGTGAGA	0.484567291035372
ATGTGAGC	0.251219935858271
ATGTGAGG	0.080296926678033
ATGTGATA	2.30953715001439
ATGTGATC	1.14292556921265
ATGTGATG	0.818270576234243
ATGTGCAA	0.375064260117161
ATGTGCGC	0.197854268221105
ATGTGCGG	0.197854268221105
ATGTGCTA	0.638556121249804
ATGTGCTC	0.498550964338547
ATGTGCTG	0.140070280811336
ATGTGGAA	0.309983588833883
ATGTGGAC	0.953518881375073
ATGTGGAG	0.261434282737906
ATGTGGGA	0.161630502334479
ATGTGGTA	0.416190845136459
ATGTGGTG	0.959303680223472
ATGTGTAA	1.57919955844891
ATGTGTAC	0.0127401436594243
ATGTGTAG	0.988728174094088
ATGTGTCA	0.996766765156859
ATGTGTCC	0.711010951391167
ATGTGTCG	0.11115470776332
ATGTGTGA	0.595564803177812
ATGTGTGG	0.612966919822204
ATGTGTTA	1.53105615390256
ATGTGTTC	0.102001992737559
ATGTGTTG	1.33332820359109
ATGTTAAA	1.11091745303028
ATGTTAAC	3.29484379299614
ATGTTAAG	1.28925644633202
ATGTTAAT	4.79513564106654
ATGTTACA	1.86194984808466
ATGTTACC	0.963194271840262
ATGTTACG	0.527361833874798
ATGTTAGA	1.96981607960046
ATGTTAGC	1.07849782116896
ATGTTAGG	0.445505863485391
ATGTTATA	2.87899765539975
ATGTTATC	1.44363517782752
ATGTTATG	1.67298022021442
ATGTTCAA	1.01568778448801
ATGTTCAC	0.493428071336642
ATGTTCAG	1.42169937105306
ATGTTCCA	0.399592671810284
ATGTTCCC	0.652146524794311
ATGTTCCG	0.31737936208984
ATGTTCGA	1.05833832491045
ATGTTCTA	1.96279308453116
ATGTTCTC	1.2504263209099
ATGTTCTG	1.55341666955987
ATGTTGAA	0.770800305793023
ATGTTGAC	0.299640397686419
ATGTTGAG	0.843484192410526
ATGTTGCA	0.553123950485367
ATGTTGCG	0.589211854442517
ATGTTGGA	0.284888150079726
ATGTTGGC	0.794401824735885
ATGTTGGG	1.27936687683338
ATGTTGTA	1.76748510466185
ATGTTGTC	1.59721529942766
ATGTTGTG	0.797895778116417
ATGTTTAA	2.15089336447664
ATGTTTAC	1.49331236250332
ATGTTTAG	0.80930172394362
ATGTTTCA	1.10901847378875
ATGTTTCC	0.446911922172873
ATGTTTCG	0.858923048032707
ATGTTTGA	0.991048213034403
ATGTTTTA	1.68598085947417
ATGTTTTC	2.30001025326964
ATGTTTTG	0.748111924983598
ATTAAAAA	1.38060366374501
ATTAAAAC	2.03454193791089
ATTAAAAG	1.87674728943236
ATTAAAAT	2.26527451235853
ATTAAACA	2.63661351696729
ATTAAACC	1.9987914431257
ATTAAACG	2.79780808216029
ATTAAAGA	2.51817700277315
ATTAAAGC	2.47744677528364
ATTAAAGG	1.28516178111455
ATTAAATA	3.51194273510352
ATTAAATC	3.76886718776096
ATTAAATG	3.40235773789728
ATTAACAA	4.19414758896836
ATTAACAC	2.29426250767473
ATTAACAG	2.98842068497519
ATTAACCA	1.84952381496053
ATTAACCC	1.86613658502293
ATTAACCG	1.56313472740787
ATTAACGA	5.49482008656034
ATTAACGC	3.80002504405824
ATTAACGG	3.31440931437289
ATTAACTA	4.56894517794295
ATTAACTC	2.76349255882857
ATTAACTG	3.67023254978783
ATTAAGAA	4.68451034569783
ATTAAGAC	2.61010808963513
ATTAAGAG	2.53415565692917
ATTAAGCA	3.74149465815576
ATTAAGCC	2.19133530642571
ATTAAGCG	4.47502191729278
ATTAAGGA	2.77331447806893
ATTAAGGC	1.82838437242971
ATTAAGGG	1.80468825540785
ATTAAGTA	5.12256878593755
ATTAAGTC	2.78720243046725
ATTAAGTG	4.04060508203464
ATTAATAA	5.10654802581164
ATTAATAC	3.52961769843273
ATTAATAG	3.64689854410693
ATTAATCA	4.87066982113837
ATTAATCC	2.92753011910778
ATTAATCG	4.06996052211465
ATTAATGA	6.80689656503427
ATTAATGC	4.13545411260921
ATTAATGG	3.89293888425719
ATTAATTA	8.83848210244675
ATTAATTC	3.3735314295054
ATTAATTG	4.38589986003464
ATTACAAA	2.32150029817632
ATTACAAC	2.78129384006741
ATTACAAG	3.38683410892241
ATTACAAT	2.98334635419188
ATTACACA	3.21131537348315
ATTACACC	0.982163572683537
ATTACACG	1.6749215861323
ATTACAGA	3.35282539775787
ATTACAGC	1.48969405615841
ATTACAGG	0.562906570820513
ATTACATA	3.3731524757765
ATTACATC	1.98420509304033
ATTACATG	2.68220473832605
ATTACCAA	2.16584996639047
ATTACCAC	2.65437690283324
ATTACCAG	1.76808413225999
ATTACCCA	3.0542196841046
ATTACCCC	1.21046943973383
ATTACCCG	1.09561530145697
ATTACCGA	1.86791233412595
ATTACCGC	2.45044983092976
ATTACCGG	1.75423856653802
ATTACCTA	4.29028422010182
ATTACCTC	2.44712149436409
ATTACCTG	2.65386854342357
ATTACGAA	2.05179191165079
ATTACGAC	3.4075322808889
ATTACGAG	2.2857935935998
ATTACGCA	2.30980213691816
ATTACGCC	1.70894236767487
ATTACGCG	1.88574842296656
ATTACGGA	2.21646779843336
ATTACGGC	2.10214980950629
ATTACGGG	1.95304723674304
ATTACGTA	3.44014896868925
ATTACGTC	3.25092052945749
ATTACGTG	2.18370261691257
ATTACTAA	3.44030756784246
ATTACTAC	1.24798978878625
ATTACTAG	2.70191313929393
ATTACTCA	1.57311412297558
ATTACTCC	1.10657997671984
ATTACTCG	2.32448645356011
ATTACTGA	2.37938169072974
ATTACTGC	1.4191864867707
ATTACTGG	1.28108087051391
ATTACTTA	2.94810899082628
ATTACTTC	2.61258560490279
ATTACTTG	1.26170707165333
ATTAGAAA	2.59395567817673
ATTAGAAC	2.96593441282119
ATTAGAAG	2.99087181383506
ATTAGAAT	1.56421600871435
ATTAGACA	2.13233614072524
ATTAGACC	1.27602899624786
ATTAGACG	1.70042040007789
ATTAGAGA	2.26632098606324
ATTAGAGC	3.86762926646958
ATTAGAGG	1.91487452586397
ATTAGATA	3.60177610254614
ATTAGATC	2.52430819340042
ATTAGATG	3.36444439979266
ATTAGCAA	4.48040081459155
ATTAGCAC	3.29332769737404
ATTAGCAG	4.10334774916379
ATTAGCCA	1.93136069731026
ATTAGCCC	2.10443111095431
ATTAGCCG	1.8195494171233
ATTAGCGA	4.78813987452443
ATTAGCGC	2.57073002519166
ATTAGCGG	2.45789107863319
ATTAGCTA	3.2841205252939
ATTAGCTC	3.42929741813212
ATTAGCTG	2.85509578053842
ATTAGGAA	2.1738116438816
ATTAGGAC	3.06280368783053
ATTAGGAG	2.20016661254806
ATTAGGCA	4.76583774581203
ATTAGGCC	1.82721663353174
ATTAGGCG	2.47387338197327
ATTAGGGA	2.25267640617083
ATTAGGGC	1.86848553672923
ATTAGGGG	1.53697400761578
ATTAGGTA	3.0765695329162
ATTAGGTC	3.19150591818756
ATTAGGTG	2.20624643389208
ATTAGTAA	4.10281805606271
ATTAGTAC	4.95463810768335
ATTAGTAG	3.06582549293549
ATTAGTCA	5.00443206624894
ATTAGTCC	1.88305981643657
ATTAGTCG	2.65836826807127
ATTAGTGA	4.90495194040065
ATTAGTGC	5.0513223971317
ATTAGTGG	3.64424979789509
ATTAGTTA	3.34372320989596
ATTAGTTC	3.44301245534747
ATTAGTTG	4.43019365610821
ATTATAAA	2.15650552884853
ATTATAAC	2.66126684303772
ATTATAAG	2.08135339027674
ATTATAAT	2.23826521692015
ATTATACA	3.27341606492488
ATTATACC	2.19754481415695
ATTATACG	2.47652184747864
ATTATAGA	3.07958740813064
ATTATAGC	1.65279349542872
ATTATAGG	1.96408321144824
ATTATATA	5.52683690464316
ATTATATC	3.36756810134472
ATTATATG	3.75269512684995
ATTATCAA	3.77042595076586
ATTATCAC	3.00413828211797
ATTATCAG	3.48541260560237
ATTATCCA	2.06287027303233
ATTATCCC	2.48812934054833
ATTATCCG	1.34635747491035
ATTATCGA	2.97010178101331
ATTATCGC	1.86670922621328
ATTATCGG	2.32856680274782
ATTATCTA	2.66138417834045
ATTATCTC	2.63978662285734
ATTATCTG	3.46164603125758
ATTATGAA	2.7837587235441
ATTATGAC	2.37087937258537
ATTATGAG	2.30503293406323
ATTATGCA	2.69804949549787
ATTATGCC	2.87215038257808
ATTATGCG	1.43932043874082
ATTATGGA	2.58382582394332
ATTATGGC	3.10246161662046
ATTATGGG	1.75769209818747
ATTATGTA	3.3011953381991
ATTATGTC	2.46975064610922
ATTATGTG	2.84059644945747
ATTATTAA	3.3194623114648
ATTATTAC	4.56739287118676
ATTATTAG	3.82446447180169
ATTATTCA	1.8089976610717
ATTATTCC	1.59352232516284
ATTATTCG	2.0037080168752
ATTATTGA	2.94414288917018
ATTATTGC	2.56952411021433
ATTATTGG	1.21591991718139
ATTATTTA	4.04427195059814
ATTATTTC	2.35503854530408
ATTATTTG	1.98273138409458
ATTCAAAA	1.42092630544609
ATTCAAAC	1.48806259017884
ATTCAAAG	0.248167533748533
ATTCAAAT	1.64927062928221
ATTCAACA	2.0192905942079
ATTCAACC	0.349078701159768
ATTCAACG	0.626709746977671
ATTCAAGA	0.621075968207904
ATTCAAGC	0.208180897687083
ATTCAAGG	0.374604743632551
ATTCAATA	0.398502127190427
ATTCAATC	1.76345808970266
ATTCAATG	0.718666378128042
ATTCACAA	1.82609577261357
ATTCACAC	0.563580547045038
ATTCACAG	0.294475118008169
ATTCACCA	1.49395967161359
ATTCACCG	0.506855384424485
ATTCACTA	1.62363595340714
ATTCACTG	0.104749547625376
ATTCAGAA	1.40188963505101
ATTCAGAC	0.504370570788712
ATTCAGCA	0.961999023708639
ATTCAGCC	0.137314304729544
ATTCAGCG	0.324488814750621
ATTCAGGA	0.439937770028634
ATTCAGTA	0.776575279915117
ATTCAGTC	1.11734984169541
ATTCAGTG	0.905392599923144
ATTCATAA	2.42184780700411
ATTCATAC	1.85773728615153
ATTCATAG	0.812454057555203
ATTCATCA	2.01731273644947
ATTCATCC	0.649500866353601
ATTCATCG	0.471419842293989
ATTCATGA	1.47632905990599
ATTCATTA	4.54255820873938
ATTCATTC	1.52129346372649
ATTCATTG	1.26666238289512
ATTCCAAA	1.49668280503887
ATTCCAAC	0.116447428177069
ATTCCAAG	1.27949038767836
ATTCCAAT	1.27343863698093
ATTCCACA	1.06840642372137
ATTCCACG	0.549096654819705
ATTCCAGA	0.475488682516598
ATTCCATA	1.70949171022855
ATTCCATC	0.598117547778323
ATTCCATG	1.75809210490132
ATTCCCAA	0.904947680174759
ATTCCCGA	0.232059473911746
ATTCCCTA	0.525920406172618
ATTCCCTC	0.39201584288385
ATTCCGAA	0.933748724984705
ATTCCGAC	0.25342656938638
ATTCCGAG	0.116703151767466
ATTCCGCA	0.250030301855966
ATTCCGTA	1.17542295676501
ATTCCGTG	0.777028059444545
ATTCCTAA	1.34673586722633
ATTCCTAC	0.0298110266741031
ATTCCTAG	0.271086655272894
ATTCCTCA	1.00065005840554
ATTCCTCG	0.406572999496771
ATTCCTGA	1.07810735847495
ATTCCTGC	0.993761241026919
ATTCCTTA	0.676244894181741
ATTCGAAA	1.53318671597842
ATTCGAAC	1.33301044387174
ATTCGAAG	0.935279417343029
ATTCGAAT	2.12134423693518
ATTCGACA	0.443674815208599
ATTCGACG	1.53247765144567
ATTCGAGA	0.189922626321826
ATTCGAGG	0.544148361239563
ATTCGATA	1.00030928075599
ATTCGATC	0.814354721035527
ATTCGATG	0.811238879264504
ATTCGCAA	0.553337287399419
ATTCGCAG	0.0189460022066096
ATTCGCTA	1.08858079742257
ATTCGCTG	0.581597972262589
ATTCGGAA	0.799278257460767
ATTCGGCA	0.259999872697373
ATTCGGGA	0.294681156554109
ATTCGGTA	0.812654762678291
ATTCGGTG	0.102562844256344
ATTCGTAA	1.60527775054003
ATTCGTAC	0.359099360577962
ATTCGTCA	1.52115170696123
ATTCGTCG	0.632809498480762
ATTCGTGA	0.635272978425131
ATTCGTGC	0.477698403815831
ATTCGTGG	0.350645604652187
ATTCGTTA	2.73984135484125
ATTCGTTC	0.48968737697262
ATTCGTTG	0.77668419402387
ATTCTAAA	0.116535289300883
ATTCTAAC	1.15948163656895
ATTCTAAG	1.38963623640338
ATTCTACA	1.45292936891208
ATTCTACC	0.424734707837774
ATTCTACG	0.22218197479114
ATTCTAGA	1.15948163656895
ATTCTAGC	0.00805852122184733
ATTCTAGG	0.69215758231829
ATTCTATA	0.51918681946962
ATTCTATC	1.51275746080622
ATTCTATG	0.405619439632252
ATTCTCAA	1.56758981972749
ATTCTCAC	0.243757915876371
ATTCTCAG	0.0524376520610397
ATTCTCCA	0.040402362337385
ATTCTCCG	0.950908311242595
ATTCTCGA	1.02839592761032
ATTCTCGG	0.118022752863464
ATTCTCTA	1.42703475884962
ATTCTCTG	0.890172976050797
ATTCTGAA	1.24773743367345
ATTCTGAC	0.124315349708599
ATTCTGAG	0.715565413799711
ATTCTGCA	0.964979284256651
ATTCTGCG	0.272731875869287
ATTCTGGA	0.505669680312702
ATTCTGGC	0.788859836980453
ATTCTGTA	1.50624507079832
ATTCTGTC	0.676987643490401
ATTCTGTG	1.72425237902922
ATTCTTAA	1.80550398839764
ATTCTTAC	0.251969983535043
ATTCTTAG	1.89848688238718
ATTCTTCA	0.61467221160229
ATTCTTCC	1.45598570091234
ATTCTTCG	0.710488837364671
ATTCTTGA	0.877148196034994
ATTCTTGC	1.07645792728157
ATTCTTGG	0.338940425732381
ATTCTTTA	0.741895961003642
ATTCTTTC	0.487886925700607
ATTCTTTG	0.851062705575756
ATTGAAAA	0.416292741583565
ATTGAAAC	0.643236620861518
ATTGAAAG	0.647966805517689
ATTGAAAT	1.73591882045674
ATTGAACA	2.12003951328187
ATTGAACC	0.677724778669744
ATTGAACG	1.08376331305552
ATTGAAGA	1.54195261749423
ATTGAAGC	1.09731582122714
ATTGAAGG	0.616239395801174
ATTGAATA	0.828706119808974
ATTGAATC	0.770318613497611
ATTGAATG	1.64431616015982
ATTGACAA	1.45791022444226
ATTGACAC	0.685366170083326
ATTGACAG	0.646563553894865
ATTGACCA	0.612880462230719
ATTGACCG	0.388863789978732
ATTGACGA	1.133434883602
ATTGACGC	0.568856705777302
ATTGACGG	1.18686006100993
ATTGACTA	1.83226991133011
ATTGACTC	1.08097589784955
ATTGACTG	0.851919983122486
ATTGAGAA	1.81810658588879
ATTGAGAC	0.839963010502805
ATTGAGAG	0.918008390618193
ATTGAGCA	1.03537737812267
ATTGAGGA	1.26043743630825
ATTGAGTA	1.62346107327891
ATTGAGTC	1.87413559647402
ATTGAGTG	1.46753873692765
ATTGATAA	1.39492193915548
ATTGATAC	2.17757030345944
ATTGATAG	1.61581294491015
ATTGATCA	1.52685313598927
ATTGATCC	0.327535041318111
ATTGATCG	1.0419734186574
ATTGATGA	2.84604608478563
ATTGATGG	1.04426454483173
ATTGATTA	3.79677109470602
ATTGATTC	2.7352868924327
ATTGATTG	1.32192253847036
ATTGCAAA	0.95869931920248
ATTGCAAC	1.26308393686836
ATTGCAAG	1.42297237487573
ATTGCAAT	1.08377117283657
ATTGCACA	0.97034049704807
ATTGCACC	0.473268294371663
ATTGCACG	1.31902564774271
ATTGCAGA	1.50559607744926
ATTGCATA	1.01685804974417
ATTGCATC	0.409664419805264
ATTGCATG	1.08163724228311
ATTGCCAA	0.9200884255302
ATTGCCAC	0.140074210701859
ATTGCCAG	0.153421803153399
ATTGCCCA	0.691903823673155
ATTGCCGA	0.766818203868364
ATTGCCTA	0.762960174201614
ATTGCCTC	0.241643915481996
ATTGCCTG	0.536981925166212
ATTGCGAA	1.11346205714328
ATTGCGAC	1.40655946781702
ATTGCGCA	0.178157937631257
ATTGCGCG	0.324838855713546
ATTGCGGA	1.0526279132755
ATTGCGTA	1.45728986315271
ATTGCGTC	0.440349847120514
ATTGCGTG	1.0445525496657
ATTGCTAA	2.47741309050774
ATTGCTAC	1.11138679424119
ATTGCTAG	0.736658820470132
ATTGCTCA	0.207487552716414
ATTGCTCC	0.554721450982565
ATTGCTCG	0.349794783354171
ATTGCTGC	0.11134783381183
ATTGCTGG	0.166405880731653
ATTGCTTA	2.21566273228928
ATTGCTTC	0.852227637409066
ATTGCTTG	1.27383359097839
ATTGGAAA	0.368880296674312
ATTGGAAC	0.311460666257227
ATTGGAAG	0.387870089089595
ATTGGACA	0.793480826821405
ATTGGACC	0.157174848601919
ATTGGAGA	0.207115897355619
ATTGGATA	1.62654238815463
ATTGGATC	0.838121576086778
ATTGGATG	0.939907986258558
ATTGGCAA	0.0699391387943449
ATTGGCAC	1.04144597120805
ATTGGCGG	0.177082551160556
ATTGGCTC	0.281953083272716
ATTGGGCA	0.116455568664579
ATTGGGTA	1.67037554491773
ATTGGGTC	0.72388807980593
ATTGGGTG	0.181667049160947
ATTGGTAA	2.29129010690776
ATTGGTAC	1.25297232855523
ATTGGTAG	1.25831276906818
ATTGGTCA	0.322937069407359
ATTGGTCG	0.849004285061621
ATTGGTGA	1.30569938898257
ATTGGTGC	0.556211440903338
ATTGGTTA	2.9030070408375
ATTGGTTG	1.02003452411182
ATTGTAAA	1.3963285592559
ATTGTAAG	1.27474476416656
ATTGTACA	1.69360821556445
ATTGTACC	1.5161910622966
ATTGTACG	0.420382634791114
ATTGTAGA	1.35141412118632
ATTGTAGC	1.06600526061242
ATTGTAGG	0.754887617656474
ATTGTATA	2.51833728616515
ATTGTATC	1.53146373969099
ATTGTATG	1.18434352754351
ATTGTCAA	1.17399079237621
ATTGTCAC	1.60552364940413
ATTGTCAG	0.0144681726632454
ATTGTCCA	1.92216784125988
ATTGTCCG	0.368880296674312
ATTGTCGA	0.500189728686225
ATTGTCGC	0.741077701655666
ATTGTCTA	1.60722641482602
ATTGTCTC	1.24354199483474
ATTGTGAA	1.19130645142911
ATTGTGAC	0.786435375234839
ATTGTGAG	1.12133811916232
ATTGTGCA	0.271028268327995
ATTGTGCC	0.157622856121427
ATTGTGCG	0.843669458677992
ATTGTGGA	0.374146630680271
ATTGTGGC	0.692501728445433
ATTGTGGG	0.454803142341068
ATTGTGTA	1.57577606239131
ATTGTGTC	0.235393143900274
ATTGTGTG	0.840764708169295
ATTGTTAA	2.40563448224263
ATTGTTAC	0.83331868845595
ATTGTTAG	1.92919420480677
ATTGTTCA	1.29713615753511
ATTGTTCC	0.398760377139016
ATTGTTCG	0.528512168971883
ATTGTTGA	1.69300890725985
ATTGTTGC	0.349833240139994
ATTGTTGG	0.520909515050589
ATTGTTTA	1.64744996714465
ATTGTTTC	1.18944340261522
ATTGTTTG	1.70163698190092
ATTTAAAA	1.45957256813307
ATTTAAAC	1.36098059754275
ATTTAAAG	1.31787924253614
ATTTAAAT	2.37471803350598
ATTTAACA	1.93473057843289
ATTTAACC	2.36904579795039
ATTTAACG	2.08388002917593
ATTTAAGA	0.655214927172603
ATTTAAGC	1.38497594765721
ATTTAAGG	1.20474499277559
ATTTAATA	3.31750241892018
ATTTAATC	2.57096413438418
ATTTAATG	3.2016486849184
ATTTACAA	2.20935610012085
ATTTACAC	1.21732569516241
ATTTACAG	0.766946486723262
ATTTACCA	0.816465914365243
ATTTACCC	0.996565779327305
ATTTACCG	0.00655225032605377
ATTTACGA	2.42542007748862
ATTTACGC	0.495881445848239
ATTTACGG	0.913946848763696
ATTTACTA	2.97599605538339
ATTTACTC	0.957716846571977
ATTTACTG	1.93678647258883
ATTTAGAA	1.55724887423176
ATTTAGAC	1.21151282566743
ATTTAGAG	1.29861548061018
ATTTAGCA	1.05062647617394
ATTTAGCC	0.601406304732313
ATTTAGCG	1.76323043675885
ATTTAGGA	0.735304692478833
ATTTAGGC	0.548712367667946
ATTTAGGG	0.398502127190427
ATTTAGTA	2.60426209677717
ATTTAGTC	1.03099891866822
ATTTAGTG	1.95778949177724
ATTTATAA	2.62463745630793
ATTTATAC	2.92484375822952
ATTTATAG	1.53277576171241
ATTTATCA	1.40784678766944
ATTTATCC	0.892487681568261
ATTTATCG	0.981581668179814
ATTTATGA	1.5282333696819
ATTTATGC	1.55744536875786
ATTTATGG	1.88745399545311
ATTTATTA	3.79476460488807
ATTTATTC	1.12178837233356
ATTTATTG	2.04584430305219
ATTTCAAA	1.64407812107677
ATTTCAAC	1.17190907322541
ATTTCAAG	1.51657366520956
ATTTCACA	1.01952672611508
ATTTCACC	0.327819396968025
ATTTCACG	0.561518477346846
ATTTCAGA	1.65836102747255
ATTTCAGC	0.857891732477145
ATTTCATA	1.43106121239589
ATTTCATC	1.21032543731685
ATTTCATG	1.66926226307414
ATTTCCAA	1.81547383994551
ATTTCCAC	0.391787347820641
ATTTCCAG	0.729685510445291
ATTTCCCA	0.463905891615907
ATTTCCGG	0.208351567218325
ATTTCCTA	1.27647363528978
ATTTCCTG	0.18132121879501
ATTTCGAA	0.974885134730309
ATTTCGAC	0.969339497790821
ATTTCGAG	0.40827408067987
ATTTCGCA	1.50256248267273
ATTTCGCG	0.427849426782932
ATTTCGGA	0.953627234070895
ATTTCGTA	0.801836616190596
ATTTCGTC	0.885696830746228
ATTTCGTG	1.23450717652464
ATTTCTAA	2.105165439069
ATTTCTAC	0.559847151049129
ATTTCTAG	0.235683394385971
ATTTCTCA	1.08975190479813
ATTTCTCC	0.647470235779586
ATTTCTCG	0.696236247267205
ATTTCTGA	1.52731686307087
ATTTCTGC	1.16936306558008
ATTTCTGG	0.0296939720778398
ATTTCTTA	0.854965648277044
ATTTCTTC	1.13150221958457
ATTTCTTG	0.578396795725947
ATTTGAAA	1.24337581660695
ATTTGAAC	1.35115895900885
ATTTGAAG	1.1471100604992
ATTTGACA	1.91763022123929
ATTTGACC	0.270713877086234
ATTTGACG	0.186868539973292
ATTTGAGA	1.27346698833398
ATTTGAGC	1.16270133973234
ATTTGAGG	0.93254281000738
ATTTGATA	1.07508358842473
ATTTGATC	1.83840727749963
ATTTGATG	2.02600004015484
ATTTGCAA	0.618999582479954
ATTTGCAC	1.36320435416528
ATTTGCAG	0.389604855048596
ATTTGCCA	1.41501603080745
ATTTGCCG	0.0832940296139974
ATTTGCGA	1.09889114591353
ATTTGCGC	1.34463169155826
ATTTGCGG	0.635192696375895
ATTTGCTA	1.83593369212249
ATTTGCTC	1.42143241920403
ATTTGCTG	0.338490453267611
ATTTGGAA	2.09286403961571
ATTTGGAC	0.800668035173229
ATTTGGCA	1.22513438762964
ATTTGGCC	0.210660939312937
ATTTGGCG	0.103132397675569
ATTTGGGA	0.979605494660174
ATTTGGGC	1.27098722741459
ATTTGGTA	1.44035315782871
ATTTGGTC	1.08564741485436
ATTTGGTG	1.37426138185542
ATTTGTAA	2.23598644183032
ATTTGTAC	2.52901367588759
ATTTGTAG	1.16474095291326
ATTTGTCA	2.07939602409032
ATTTGTCC	0.0317074795574388
ATTTGTCG	1.36895097693432
ATTTGTGA	1.67803770860979
ATTTGTGC	1.0679104153962
ATTTGTGG	1.49129801290432
ATTTGTTA	1.75919500060567
ATTTGTTC	0.613761880533513
ATTTGTTG	1.49072256464931
ATTTTAAA	0.178464188385508
ATTTTAAC	1.83980800276426
ATTTTAAG	1.64747130083606
ATTTTACA	2.60815774111035
ATTTTACC	1.00540466452424
ATTTTACG	1.55263967406237
ATTTTAGA	1.01140785300307
ATTTTAGC	0.942133707826345
ATTTTAGG	0.56249954644502
ATTTTATA	1.62486039501121
ATTTTATC	1.94454744495687
ATTTTATG	1.5909813702339
ATTTTCAA	0.451993832030762
ATTTTCAC	0.845322539055429
ATTTTCAG	0.263198242169357
ATTTTCCA	1.4355690775311
ATTTTCCC	0.0325799152533249
ATTTTCCG	1.28256833407649
ATTTTCGA	0.624404304773581
ATTTTCGC	0.756358519537569
ATTTTCGG	0.637640456758176
ATTTTCTA	2.05606931677753
ATTTTCTC	1.7392185249629
ATTTTCTG	0.477062884377129
ATTTTGAA	1.48223512394764
ATTTTGAC	1.66005059969055
ATTTTGAG	0.866374681875369
ATTTTGCA	0.503900106751934
ATTTTGCC	0.540919956175732
ATTTTGCG	0.701767006764002
ATTTTGGA	0.827618382253775
ATTTTGGC	0.147782410254315
ATTTTGGG	0.345119897871775
ATTTTGTA	1.4281761113398
ATTTTGTC	1.16105190853896
ATTTTGTG	1.88268114341413
ATTTTTAA	0.40575782791992
ATTTTTAC	0.361230484066754
ATTTTTAG	0.844083781421599
ATTTTTCA	1.01826663478984
ATTTTTCC	0.542906515834608
ATTTTTCG	0.387157656079248
ATTTTTGA	1.38256439840903
ATTTTTGC	0.69075012009848
ATTTTTGG	1.26950116738434
ATTTTTTA	0.580005805188244
ATTTTTTC	0.447373122896277
ATTTTTTG	0.656921061072087
CAAAAAAA	1.08348850142545
CAAAAAAC	1.01070720966429
CAAAAAAG	0.369395673745627
CAAAAACA	0.680351629777241
CAAAAACC	0.442644903185368
CAAAAACG	0.906104752227025
CAAAAAGA	0.316438434016285
CAAAAAGG	0.114145915863501
CAAAAATA	1.23864029852793
CAAAAATC	0.774690616703347
CAAAAATG	1.04696325679449
CAAAACAA	0.778800440069972
CAAAACAC	0.335492508212248
CAAAACAG	0.571429661243355
CAAAACCA	0.766967539708201
CAAAACGA	0.576054861681295
CAAAACGG	0.168232999117922
CAAAACTA	1.22113684684936
CAAAACTC	0.948735643196856
CAAAAGAC	1.12485930107004
CAAAAGGG	0.119912468791619
CAAAAGTA	1.40953102646459
CAAAAGTC	0.493108627378495
CAAAATAA	0.967063529765646
CAAAATAC	1.2228836831864
CAAAATAG	1.29416684453927
CAAAATCA	2.29652163331196
CAAAATCC	0.291236888218033
CAAAATCG	0.882749974267653
CAAAATGA	1.78827282199095
CAAAATGC	0.372587025555965
CAAAATGG	0.327828379574932
CAAAATTA	1.39900958671131
CAAAATTC	0.272087654530143
CAAAATTG	1.17971102873746
CAAACAAA	0.430640210466491
CAAACAAC	0.267962953720827
CAAACAAG	0.451090518623632
CAAACACA	1.47661874897875
CAAACACC	0.273813718588702
CAAACACG	0.135024862794008
CAAACAGA	0.103411700609097
CAAACAGC	0.0658099466815761
CAAACATA	2.34637369811598
CAAACATC	0.0451286171030336
CAAACATG	0.408901178924596
CAAACCAA	0.93297453655187
CAAACCAC	0.192713410005384
CAAACCCA	0.626020893310456
CAAACCGA	0.0768063417750913
CAAACCGG	0.123544529753353
CAAACCTA	0.259295860881
CAAACGAA	1.21659361269945
CAAACGAC	1.17411823311171
CAAACGAG	0.522064341451129
CAAACGCA	0.377081416780815
CAAACGGA	0.333104538307196
CAAACGTA	1.16031140488202
CAAACGTG	0.538066294243821
CAAACTAA	1.74491574339395
CAAACTAC	0.410797351101466
CAAACTAG	0.497291153719777
CAAACTCA	0.0984782844716463
CAAACTGA	0.448717706867736
CAAACTTA	1.37925739553475
CAAACTTG	0.760479009749897
CAAAGAAA	0.552147091984182
CAAAGAAC	0.0387299132138039
CAAAGACA	0.690836016277032
CAAAGAGA	0.155703946720823
CAAAGATA	0.752757616993545
CAAAGATC	0.198813161508475
CAAAGATG	0.511165632207732
CAAAGCAA	0.690843876058076
CAAAGCAC	0.193854762495562
CAAAGCAG	0.0451022306952432
CAAAGCGA	0.00268692229119142
CAAAGCTC	0.411756525095302
CAAAGCTG	0.180088917409894
CAAAGGTA	0.407154342587563
CAAAGTAA	1.2508555210962
CAAAGTAC	0.762603676989974
CAAAGTAG	0.271028268327995
CAAAGTCC	0.051681428842019
CAAAGTCG	0.0698072067553917
CAAAGTGA	1.43195189401205
CAAAGTTA	0.993547623406402
CAAAGTTC	0.620805367174818
CAAATAAA	1.34850908997115
CAAATAAC	1.45684690834959
CAAATAAG	0.118808169554934
CAAATACA	1.98291777318791
CAAATACC	0.757469275022969
CAAATACG	0.788635271807767
CAAATAGA	0.503773227429366
CAAATAGC	1.28120522347828
CAAATAGG	0.247345063803569
CAAATATA	2.13901218260274
CAAATATC	2.10812127815448
CAAATATG	0.90314161477343
CAAATCAA	1.16855519237134
CAAATCAC	1.54632321716764
CAAATCAG	0.689339289401078
CAAATCCA	0.0906036259849357
CAAATCGA	1.21729958946108
CAAATCGG	0.52487730094549
CAAATCTA	0.791586058176865
CAAATCTC	0.0101121697260629
CAAATCTG	0.975363739254596
CAAATGAA	1.49741460679536
CAAATGAC	2.07964894061605
CAAATGAG	1.41358779630917
CAAATGCA	1.32651208918713
CAAATGCC	1.17219483240765
CAAATGCG	1.0243312979847
CAAATGGA	1.08894936501224
CAAATGGC	0.466095121343131
CAAATGGG	0.679732952726491
CAAATGTA	1.72492888161194
CAAATGTC	0.750235188691346
CAAATGTG	1.02698537761939
CAAATTAA	3.0511192811892
CAAATTAC	3.55306595164523
CAAATTAG	4.18314277268087
CAAATTCA	1.08905519134987
CAAATTCG	0.769939659768704
CAAATTGA	1.5867348428184
CAAATTGG	0.396932416633349
CAAATTTA	1.29520770411467
CAAATTTC	1.29347967511085
CAAATTTG	1.69042781130628
CAACAAAA	1.99189027466259
CAACAAAC	0.947210284261384
CAACAAAG	1.10869790700474
CAACAACA	1.05139729612918
CAACAACG	0.632808937067831
CAACAAGA	0.429242292266519
CAACAATA	1.69486830688969
CAACAATC	1.06591711878214
CAACAATG	0.728804934261895
CAACACAA	0.876315059244328
CAACACAC	0.614093394869691
CAACACAG	0.705740687494686
CAACACCA	1.30080386821801
CAACACCG	0.391693311154579
CAACACGA	0.503763402703061
CAACACTA	0.854655186925805
CAACACTC	0.466079682487509
CAACAGAA	0.896897860853354
CAACAGAC	0.205777488926408
CAACAGGG	0.0553685082710617
CAACAGTA	0.807023790973183
CAACATAA	2.08679544653033
CAACATAC	0.590167940665229
CAACATAG	0.48887613528629
CAACATCA	0.429888197844457
CAACATCC	0.606280772511935
CAACATCG	0.159336849801955
CAACATGA	0.475604894993464
CAACATGC	0.243444366754008
CAACATTA	2.73513503023468
CAACATTC	0.250828350338399
CAACATTG	0.992892454515089
CAACCAAA	0.811812081867786
CAACCAAC	0.615522471487373
CAACCAAG	0.312473735892508
CAACCACA	0.446088610108511
CAACCATA	1.20797760843641
CAACCCAA	0.13364490980785
CAACCGAA	0.525711279855554
CAACCGTG	0.136419412516389
CAACCTAA	0.771822638741678
CAACCTAC	0.33843487338737
CAACCTTA	0.674764167574341
CAACGAAA	0.503717647549126
CAACGAAC	0.364019864217983
CAACGAAG	0.375771078998191
CAACGACA	0.910528966835411
CAACGACC	0.422169331446299
CAACGAGA	0.221894531370102
CAACGATA	0.53641209104052
CAACGATC	0.526647997332121
CAACGATG	0.257225931401765
CAACGCAA	0.842290909224165
CAACGCAC	0.0627446320744082
CAACGCAG	0.224566856925069
CAACGCCA	0.0791280649542014
CAACGCGA	0.267530665763406
CAACGCTA	0.4518997953647
CAACGGAA	0.0835564901595743
CAACGGTA	0.494570827359149
CAACGTAA	1.96981607960046
CAACGTAG	0.483198285601384
CAACGTCA	0.210337284757803
CAACGTCC	0.121710393705438
CAACGTCG	0.119339546894803
CAACGTGA	0.266309592636925
CAACGTGG	0.148008659665796
CAACGTTA	1.21929035971695
CAACGTTG	1.31323635759085
CAACTAAA	0.889640475885065
CAACTAAC	0.796963551943304
CAACTAAG	0.267962953720827
CAACTACA	1.97608706204772
CAACTAGA	1.38019776219538
CAACTAGC	0.601866101923389
CAACTAGG	0.591079113853404
CAACTATA	1.07739857464866
CAACTATC	1.7713448185674
CAACTATG	0.637600877146489
CAACTCAA	0.877440692172418
CAACTCAC	0.694778819296471
CAACTCGG	0.58158505976516
CAACTCTA	1.10221779824041
CAACTCTC	0.293777843146978
CAACTCTG	0.687601154964486
CAACTGAA	0.35251033770488
CAACTGAC	0.0912674967766894
CAACTGAG	0.200338801150412
CAACTGCA	0.506627450774208
CAACTGTA	0.964257026519999
CAACTGTC	0.309084205317275
CAACTTAA	0.725132732275543
CAACTTAC	1.18341972256437
CAACTTAG	1.00500493851686
CAACTTCA	0.549621014497928
CAACTTGA	0.746401019074194
CAACTTGC	0.368811242883711
CAACTTTA	1.2021641775285
CAACTTTC	0.311675406703608
CAAGAAAA	0.876738645301307
CAAGAAAC	1.78773947970582
CAAGAACA	0.166462022024825
CAAGAACG	0.196940849381203
CAAGAAGC	0.18803291039367
CAAGAATA	0.651061594303771
CAAGAATC	0.622524413571731
CAAGAATG	0.205531309355851
CAAGACAA	0.846944741721622
CAAGACCA	0.237472898105814
CAAGACGA	0.465179176145037
CAAGACTA	0.65154076024099
CAAGACTG	0.473272785675116
CAAGAGAA	0.387239060954347
CAAGAGTA	0.605313738737055
CAAGAGTC	0.229539852674206
CAAGAGTG	0.612591895983817
CAAGATAA	0.759182426584099
CAAGATCA	1.57121149454999
CAAGATCG	0.862477914716331
CAAGATGA	0.463085386616204
CAAGATGG	0.20155678650577
CAAGATTA	2.34951368064307
CAAGATTC	0.595808456390177
CAAGATTG	0.679377578340715
CAAGCAAA	0.568111430110449
CAAGCAAC	0.230057475397248
CAAGCAAG	0.377091522213585
CAAGCACA	0.136016037324951
CAAGCAGA	0.328166069453359
CAAGCATA	1.52957458517576
CAAGCATC	0.797133379355148
CAAGCCCA	0.0267473963057306
CAAGCGGC	0.692236741541662
CAAGCTAA	1.29087808758528
CAAGCTCA	0.477412644633588
CAAGCTTA	1.29105886254929
CAAGCTTC	0.154259431247518
CAAGGACA	0.313092132236793
CAAGGATA	0.355272770035387
CAAGGTAA	0.474013850744981
CAAGGTCA	0.540445281541966
CAAGGTCG	0.500722509558423
CAAGGTGA	0.00570002549570947
CAAGGTTA	0.422637830537816
CAAGGTTC	0.381793916929636
CAAGTAAA	1.44044354531072
CAAGTAAG	0.800415960766889
CAAGTACA	1.03283810743252
CAAGTACG	0.624101983909852
CAAGTAGA	0.822260537939947
CAAGTAGC	0.254638379199488
CAAGTAGG	0.338714176320899
CAAGTATA	1.83605720296747
CAAGTATC	0.922127758004657
CAAGTATG	1.0113764138789
CAAGTCAA	0.957354173818089
CAAGTCTA	0.290742844838123
CAAGTCTG	0.0501681402845795
CAAGTGAA	0.158874806959153
CAAGTGAC	0.212872906263897
CAAGTGAG	0.278865592854746
CAAGTGCG	0.0503576171490338
CAAGTGGC	0.365827333151642
CAAGTGTA	0.671256740283447
CAAGTGTG	0.499048937608979
CAAGTTAA	1.60356431827244
CAAGTTAC	0.374319265156773
CAAGTTAG	0.518122941964019
CAAGTTCA	1.14398439400187
CAAGTTCC	0.0456737490597293
CAAGTTCG	0.593989478491418
CAAGTTTA	0.942985371243758
CAAGTTTC	0.961291082001745
CAATAAAA	1.19292668915005
CAATAAAC	2.02985975406038
CAATAAAG	0.332141995835769
CAATAACA	0.628376862678401
CAATAACC	0.747317806391685
CAATAACG	1.51653240135908
CAATAAGA	0.364400221479221
CAATAAGC	0.845565350148397
CAATAAGG	0.0198535262107274
CAATAATA	2.39330501214275
CAATAATC	1.61062240164997
CAATAATG	2.40131160266842
CAATACAA	1.1371115768918
CAATACAC	0.519302470533554
CAATACAG	0.300943717807397
CAATACCA	1.16676203946744
CAATACCG	0.250616416956676
CAATACGA	0.409807299396385
CAATACGC	0.0855273302563628
CAATACGG	0.586293630023459
CAATACTA	1.61459776661945
CAATACTC	1.19256429710262
CAATACTG	0.477412644633588
CAATAGAA	0.00653989924155657
CAATAGAC	0.324650782381422
CAATAGAG	0.463321741460456
CAATAGCA	1.011133041373
CAATAGCG	0.530751645156497
CAATAGGA	0.139524587441708
CAATAGTA	1.59934810715525
CAATAGTC	0.432543400305007
CAATAGTG	1.60057928571451
CAATATAA	2.01944666700292
CAATATAC	1.99706678259947
CAATATAG	1.64706960988342
CAATATCA	1.1703477838623
CAATATCC	0.262545038223306
CAATATCG	0.437386148253986
CAATATGA	1.37332101519479
CAATATGC	0.7996372810306
CAATATGG	0.454833739345846
CAATATTA	2.15176439664019
CAATATTC	1.44595325182258
CAATATTG	1.98519598686481
CAATCAAA	1.39336261473764
CAATCAAC	1.5798985175489
CAATCAAG	2.27359549412595
CAATCACA	1.21642182034235
CAATCACC	1.77170524566956
CAATCACG	0.374340037435247
CAATCAGA	0.00367276339928434
CAATCAGC	1.59817138565038
CAATCAGG	1.35096190306982
CAATCATA	0.508537658274371
CAATCATC	0.912869778054199
CAATCATG	1.74716588642427
CAATCCAA	1.21492004075001
CAATCCAG	0.785722100105095
CAATCCCA	0.253078774075181
CAATCCGA	0.310249417857051
CAATCCTA	0.749891323270671
CAATCCTC	0.0128103202758883
CAATCCTG	0.755635981094451
CAATCGAA	0.417979787443371
CAATCGAC	0.480065320735945
CAATCGAG	0.277741644165451
CAATCGCA	0.790749552908609
CAATCGCG	0.0909348596146478
CAATCGGA	0.755822089481315
CAATCGTA	1.26388984513184
CAATCGTC	0.50418362028245
CAATCGTG	0.0298110266741031
CAATCTAA	1.41317094720737
CAATCTAC	0.107063972436374
CAATCTAG	0.869368135627278
CAATCTCA	0.36029011740613
CAATCTCC	0.19038859905515
CAATCTGA	0.691903823673155
CAATCTGG	0.591788178386161
CAATCTTA	1.33176298433747
CAATCTTC	0.695643956624245
CAATGAAA	0.600338216629725
CAATGAAC	0.729023323892332
CAATGAAG	0.724212015067529
CAATGACA	1.16455428311346
CAATGACC	0.134491801215343
CAATGACG	0.355019011390252
CAATGAGA	0.034220363839798
CAATGATA	2.56030795552729
CAATGATC	1.7015499628965
CAATGATG	1.87493280283705
CAATGCAA	1.53064800670121
CAATGCAC	0.529999071121532
CAATGCCA	0.10924702662135
CAATGCCG	0.13556887192484
CAATGCTA	0.336217292307094
CAATGGAA	0.296100408445486
CAATGGAC	0.363076409786235
CAATGGCA	0.149413314820948
CAATGGGA	0.867522771320728
CAATGGTA	1.69656630030166
CAATGTAA	1.10501784523735
CAATGTAC	1.4138892750535
CAATGTAG	0.921532379590572
CAATGTCA	0.449463824653986
CAATGTCG	0.218460368466797
CAATGTGA	1.43820126206145
CAATGTGC	0.442342863028104
CAATGTTA	1.20927419160221
CAATGTTC	0.0826964055481861
CAATTAAA	4.59898806815785
CAATTAAC	4.21288727192256
CAATTAAG	2.96340524756381
CAATTACA	2.95839098796419
CAATTACC	3.30230216379398
CAATTACG	4.43335384950084
CAATTAGA	4.59409479304502
CAATTAGC	5.82303724459049
CAATTAGG	5.49055840099569
CAATTATA	2.70296719207323
CAATTATC	3.44470483463013
CAATTATG	5.1193692936397
CAATTCAA	1.34886249941167
CAATTCAC	0.0535296002132271
CAATTCAG	0.782652574900939
CAATTCCA	0.781721752260154
CAATTCCC	0.911597054938
CAATTCCG	0.590348715629242
CAATTCTA	0.945022458066488
CAATTCTC	1.16444677253704
CAATTCTG	0.117756643133831
CAATTGAA	1.39089829267388
CAATTGAC	1.27893683452768
CAATTGAG	0.396062788002122
CAATTGCG	2.02633857215266
CAATTGGA	1.83675672348039
CAATTGGG	0.287401876481483
CAATTGTA	1.82552116647796
CAATTGTC	0.0925099035945765
CAATTGTG	0.17192176278576
CAATTTAA	2.6527600335899
CAATTTAC	2.52949508747654
CAATTTAG	1.76722881965852
CAATTTCA	2.07612579376307
CAATTTCC	0.229849752612514
CAATTTCG	1.04353695367223
CAATTTGA	1.69864184391022
CAATTTGC	0.194485229217879
CAATTTGG	0.967729365502661
CAATTTTA	1.4705392083412
CAATTTTC	0.557750273749171
CACAAAAA	0.469697146713019
CACAAAAC	1.58560303434806
CACAAAAG	0.163418602521994
CACAAACA	2.31915415353468
CACAAACC	0.176352714349326
CACAAACG	0.949741133757558
CACAAAGA	0.616737930484537
CACAAAGC	0.789320756997392
CACAAATA	2.31080173264308
CACAAATC	1.62351721457208
CACAAATG	1.41358779630917
CACAACAA	1.22158990708526
CACAACAC	0.877729819832251
CACAACCA	0.0387953178203489
CACAACGA	0.932399088296861
CACAACGC	0.309318875922731
CACAACTA	0.883981152826905
CACAACTC	0.593055287373043
CACAAGAA	0.237517811140352
CACAAGCA	0.102929446900754
CACAAGTA	0.579800889468167
CACAATAA	0.851423974797315
CACAATAC	0.82884871869363
CACAATAG	1.18576642861894
CACAATCA	0.759183549409962
CACAATCC	0.447815516286469
CACAATGA	1.42858453924762
CACAATGG	0.793359000215223
CACAATTA	3.31485928683766
CACAATTC	0.713888754079141
CACACAAA	1.05395004072969
CACACACA	0.9647889652728
CACACACC	0.0213101120620638
CACACAGA	0.758453993305199
CACACATA	0.456002601069679
CACACCAA	0.763059544290528
CACACCGA	0.224951986196226
CACACCGC	0.221988568036164
CACACCTA	0.570959197206577
CACACGAA	1.02613202996318
CACACGTA	0.474491613149871
CACACTAA	2.32536253844006
CACACTAC	0.985790019515954
CACACTAG	0.945900788598157
CACACTCA	0.413983088782487
CACACTCG	0.111090145276173
CACACTTA	1.82478571553741
CACACTTC	0.450797180366811
CACAGAAA	1.31101428520712
CACAGAAG	0.75548496101582
CACAGACG	0.285525353757224
CACAGATA	1.75180905207602
CACAGATC	0.137349393037776
CACAGATG	0.395864047824295
CACAGCAA	1.58080632225948
CACAGCGG	0.0240857375964664
CACAGCTA	0.482498203675535
CACAGGTA	0.125232137026091
CACAGTAA	1.09280767538546
CACAGTCG	0.210052086988491
CACAGTGA	0.600499061434661
CACAGTTA	1.24701770229499
CACAGTTC	0.368783733650057
CACATAAA	0.552336568848636
CACATAAC	1.13491673303526
CACATAAG	0.43088217944006
CACATACA	0.645781505680985
CACATACC	0.805221094049444
CACATACG	0.499215115836766
CACATAGA	0.938378697432564
CACATAGC	0.465906486598075
CACATATA	1.58383233796143
CACATATC	0.140070280811336
CACATATG	1.41585085183691
CACATCAA	0.602880575090999
CACATCAG	0.94189145814631
CACATCCA	1.01628709279261
CACATCCG	0.571340396587212
CACATCGA	0.0213039365198152
CACATCTA	0.732878546494425
CACATCTC	0.00773430525378121
CACATGAA	1.0077530548176
CACATGGA	0.424608951341069
CACATGTA	0.408191272272442
CACATGTC	0.103672196209414
CACATTAA	3.82694647837281
CACATTAC	2.71276918115452
CACATTAG	4.6194243409917
CACATTCA	2.1021801258046
CACATTCG	1.10079180939386
CACATTGA	1.28691703864556
CACATTGG	0.247747035462677
CACATTTA	0.959303680223472
CACATTTC	1.52803743656873
CACCAAAA	0.679875832317613
CACCAAAC	0.123219190959425
CACCAAAG	0.23728819325128
CACCAAGA	0.168446336031974
CACCAATA	0.794354946756087
CACCAATG	0.142985136752804
CACCACAA	1.61048429406877
CACCATAA	0.905720745781732
CACCATAC	0.497426734942786
CACCATTA	2.57430397991496
CACCCATA	0.859185227871819
CACCCTAA	0.448595599555088
CACCCTTA	0.375475775796108
CACCGATA	0.75174482806473
CACCGTAA	1.2400365324891
CACCGTCC	0.200753404600484
CACCGTTA	0.236087050283875
CACCTAAA	0.717851487257657
CACCTAGA	0.229986175954921
CACCTATA	0.211204106324372
CACCTATC	0.147841920025077
CACCTCTA	0.0943707067567482
CACCTTAA	0.747867710358301
CACCTTGA	0.309084205317275
CACCTTTA	0.542049518994344
CACGAAAA	0.405162449505836
CACGAAAG	0.194399894452258
CACGAACA	0.512965802773279
CACGAATA	0.935458508068246
CACGAATC	0.833864381825578
CACGAATG	0.316298642196287
CACGACAA	0.0621197794814085
CACGACAG	0.108247711602896
CACGACTA	0.170787427957228
CACGAGAA	0.236307124153107
CACGAGTA	0.0715122178290125
CACGATAA	1.183525548902
CACGATAG	0.353659269269636
CACGATGA	0.288078379064201
CACGATGC	0.125578528804959
CACGATGG	0.0482812314210831
CACGATTA	1.46994439134005
CACGATTC	0.404423349381232
CACGCAAA	0.290250485697009
CACGCATC	0.463654659328964
CACGCCAA	0.270645946121497
CACGCTAA	0.662450417036555
CACGGATA	0.138372568105828
CACGGCAA	0.0940728771964725
CACGGTAA	0.000222880933891345
CACGGTTA	0.163599938898939
CACGTAAA	1.1578771184101
CACGTAAC	0.140297933755147
CACGTAAG	0.187332828467821
CACGTACA	0.694014174883474
CACGTAGA	0.449636178424023
CACGTATA	0.962782756161314
CACGTATG	0.823921758804893
CACGTCAA	0.0365667891879038
CACGTCAC	0.557678412893911
CACGTCGA	0.290315048184156
CACGTCTG	0.504352605574897
CACGTGAA	0.579355127600385
CACGTGCC	0.165862152307287
CACGTGTA	0.52248175196586
CACGTTAA	2.43563554719412
CACGTTAC	1.56854394100495
CACGTTAG	0.0918774719269986
CACGTTCC	0.267523367395294
CACGTTGA	0.352514548301868
CACGTTGC	0.121240210375126
CACGTTTA	1.16655122891158
CACGTTTC	0.786832013471097
CACTAAAA	1.24545865858361
CACTAAAG	0.634302295466194
CACTAACA	1.00073034045477
CACTAACC	0.768097663939744
CACTAACG	1.91603945769728
CACTAAGA	0.530286233836105
CACTAAGC	0.1335236446146
CACTAATA	4.60660223104425
CACTAATC	5.07277735373015
CACTAATG	5.72512795212514
CACTACAA	0.0656437684537885
CACTACAC	0.0258603638736197
CACTACCA	0.989592469302464
CACTACGA	1.21136741971811
CACTACGG	1.2106883907772
CACTACTA	1.42788080813772
CACTACTC	0.581350389159703
CACTAGAA	0.261218700172127
CACTAGAC	0.531521061579414
CACTAGTA	0.450127414739274
CACTAGTC	0.413981965956623
CACTATAA	1.45295687814573
CACTATAC	1.11563276024376
CACTATAG	0.405260135355954
CACTATCA	0.861897133038471
CACTATCC	0.551091916379022
CACTATCG	0.799741984542365
CACTATGA	0.482176794772127
CACTATGC	0.707461698836861
CACTATTA	2.49214877643295
CACTATTC	0.14415848978009
CACTCAAA	0.854961718386522
CACTCAAC	1.07552008697914
CACTCAAG	0.102540107032608
CACTCACC	0.202727613174863
CACTCAGC	0.152129991997521
CACTCATA	1.19732535947004
CACTCATC	0.662413925195994
CACTCCAA	0.212349950118004
CACTCCTA	0.336565368324757
CACTCGAA	0.677515371646214
CACTCGGA	0.104241749628639
CACTCGTA	0.599447535013558
CACTCGTC	0.16660265596422
CACTCTAA	0.18639639169772
CACTCTAC	0.249094426498795
CACTCTGA	0.149428472970105
CACTCTTA	0.156672103321566
CACTGAAC	0.164717150633052
CACTGACA	0.0269130131205866
CACTGATA	0.75732751825771
CACTGATC	1.59352232516284
CACTGATG	0.175855302491826
CACTGCAA	0.241409244876539
CACTGCTA	0.440709712809744
CACTGCTG	0.345493237471366
CACTGGAA	0.406457909845769
CACTGTAA	1.39148244282933
CACTGTCA	0.309406737046545
CACTGTGA	0.423222261399732
CACTGTTA	0.226991037964217
CACTGTTC	0.188628850220687
CACTTAAA	1.24194477504401
CACTTAAC	1.91950898961528
CACTTAAG	1.44047358090257
CACTTACA	0.626024823200978
CACTTACC	0.645760171989579
CACTTACG	0.888864322506968
CACTTAGA	0.949135369204237
CACTTAGC	1.01796347180672
CACTTAGG	0.944307779404415
CACTTATA	1.70343883670526
CACTTATC	2.09550296110124
CACTTATG	1.78533326388049
CACTTCAC	0.0773278943886551
CACTTCAG	0.196004974024033
CACTTCCA	0.0847290010674631
CACTTGAC	0.681692845271111
CACTTGAG	0.781283008054018
CACTTGCA	0.5165445295065
CACTTGCC	0.0119406916446607
CACTTGGA	0.392705257963996
CACTTGTA	0.721037505645143
CACTTGTC	0.847178289501215
CACTTTAA	1.27030651423488
CACTTTAC	1.26658631144287
CACTTTAG	0.428633159235607
CACTTTCA	2.00337453759376
CACTTTCG	0.107414013399299
CACTTTGA	0.304298440780864
CACTTTTA	0.160281988472498
CACTTTTC	0.516440948820599
CAGAAAAC	0.150705687389758
CAGAAAAG	0.837388932210889
CAGAAACA	0.691842348957133
CAGAAACG	0.550214427966751
CAGAAAGA	0.394346548669867
CAGAAAGG	0.0345499132307154
CAGAAATA	1.86875501493645
CAGAAATC	0.0378086345928586
CAGAAATG	0.601862172032867
CAGAACAA	0.458765875519583
CAGAACAG	1.01381406882841
CAGAACGG	0.14407034794981
CAGAACTA	1.3032819448986
CAGAACTC	0.67507126044799
CAGAACTG	0.324534850611022
CAGAAGAA	0.736356218899937
CAGAAGCC	0.261235542560078
CAGAAGTA	1.47266303346188
CAGAATAA	0.984358416540079
CAGAATAG	0.259453898621279
CAGAATCA	0.954341912732969
CAGAATCG	0.317904002474528
CAGAATGA	0.754308800923875
CAGAATGC	0.272449485164634
CAGAATTA	0.984068727467314
CAGAATTC	0.151143308770031
CAGACAAA	1.21561198218835
CAGACAAC	0.269024866281168
CAGACAAG	0.605177315394648
CAGACACA	0.215325438656097
CAGACAGA	0.624691467488153
CAGACATA	0.827197603261454
CAGACATC	0.140070280811336
CAGACATG	0.0435774331727032
CAGACCAC	0.258909047371049
CAGACGCA	0.381676581626907
CAGACGTA	1.03882024292642
CAGACGTC	0.102562844256344
CAGACTAA	0.718522656417523
CAGACTAG	0.116039561682178
CAGACTCA	0.330489196164798
CAGACTGA	0.133835228791702
CAGACTTA	0.0415097493451945
CAGAGAAA	0.928340634213489
CAGAGAAC	0.586478615584459
CAGAGAAG	0.337646649631241
CAGAGATA	0.552077196074184
CAGAGCAA	0.180110251101299
CAGAGCGC	0.0104709125894291
CAGAGTAA	0.824057059321436
CAGAGTCA	0.244219958719174
CAGAGTTA	0.476155079666545
CAGATAAA	1.83662928274489
CAGATAAC	0.564004413808483
CAGATAAG	1.56544550303481
CAGATACA	0.579693098185278
CAGATACC	0.0776751282869215
CAGATATA	0.85183633259566
CAGATATG	0.75965878545666
CAGATCAA	0.51935692758793
CAGATCAC	0.222399241595714
CAGATCAG	0.120645954786906
CAGATCCA	0.808699608574355
CAGATCTA	1.49865308372273
CAGATCTG	0.080213276151208
CAGATGAA	0.432951547506364
CAGATGCA	0.00782048213879963
CAGATGTA	1.22242220175652
CAGATGTC	0.584189454355389
CAGATTAA	2.0805101480533
CAGATTAC	1.29867414826155
CAGATTAG	2.05936649492549
CAGATTCC	0.128719914864375
CAGATTCG	0.581168772076293
CAGATTGA	0.664631225569805
CAGATTTA	1.29526328399491
CAGATTTC	0.439630115742054
CAGCAAAC	0.380660424220503
CAGCAACA	0.697152473171765
CAGCAACC	0.204769752713979
CAGCAATA	0.226951739058997
CAGCAATC	0.713888754079141
CAGCACAA	0.566439823106266
CAGCAGTA	0.177224588632281
CAGCAGTC	0.362634577808975
CAGCATAA	1.56514009439995
CAGCATAC	0.171310103396655
CAGCATAG	0.0106544946181007
CAGCATCA	0.105850478384471
CAGCATGA	0.487368741564634
CAGCATTA	2.0053383600289
CAGCATTC	0.60662407651968
CAGCCATA	1.33299584713552
CAGCCTGA	0.00356609494225833
CAGCCTTA	0.102626564624093
CAGCGAAA	0.442093034273491
CAGCGACA	0.0400191980114895
CAGCGATA	0.112282024930205
CAGCGCAA	0.198330346387199
CAGCGGAA	0.353301087819202
CAGCGTAA	0.237771289079022
CAGCTAAA	0.217105117649635
CAGCTAAC	0.0939198921725801
CAGCTAGA	0.228511905596235
CAGCTATA	0.135325780125407
CAGCTCAA	0.6056570427448
CAGCTTAA	0.82524613191081
CAGCTTAC	0.131408240687895
CAGCTTAG	0.0613071342627504
CAGCTTCA	0.136959211050234
CAGCTTGA	0.109099936433241
CAGCTTTA	0.672431777549528
CAGGAAAC	0.483779909398642
CAGGAACG	0.316576541597486
CAGGAATA	0.0398878273854678
CAGGAATG	0.480316833729353
CAGGACTA	0.425742444050203
CAGGACTG	0.125578528804959
CAGGATAA	0.485317338712144
CAGGATAC	0.457401642095514
CAGGATAG	0.0948507148133646
CAGGATGA	0.173227328558464
CAGGATTA	0.512273861334939
CAGGCAAA	0.313408769130281
CAGGCATA	0.75418585149183
CAGGCGAC	0.196976779808833
CAGGCTAA	0.0216688549254307
CAGGGATA	0.0407383679770174
CAGGGGTA	0.237037803083735
CAGGGTAG	0.346669678269776
CAGGGTCA	0.0482882490827297
CAGGGTTA	0.0665209761595936
CAGGTAAG	0.125224557951512
CAGGTACA	0.256340021795518
CAGGTAGC	0.243514262664007
CAGGTATA	0.0216452755822982
CAGGTATC	0.0742519129357847
CAGGTATG	0.751518578653249
CAGGTCTA	0.178464188385508
CAGGTTAA	1.24323602478695
CAGGTTAC	0.378297156484445
CAGGTTAG	0.17619383448965
CAGTAAAA	0.713041020552251
CAGTAAAC	0.376153120498222
CAGTAAAG	0.720154122397088
CAGTAACA	0.588060115813102
CAGTAACC	0.40398909647855
CAGTAAGA	0.836714675279899
CAGTAAGC	0.0102777865409195
CAGTAATA	1.62933541748992
CAGTAATC	2.34226752393341
CAGTAATG	1.82709873681608
CAGTACAA	1.75653165765761
CAGTACAG	0.860237315705853
CAGTACCA	0.00566241082928439
CAGTACCC	0.167738955738012
CAGTACTA	0.431054533210097
CAGTACTC	0.591596175163514
CAGTACTG	0.264438684041982
CAGTAGAA	0.920316920593408
CAGTAGGA	0.679377578340715
CAGTAGTA	0.790093822604365
CAGTATAA	1.58077207607064
CAGTATAC	1.09990449625528
CAGTATAG	0.536321703558515
CAGTATCA	0.102041853055711
CAGTATCC	0.148381437852455
CAGTATCG	0.850244165521315
CAGTATGA	0.816163593501514
CAGTATTA	1.62213136675014
CAGTATTC	0.367927017516258
CAGTCAAA	0.342172479980267
CAGTCACA	0.57853209624249
CAGTCAGC	0.133483503589982
CAGTCATA	0.347309127599001
CAGTCATC	0.310850971813384
CAGTCATG	0.516060872265828
CAGTCCAA	0.0845864021828073
CAGTCCGA	0.681052273116023
CAGTCGTC	0.202878352547028
CAGTCTAA	0.861973765903651
CAGTCTAG	0.278471480976682
CAGTCTCA	0.374962363670054
CAGTCTTA	1.2814985617351
CAGTCTTC	0.0145383492797094
CAGTGAAA	0.0467634515601897
CAGTGACA	0.803991599728986
CAGTGATA	0.0969739785211133
CAGTGATC	0.00327584445656142
CAGTGATG	0.467718727541653
CAGTGCCA	0.53789085270266
CAGTGTAA	0.915118798258652
CAGTGTAC	0.308020327811674
CAGTGTAG	0.266526859441499
CAGTGTCC	0.287741250598705
CAGTGTCG	0.0269130131205866
CAGTGTTA	0.0918988056184035
CAGTTAAA	2.07881047040254
CAGTTAAC	0.945206040095159
CAGTTAAG	1.14663931575595
CAGTTACA	1.46363046080351
CAGTTACC	1.09184793997869
CAGTTACG	0.0317074795574388
CAGTTAGA	0.574045564798684
CAGTTAGC	1.11184462648701
CAGTTAGG	0.112215778204263
CAGTTATA	1.48355528645657
CAGTTATC	0.650323055592099
CAGTTATG	1.64410927949448
CAGTTCAA	0.974545760613086
CAGTTCGA	0.0970433130181806
CAGTTCTA	1.27693090612266
CAGTTCTC	0.164295248814868
CAGTTGAA	0.364076286217621
CAGTTGAC	1.4264741880373
CAGTTGAG	0.0734547065727488
CAGTTGTA	0.965395852651984
CAGTTGTC	0.26498914942153
CAGTTTAA	1.16518699548751
CAGTTTCG	0.264591669065875
CAGTTTGA	0.534579639231401
CAGTTTTA	1.74392849875353
CAGTTTTC	0.358037728724087
CATAAAAA	1.47712963474661
CATAAAAC	1.16412788999183
CATAAAAG	1.72940727256824
CATAAACA	1.38225365635132
CATAAACC	0.606716148240481
CATAAACG	1.4385313728653
CATAAAGA	1.11695853688201
CATAAAGC	0.207065931604696
CATAAATA	2.28087814267617
CATAAATC	1.12950415096059
CATAAATG	1.5282333696819
CATAACAA	1.96558864022464
CATAACAC	0.822957812801137
CATAACAG	1.58429606504302
CATAACCA	0.441797450364942
CATAACCG	0.686361835917724
CATAACGA	3.32712952787324
CATAACGC	0.147001484866298
CATAACGG	0.223818493487092
CATAACTA	1.67499232416169
CATAACTC	1.80899316976825
CATAAGAA	0.884580741837978
CATAAGAG	0.433717876158156
CATAAGCA	0.921380798099009
CATAAGCC	0.415346760793624
CATAAGCG	0.565619879519495
CATAAGGA	0.777259922985344
CATAAGGC	0.0766553216964594
CATAAGTA	2.68283239798371
CATAAGTC	0.442474233654126
CATAATAA	3.43558468155441
CATAATAC	2.31386676654378
CATAATAG	1.76555608982848
CATAATCA	3.63911904511214
CATAATCC	0.878651659866129
CATAATCG	3.03466258392182
CATAATGA	4.86165352945501
CATAATGC	1.78345309197218
CATAATGG	2.71506255298058
CATAATTA	9.87568968672681
CATAATTC	2.24644781039991
CATACAAA	1.5118729547323
CATACAAC	1.25852610598223
CATACAAG	1.04520013948244
CATACACA	1.01163662877275
CATACACC	0.492069452041889
CATACAGA	0.423361772513263
CATACATA	1.07080225340747
CATACATC	0.803534328896104
CATACATG	0.786657975462265
CATACCAA	1.22127046312711
CATACCAC	0.535892222665752
CATACCCA	0.449735548512936
CATACCTA	1.06175704895813
CATACGAA	0.701377666895857
CATACGAC	0.57994713753688
CATACGAG	0.639104340977624
CATACGCA	0.131703543889977
CATACGCG	0.14529085966336
CATACGGA	0.44899729050773
CATACGGC	0.0149936551673308
CATACGTA	0.53585376587993
CATACGTC	0.75220967797219
CATACTAA	0.963509785907885
CATACTAC	0.999886536818403
CATACTAG	1.08201675742495
CATACTCA	1.26383763372919
CATACTCG	0.307582987137867
CATACTGG	0.371161317415873
CATACTTA	1.03503603906019
CATACTTC	0.508016105660808
CATAGAAA	0.0175778388920185
CATAGAAG	0.493108627378495
CATAGACA	0.0663620962999184
CATAGACC	0.204539573411976
CATAGACG	0.444552022914405
CATAGAGA	0.326857977322461
CATAGATA	1.78159678011346
CATAGATC	0.649677711427092
CATAGATG	0.846695193673474
CATAGCAA	0.418398320783965
CATAGCAG	0.65105822582618
CATAGCTA	0.435848999646949
CATAGGAA	0.641628172812152
CATAGGCA	0.28039965369066
CATAGGTA	0.551021178349626
CATAGTAA	1.53696306006361
CATAGTAC	0.796981797863584
CATAGTAG	0.548870405408223
CATAGTCA	0.700848815914181
CATAGTCG	0.341979073225291
CATAGTGA	0.504917948397134
CATAGTGG	0.119259826258499
CATAGTTA	2.15405075080461
CATAGTTC	0.975730622605473
CATATAAA	1.53873151079851
CATATAAC	1.54212412914487
CATATAAG	1.25928794333057
CATATACA	1.48669611110305
CATATACC	1.79913756575198
CATATACG	0.907259297921099
CATATAGA	0.698854677180727
CATATAGC	0.345062353046274
CATATAGG	1.30928850185503
CATATATA	2.105165439069
CATATATC	1.01557101059821
CATATATG	2.07491763313402
CATATCAA	1.50126084679055
CATATCAC	1.18701080038209
CATATCAG	0.196765688546508
CATATCCA	0.885696830746228
CATATCCC	0.890002867932488
CATATCCG	0.477481137011258
CATATCGA	0.735919439639062
CATATCGC	0.211165368832083
CATATCGG	0.319859965128625
CATATCTA	1.14509234242261
CATATCTC	0.38027024223296
CATATGAA	0.87767704701667
CATATGAC	0.694718186699846
CATATGAG	0.40149726518113
CATATGCA	0.908875325045042
CATATGCC	0.143301773646292
CATATGCG	0.35242359940693
CATATGGC	0.217700776770186
CATATGTA	2.05083105341816
CATATGTC	0.647447217849385
CATATTAA	3.31273490030405
CATATTAC	1.69780197016437
CATATTAG	2.8102276590357
CATATTCG	0.302762695706156
CATATTGA	0.506743101838142
CATATTGC	0.454833739345846
CATATTGG	0.763608606137746
CATATTTA	3.50892710554081
CATATTTC	1.9108727744867
CATCAAAA	1.04209075396013
CATCAAAC	0.885181734381379
CATCAAAG	0.863186417836157
CATCAACA	0.631966536963791
CATCAACG	0.968983561992113
CATCAAGA	1.38619645937076
CATCAAGC	0.705562158182401
CATCAAGG	0.533745379614871
CATCAATA	0.531968507685991
CATCAATC	1.67356521248927
CATCAATG	1.15918184206341
CATCACAA	1.70912173910655
CATCACAC	0.788112034955409
CATCACAG	0.00237168893003305
CATCACGA	0.463654659328964
CATCACTA	0.435357763331698
CATCACTC	0.260327176436562
CATCAGAA	0.838256876603321
CATCAGAC	0.406068569977625
CATCAGAG	0.365027319723947
CATCAGCA	1.21314766012458
CATCAGCG	0.476152834014819
CATCAGGG	0.107905811127481
CATCAGTA	0.906210297858188
CATCAGTC	0.451005745270943
CATCATAA	2.50362321463782
CATCATAC	1.21029175254094
CATCATAG	0.837795675879917
CATCATCA	2.01835836803479
CATCATCC	0.198888952254257
CATCATCG	1.05935616655565
CATCATGA	1.47065205234048
CATCATGC	0.614849618088711
CATCATGG	0.820141484829185
CATCATTA	4.86121590807474
CATCATTC	0.492549460098506
CATCCAAA	0.612365646572336
CATCCAAC	0.329081733944987
CATCCACA	0.304160613906128
CATCCAGA	0.0189460022066096
CATCCATA	1.10901847378875
CATCCATC	0.144716534234215
CATCCATG	0.911076344443833
CATCCCAA	0.295485099872326
CATCCCGA	0.369395673745627
CATCCGAA	0.851740611690803
CATCCGGA	0.186556394383259
CATCCGTA	0.240215680983711
CATCCTAA	0.155768228501504
CATCCTAC	0.776964339076796
CATCCTAG	0.203383343479107
CATCCTCA	0.0754162833561631
CATCCTGA	0.575800822329693
CATCCTTA	1.43078443582055
CATCGAAC	0.66569959437886
CATCGACA	0.821297153349122
CATCGAGA	0.232559692833905
CATCGAGC	0.0221017042957834
CATCGATA	1.19431674756897
CATCGATC	0.227096022182447
CATCGATG	0.190494144686312
CATCGCAA	0.566993095550472
CATCGCTA	0.15851718692165
CATCGGAC	0.121697200501543
CATCGGTA	0.983356294456967
CATCGTAA	1.19347855806192
CATCGTAC	0.407522910177234
CATCGTCA	0.418206036854852
CATCGTCG	0.624503955568961
CATCGTGA	0.615680228521185
CATCGTGC	0.288078379064201
CATCGTGG	0.174220748741135
CATCGTTA	2.56959484824373
CATCTAAA	0.719198036174376
CATCTAAC	0.918147059612326
CATCTAAG	0.534615008246099
CATCTACA	0.998481039543853
CATCTAGA	0.856135632826739
CATCTAGC	0.225848001235244
CATCTAGG	0.375049101968004
CATCTATA	0.529559765502465
CATCTATC	0.422167366501038
CATCTCAA	0.737172232596186
CATCTCCA	0.375195350036716
CATCTCTA	0.301258109049158
CATCTCTC	0.0254550237369213
CATCTGAA	0.939740404498441
CATCTGAC	0.556139018635146
CATCTGCA	0.0279653816610871
CATCTGGA	0.423091732893108
CATCTGTA	0.976794219404608
CATCTTAA	1.27764053206835
CATCTTAC	1.16466740781921
CATCTTAG	0.690335235941942
CATCTTCA	0.80507091609021
CATCTTGA	0.399876466047267
CATCTTGC	0.397433758381372
CATCTTTA	0.880202001677061
CATCTTTC	0.627837625557488
CATGAAAA	0.777028059444545
CATGAAAC	0.31379782829196
CATGAAAG	0.634417385117196
CATGAACA	0.597850876635758
CATGAACG	0.629302351896335
CATGAAGA	0.462827136667614
CATGAAGC	0.196238521803627
CATGAATA	0.643382026810832
CATGAATC	0.276657555794308
CATGAATG	0.837362545803098
CATGACAA	1.68391485988545
CATGACAG	0.462827136667614
CATGACCA	0.229668977648501
CATGACGA	0.339662683469032
CATGACGC	0.231338619707423
CATGACTA	1.52844165387956
CATGACTC	0.42089520479777
CATGAGAA	1.02998725256527
CATGAGCA	0.43677533098428
CATGAGTA	1.26737116672141
CATGAGTC	0.177355117138904
CATGATAA	2.53094549778563
CATGATAC	0.932203155183692
CATGATAG	0.932306455163128
CATGATCA	1.52599445491021
CATGATCG	0.386681577913152
CATGATGA	1.3964559999914
CATGATGC	1.026725443432
CATGATGG	0.0347974963336017
CATGATTA	3.16709428038423
CATGATTC	0.405754740148795
CATGCAAA	0.330154594057496
CATGCAGA	0.234787660053419
CATGCATA	0.278686502129529
CATGCATC	0.283645181848908
CATGCATG	0.580413952389601
CATGCTAA	1.18057953454282
CATGCTAG	0.345336883969883
CATGCTCA	1.23131835107249
CATGCTGA	0.297452290785057
CATGCTTA	0.75503695349631
CATGCTTC	0.87210446225646
CATGGAAA	0.617970231869653
CATGGAAC	0.0726614301002345
CATGGACA	0.165435478479183
CATGGAGA	0.234277335698489
CATGGATA	1.66566107982365
CATGGCAA	0.727529965493969
CATGGCAC	0.277769434105571
CATGGGTC	0.243106957582048
CATGGTAA	0.837725499263452
CATGGTCG	0.0110261499788963
CATGGTTA	0.317347922965663
CATGTAAA	1.12403851536387
CATGTAAC	1.35949959022888
CATGTAAG	0.518047712631169
CATGTACA	1.505754395896
CATGTACG	0.290616246222021
CATGTAGA	1.44963836630636
CATGTAGC	0.0499811897783185
CATGTAGG	0.239530195794087
CATGTATA	1.51916683154115
CATGTATC	0.331744515480115
CATGTCAA	0.976800675653322
CATGTCAC	0.0817035467784472
CATGTCCG	0.298223110740303
CATGTCGA	0.762058264326812
CATGTCGC	0.203728331725646
CATGTCTA	0.366277867029344
CATGTGAA	0.274624679568566
CATGTGAC	0.259248702194737
CATGTGGA	0.833229423799808
CATGTGTA	0.230339304688969
CATGTGTC	0.526002653167115
CATGTTAA	1.94340665387962
CATGTTAC	0.801571909993292
CATGTTAG	1.72937134214061
CATGTTCA	0.17630499425013
CATGTTCC	0.146912220210155
CATGTTCG	0.274624679568566
CATGTTGA	0.322519378186163
CATGTTGC	0.18795431258323
CATGTTTA	2.0098299441891
CATGTTTC	0.822054499394007
CATTAAAA	1.75154743364984
CATTAAAC	2.00068256258619
CATTAAAG	2.22359830407908
CATTAACA	4.32881314748607
CATTAACC	2.37131194124926
CATTAACG	4.90701737857643
CATTAAGA	4.46998042916598
CATTAAGC	4.37205317148681
CATTAAGG	3.92964602667802
CATTAATA	3.40749635046127
CATTAATC	4.16361318173174
CATTAATG	5.68233790058917
CATTACAA	2.36099261015139
CATTACAC	1.96794432888612
CATTACAG	2.61686862415885
CATTACCA	2.0914335594657
CATTACCC	1.77764667872591
CATTACCG	1.97168558466307
CATTACGA	2.41949520611376
CATTACGC	1.7768039979154
CATTACGG	2.8515055448401
CATTACTA	3.85061957746446
CATTACTC	2.11847373261532
CATTAGAA	3.35052192049904
CATTAGAC	1.69305550453318
CATTAGAG	2.55307583414093
CATTAGCA	4.74330992910107
CATTAGCC	2.87196174783302
CATTAGCG	5.3702790488532
CATTAGGA	4.02380760711771
CATTAGGC	3.89638708248379
CATTAGGG	3.18965269409997
CATTAGTA	5.50784093668563
CATTAGTC	4.133005790814
CATTATAA	2.66126684303772
CATTATAC	2.60977910165714
CATTATAG	2.52446903820535
CATTATCA	3.74147809647427
CATTATCC	3.35045455094723
CATTATCG	3.1245094252748
CATTATGA	3.54690949743604
CATTATGC	2.44788220888656
CATTATGG	2.32826588541642
CATTATTA	4.27629352913699
CATTATTC	2.87873379132184
CATTCAAA	0.763860119131154
CATTCAAC	0.917950003673294
CATTCAAG	0.399411616139806
CATTCACA	0.944678873352278
CATTCACC	1.13946473919509
CATTCAGA	0.934908323395164
CATTCATA	1.92154130442809
CATTCATC	1.1322879169825
CATTCCAA	0.0694759731256796
CATTCCAC	0.0182391833255795
CATTCCGA	0.223392381071919
CATTCCTA	0.526870597559547
CATTCGAA	1.35905944249042
CATTCGTA	0.227236936828308
CATTCGTC	0.224316466757524
CATTCTAA	1.64483378288286
CATTCTAC	1.30864063133183
CATTCTAG	0.297452290785057
CATTCTCA	0.768048821014685
CATTCTCG	0.613465454505567
CATTCTGA	0.700953800132412
CATTCTGC	0.233026226980161
CATTCTTA	0.810080122973443
CATTCTTC	0.727580492657823
CATTGAAA	0.367174162774828
CATTGAAC	1.6492139265761
CATTGAAG	0.56164900585347
CATTGACA	0.945975737224541
CATTGACG	0.248493153248928
CATTGAGA	0.719743448837538
CATTGAGG	0.374390283892636
CATTGATA	2.65966990395345
CATTGATC	0.824863528997846
CATTGCAA	0.401240699471335
CATTGCAC	0.706105886606767
CATTGCAG	0.543003359565329
CATTGCCA	0.160157635508123
CATTGCGA	0.896874000803756
CATTGCTA	0.766569497939614
CATTGGAA	0.392850383206845
CATTGGGA	0.223198693610478
CATTGGTA	0.100433405006346
CATTGGTC	0.442738659144964
CATTGTAA	1.37104364363729
CATTGTAC	1.22147341390193
CATTGTAG	0.442342863028104
CATTGTCA	1.21350303451036
CATTGTCC	0.0234645341875226
CATTGTGA	0.614435295345106
CATTGTGC	1.45571453846632
CATTGTGG	0.846944741721622
CATTGTTA	0.485329689796642
CATTGTTC	0.380201469148825
CATTTAAA	1.99383613188391
CATTTAAC	1.79462577072625
CATTTAAG	2.10860072479816
CATTTACA	2.13353251168273
CATTTACC	0.704102484559939
CATTTACG	1.39352009106499
CATTTAGA	1.50139558589416
CATTTAGC	1.8303543704071
CATTTAGG	0.44964516103093
CATTTATA	1.80341862006278
CATTTATC	1.40496280943922
CATTTCAA	1.32892841044524
CATTTCAC	0.631501406349865
CATTTCAG	0.331424790815503
CATTTCCA	1.43592782039446
CATTTCGA	0.220357102056599
CATTTCGC	0.678152013910779
CATTTCGG	0.266298083671825
CATTTCTA	1.13892213359659
CATTTCTC	0.759794085973203
CATTTGAA	1.11890214845161
CATTTGAC	1.39159388329627
CATTTGAG	1.41066283493493
CATTTGCA	1.69843327900608
CATTTGCC	0.313408769130281
CATTTGCG	0.658324593401377
CATTTGGA	1.08691676949297
CATTTGGC	0.85974832504233
CATTTGGG	1.44696772499019
CATTTGTA	2.52498273103787
CATTTGTC	0.684599841431534
CATTTTAA	1.38380455957519
CATTTTAC	2.40966290073415
CATTTTAG	1.29936552828695
CATTTTCA	0.318917352816275
CATTTTCC	0.325103000497918
CATTTTCG	0.940522733418787
CATTTTGA	1.50734740508974
CATTTTGG	0.624295671371294
CATTTTTA	1.63445381918837
CATTTTTC	0.529269795723234
CCAAAAAA	0.619380781860589
CCAAAAAC	0.43937355003226
CCAAAACA	1.55951950883408
CCAAAATA	1.39438017567638
CCAAAATC	0.344810278639934
CCAAACAC	0.0295555837901728
CCAAACAG	0.153194150209588
CCAAACCA	0.827871298779513
CCAAACGA	0.803078742302017
CCAAACTA	1.39164721752479
CCAAAGAG	0.278157089734921
CCAAAGTA	0.872138147032363
CCAAAGTC	0.424734707837774
CCAAATAA	0.672059560775801
CCAAATAC	0.69216375786054
CCAAATCA	0.809956331421999
CCAAATCG	0.889545877806071
CCAAATGA	1.48688081595758
CCAAATGC	1.14129691029774
CCAAATGG	1.09893774318686
CCAAATTA	2.59356830325385
CCAACAAA	1.2486808881052
CCAACAAG	0.0107836195923948
CCAACACA	1.1995266595753
CCAACACG	0.196238521803627
CCAACATA	1.69214292781268
CCAACCAA	0.840842183153872
CCAACCTA	0.565402332008455
CCAACGAA	0.585686742644275
CCAACGAC	0.512534637641721
CCAACGTA	0.282469021756964
CCAACTAA	0.557270265692554
CCAACTCA	0.620805367174818
CCAACTGA	0.104960919594167
CCAACTTA	0.749822550186536
CCAAGAAA	0.294608453579452
CCAAGAGA	0.406177484086378
CCAAGATA	0.0895015723999781
CCAAGCAA	0.957112766257451
CCAAGCTA	0.296405255667408
CCAAGTAA	0.743798589429226
CCAAGTAC	0.162367918220288
CCAAGTAG	0.295553592249995
CCAAGTGA	0.106852319761117
CCAAGTTA	0.86332508683029
CCAAGTTC	0.146755586002207
CCAATAAA	1.34472713175665
CCAATAAC	0.856112053483607
CCAATAAG	1.5717524159097
CCAATACA	0.943520397767682
CCAATACC	0.364965564301459
CCAATACG	0.180141690225475
CCAATAGA	0.376470599511108
CCAATAGC	0.547998531125269
CCAATATA	1.61414582920942
CCAATATC	0.939166921188693
CCAATCAA	0.298390131087489
CCAATCAC	0.353877097487142
CCAATCAG	1.78021458147557
CCAATCCA	0.433978091052007
CCAATCGA	0.461952174613536
CCAATCGC	0.0516477440661162
CCAATCTA	0.290094132195525
CCAATCTC	0.920892649554882
CCAATGAA	0.377581074290041
CCAATGAC	0.128841741470557
CCAATGTA	0.761705977712162
CCAATGTC	0.306566829731461
CCAATTAA	3.36171340658632
CCAATTAC	2.87335910462006
CCAATTAG	5.45255074551854
CCAATTCA	0.157380325734926
CCAATTCC	0.789320756997392
CCAATTGC	1.50559607744926
CCAATTGG	0.0444217982220036
CCAATTTA	1.33034597809782
CCAATTTC	1.63696726488366
CCACAAAA	0.637271608462038
CCACAAAC	0.0433553943582099
CCACAACA	0.819062729880894
CCACAATA	0.578175318324384
CCACAATC	0.408544681712957
CCACACCA	0.0415900313944295
CCACACTA	1.1021989909072
CCACACTC	0.630016469145477
CCACAGAA	0.477062884377129
CCACAGCA	0.27844790163355
CCACATAA	1.22101417812378
CCACATAC	0.610913832730919
CCACATAG	0.428006622403813
CCACATCA	0.94189145814631
CCACATCC	0.0467634515601897
CCACATTA	2.76933518320893
CCACATTC	0.306580865054755
CCACCAAA	0.614090868511498
CCACCTAA	0.324265372403799
CCACCTTA	0.285348789390199
CCACGATA	0.282495127458288
CCACGTCA	0.272619312576478
CCACGTTA	0.89961425732346
CCACTAAC	1.04518582345268
CCACTAAG	0.75492860080049
CCACTACG	0.259938678687816
CCACTAGA	0.373250334934787
CCACTATA	0.652551584224545
CCACTATC	0.397350107854546
CCACTCAA	0.262638513476437
CCACTCTA	0.262762866440811
CCACTGAC	0.195195416576499
CCACTGTA	0.583567408827048
CCACTTAA	1.84477791074228
CCACTTAC	0.78429863761673
CCACTTAG	0.362597805261948
CCACTTCA	0.00797515140148741
CCACTTCG	0.136812962981522
CCACTTGA	0.681692845271111
CCACTTGC	0.0119406916446607
CCACTTTA	0.392745118282148
CCACTTTC	0.0524140727179079
CCAGAAAA	0.322192635859904
CCAGAAAC	0.362522856635564
CCAGAAAG	0.0927776975630046
CCAGAACA	0.469697146713019
CCAGAATA	0.194792322091528
CCAGAATC	0.256473638073266
CCAGACAA	0.22362480602565
CCAGACTA	0.289867882784044
CCAGAGAA	0.417230862592462
CCAGAGTA	0.0180140567399613
CCAGATAA	1.07369268788641
CCAGATCA	0.397494952390928
CCAGATGA	0.635583439776369
CCAGATTA	0.457601785805671
CCAGCAAG	0.649677711427092
CCAGCATA	0.255474323054812
CCAGCATC	0.223266624575215
CCAGCGCA	0.270713877086234
CCAGGATC	0.250255989854515
CCAGGTAA	0.159434535652074
CCAGGTTA	0.101985150349608
CCAGTAAA	0.0896792595928655
CCAGTACA	0.844227503132117
CCAGTAGA	0.103002991994809
CCAGTAGC	0.204893824971888
CCAGTATA	0.438043562797026
CCAGTCAA	0.510742046150753
CCAGTCCA	0.0281121911427316
CCAGTCTA	0.047208932721506
CCAGTTAA	1.4016274552119
CCAGTTAC	0.31714890208137
CCAGTTAG	0.655634302632595
CCATAAAA	0.770921009573342
CCATAAAC	0.92858653307758
CCATAAAG	0.209485621340391
CCATAACA	1.39333482479752
CCATAACC	0.236381792073025
CCATAACG	0.865386314409084
CCATAAGC	0.350138929481313
CCATAAGG	0.131112376072881
CCATAATA	1.92448900302606
CCATAATC	2.3495709447621
CCATACAA	0.871374064032298
CCATACAC	0.408342573057539
CCATACGA	0.253091405866145
CCATACTA	1.08201675742495
CCATAGAA	0.446646935269103
CCATAGAC	0.141978242659772
CCATAGTA	0.251384429847263
CCATAGTC	0.648700291512974
CCATATAA	2.03091717531727
CCATATAC	0.698965275528275
CCATATAG	0.299215127390645
CCATATCA	0.821968603215454
CCATATCC	0.127517929777571
CCATATCG	0.808857927021098
CCATATGA	0.908619601454645
CCATATGC	0.465616516818844
CCATATTA	2.30925251365801
CCATATTC	1.424104744759
CCATCAAA	1.02742271829319
CCATCAAC	0.122439669103737
CCATCAAG	0.0850271113342039
CCATCAGA	0.845544858576389
CCATCATA	0.682810899124622
CCATCATC	0.479978301731529
CCATCCAA	0.00408147201357288
CCATCGAA	0.0609517598769742
CCATCGTC	0.211533094302358
CCATCTAA	0.819991868282883
CCATCTGA	0.511616166085434
CCATCTTA	0.690335235941942
CCATGAAA	0.460760575665969
CCATGAAG	0.0309428351444419
CCATGACA	0.166568409775385
CCATGATA	0.965341395597608
CCATGATC	0.389594749615825
CCATGCTA	0.16439405749085
CCATGTAA	1.14991431809311
CCATGTAC	1.31652904443537
CCATGTAG	0.218682687987757
CCATGTGC	0.491708463526796
CCATGTTA	1.38210544333735
CCATTAAA	2.28341572912752
CCATTAAC	4.84450011873937
CCATTAAG	4.55442310963826
CCATTACA	1.67743278617586
CCATTACC	1.95606342771868
CCATTACG	2.87330240191396
CCATTAGA	2.58257583805086
CCATTAGC	5.67358743792898
CCATTAGG	4.78182734752022
CCATTATA	2.5816472610618
CCATTATC	3.11893740192752
CCATTCAA	0.405538876876551
CCATTCAC	0.165537374926289
CCATTCAG	0.664751648643658
CCATTCCA	0.375952976788066
CCATTCTA	1.15948163656895
CCATTCTC	0.541783409264711
CCATTGAA	0.737591608056177
CCATTGAC	0.103257873465807
CCATTGAG	0.684110008648612
CCATTGCC	0.136548537490684
CCATTGTA	0.640944091154857
CCATTGTC	0.257375828654533
CCATTTAA	2.15570439259497
CCATTTAC	0.916057199974015
CCATTTAG	1.383592345487
CCATTTCA	1.5202040419325
CCATTTCG	0.627391863689706
CCATTTGA	0.264044852870384
CCATTTGC	0.641141147093888
CCATTTTA	1.34995893886731
CCCAAAAA	0.93345229895676
CCCAAATA	0.098192525289402
CCCAAATC	0.561332088253516
CCCAACAA	0.394036087318628
CCCAAGTA	0.413761049967993
CCCAATAA	0.763520464307466
CCCAATAC	0.0611401139155648
CCCAATCA	0.421600620146471
CCCAATTA	2.97417258618118
CCCACAAA	0.49095055606898
CCCACATA	0.129334942731069
CCCACTAA	1.4254703817154
CCCACTTA	0.325049104856473
CCCAGATA	0.330693550471943
CCCAGTAG	0.327286896802292
CCCATAAA	0.0435774331727032
CCCATAAC	0.613527209928055
CCCATAAG	0.420141788643407
CCCATAGA	0.222179167726482
CCCATATA	0.224566856925069
CCCATATC	0.497291153719777
CCCATCAA	0.924933419130906
CCCATCAC	0.176722685471326
CCCATGAA	0.223790422840506
CCCATTAA	3.45370624887079
CCCATTAC	2.76362308733519
CCCATTAG	5.61822735085189
CCCATTTA	1.10086619660731
CCCATTTC	0.459014300741868
CCCCAATA	0.0329103067636396
CCCCATCA	0.0489942258443624
CCCCATTA	3.35769312858231
CCCGAAAA	0.187172825782282
CCCGATAA	1.13690104704241
CCCGATAC	0.506558396983607
CCCGATCA	0.491645023865512
CCCGATTA	1.20967026842553
CCCGCGTA	0.0153018708668426
CCCGTAAA	0.395049999073307
CCCGTTAA	0.722995433244501
CCCTAATA	0.643342447199146
CCCTAATC	1.77066494750709
CCCTAGAA	0.26923679966289
CCCTAGTA	0.223009216746023
CCCTATAA	1.11230245873282
CCCTATAC	0.43255069867312
CCCTATCA	0.271549259528628
CCCTATTA	1.56442990704133
CCCTTAAA	0.848841194604957
CCCTTAAC	0.214393493189449
CCCTTACA	0.10005838116796
CCCTTATC	0.00796981797863618
CCCTTGTA	0.339016216478162
CCGAAAAA	0.138425060214944
CCGAAAAC	0.796981797863584
CCGAAAAG	0.959125150911186
CCGAAACG	0.291846582661876
CCGAAATA	0.448800234568698
CCGAACCA	0.157559416460143
CCGAACTA	0.144372107400607
CCGAAGAC	0.289487525522807
CCGAAGCA	0.160292655318201
CCGAATAA	0.315660596399392
CCGAATAG	0.315798423274128
CCGAATCA	0.366941457114632
CCGAATGA	0.498195028539839
CCGAATGC	0.267229748432007
CCGAATTA	1.28820379708505
CCGACATA	0.437190495847283
CCGACGAA	0.507051317537655
CCGACGTA	1.06732261605669
CCGACTAA	0.603528445614199
CCGAGAAA	0.480859158621391
CCGAGATA	0.864526510504162
CCGAGCAA	0.0906036259849357
CCGAGGCA	0.278191616630221
CCGAGTAA	0.760927297975872
CCGAGTTA	2.09535671303253
CCGATAAA	0.963996530919683
CCGATAAC	0.864993606063349
CCGATAAG	0.119128455632478
CCGATACA	0.0532107176680128
CCGATAGA	0.703987114202472
CCGATATA	0.770577424859132
CCGATCAA	0.344486343378334
CCGATCAG	0.832141966951074
CCGATCCA	0.29417756915436
CCGATCTA	0.985868617326394
CCGATGAA	0.0886139785549356
CCGATGCA	0.138534816443094
CCGATGTA	0.743433109610679
CCGATTAA	2.92406704343849
CCGATTAC	1.20967026842553
CCGATTAG	2.37919361739761
CCGATTGA	1.37281686638211
CCGATTTA	0.755059971426511
CCGCAATA	0.48571818754539
CCGCAATC	0.125249540826974
CCGCAGTA	0.0985599700532103
CCGCATAC	0.209944295705602
CCGCATTA	1.08503435193293
CCGCGATA	0.304413530431866
CCGCGTAA	0.419426267861936
CCGCTAAA	0.505786454202499
CCGCTAAC	0.0743731781290355
CCGCTATA	0.174249380800653
CCGCTGCA	0.0208169108015516
CCGCTTAA	0.0730403838291426
CCGCTTGA	0.582424652804541
CCGCTTTC	0.165828186824918
CCGGAATA	0.226321833749612
CCGGATAA	0.818774725046924
CCGGATTA	0.49987702168326
CCGGTAAC	0.175324767271354
CCGGTTAA	0.830266286346212
CCGTAAAA	0.553388656682671
CCGTAAAC	0.420732395047573
CCGTAACA	0.479449170043386
CCGTAAGC	0.657891463324558
CCGTAATA	2.13523022438824
CCGTAATC	1.76738292750828
CCGTACAA	0.503177006895884
CCGTACTA	1.2719211378265
CCGTAGAA	0.65885905851237
CCGTATAA	0.460935736500664
CCGTATAC	0.716949015969924
CCGTATGA	0.0473035308005006
CCGTATTA	0.842611195301708
CCGTATTC	0.194792322091528
CCGTCAAA	0.0677114522812972
CCGTCATA	0.261235542560078
CCGTCGAA	0.385732790058554
CCGTCTAA	0.090823138441237
CCGTGAAA	0.514790956214286
CCGTGACA	0.0667609801879024
CCGTGCAA	0.346212688143359
CCGTGTAA	1.10856906273691
CCGTGTTA	0.849851176469114
CCGTTAAA	0.858110122107583
CCGTTAAC	0.955235120707328
CCGTTAAG	0.769431019652569
CCGTTACA	0.205371587376777
CCGTTATA	0.820935042008166
CCGTTATC	1.2199328968173
CCGTTCAA	0.489219158587569
CCGTTCCA	0.700350000524351
CCGTTGAA	0.164368232495991
CCGTTTAA	0.817571055721326
CCGTTTAC	0.258919152803819
CCGTTTAG	0.369221916443261
CCGTTTGA	0.236597936051736
CCGTTTTA	0.393289688825912
CCTAAAAC	0.349838292856379
CCTAAACG	0.839774375757749
CCTAAAGA	0.855850435057428
CCTAAATA	2.09949292280694
CCTAAATC	0.417469463088441
CCTAACAA	1.25870631953331
CCTAACCA	0.0891052148701867
CCTAACGA	2.3931287284822
CCTAACTA	0.662441434429648
CCTAAGAA	0.601655572073995
CCTAAGCA	0.084583875824614
CCTAAGGA	0.152720036988754
CCTAAGTA	0.782445413529136
CCTAATAA	1.9265103702867
CCTAATAC	0.880696325763437
CCTAATAG	2.6918377421149
CCTAATCA	4.15115851654809
CCTAATCC	0.774565983032506
CCTAATCG	2.94155954756489
CCTAATGA	6.34743706383756
CCTAATGC	1.19311055188518
CCTAATTA	15.0059349523862
CCTAATTC	1.21367398474806
CCTACAAA	0.232532745013183
CCTACAAC	0.0410735314972512
CCTACATA	0.483243479342387
CCTACCTA	0.375508899159079
CCTACGAA	0.380736776379216
CCTACTAA	0.575488115326728
CCTACTAC	0.0262264051050984
CCTACTCA	0.596912474920396
CCTACTTA	0.910308892966178
CCTACTTC	0.390766979817248
CCTAGAAA	0.429329311270935
CCTAGATC	1.25911278249587
CCTAGTAA	1.19689672069667
CCTAGTTA	0.546149236928198
CCTAGTTC	0.0781655224827753
CCTATAAA	0.93768844023302
CCTATAAC	1.89024281419141
CCTATAAG	1.03573836663777
CCTATACA	0.605093664867823
CCTATACC	0.366739909872146
CCTATAGA	0.172460999906673
CCTATATA	0.260164366686365
CCTATCAA	0.779836246928988
CCTATCAG	0.486862908513158
CCTATCGA	0.268126886296889
CCTATCGC	0.0375776131714575
CCTATCTA	0.271179569113093
CCTATCTC	0.368811242883711
CCTATGAA	0.172754057457028
CCTATGAC	0.615411311726893
CCTATGTA	0.495882849380568
CCTATGTC	0.329628269434012
CCTATTAA	1.7813974785227
CCTATTAC	2.25499026956889
CCTATTAG	2.91506703273015
CCTATTCA	0.443634674183982
CCTATTTA	0.828362254388299
CCTATTTC	0.272962335877756
CCTCAAGA	0.153052954857262
CCTCACAA	0.27794234928854
CCTCACTA	0.104302101518799
CCTCATAA	0.537518074516001
CCTCATCA	0.92560879888776
CCTCATTA	8.02976537077797
CCTCCATA	0.497487928952343
CCTCCTTA	0.362492540337251
CCTCGAAG	0.0956552195445136
CCTCGCAA	0.379477527173377
CCTCGTAA	1.24167417401092
CCTCGTCA	0.794667653759052
CCTCGTTA	2.51203767165837
CCTCGTTC	0.309318875922731
CCTCTAAA	0.447572985899968
CCTCTACA	0.429909531535863
CCTCTATA	0.329127489098922
CCTCTGAG	0.202767192786549
CCTCTGTA	0.0607022118288267
CCTCTTAA	0.0631494107981757
CCTCTTAG	0.0719282248114134
CCTCTTCA	0.039261851966605
CCTCTTTA	0.468094312792971
CCTGAAAC	0.0674380441835514
CCTGAAGA	0.225814316459341
CCTGAATA	0.702388771585877
CCTGACAA	0.0153613806376048
CCTGAGAA	0.44899729050773
CCTGAGTA	0.484135283784418
CCTGATAA	1.00617857225061
CCTGATAG	0.873386167979567
CCTGATCA	1.12064982690804
CCTGATCG	0.157090355955695
CCTGATGA	1.5025857813094
CCTGATTA	2.61413847307191
CCTGATTC	0.442370091555293
CCTGCATA	0.800195886897657
CCTGCATC	0.517687566235474
CCTGCCAA	0.652624287199201
CCTGGATA	0.417728555156428
CCTGGTAA	0.0440658624232958
CCTGTAAA	0.395583341358437
CCTGTAAC	0.0980507685241443
CCTGTAGA	0.156832106007106
CCTGTATA	0.962626121953365
CCTGTCTA	0.637624737196088
CCTGTGTA	0.0906036259849357
CCTGTTAA	0.334122379952396
CCTGTTAC	0.286776181769086
CCTTAAAA	0.472108695961204
CCTTAAAC	0.176970268574213
CCTTAAAG	0.244621088258885
CCTTAACC	0.463295916465597
CCTTAACG	0.570035672933905
CCTTAAGA	0.0814363142229506
CCTTAATA	1.86535481751552
CCTTAATC	2.05520333733036
CCTTACAA	0.676082645844475
CCTTACAC	0.494369560823129
CCTTACAG	1.83379976156904
CCTTACGA	0.123725866130298
CCTTACTA	0.377454194967474
CCTTAGAA	0.119193579532557
CCTTAGTA	0.550813455564891
CCTTAGTC	0.104179152086753
CCTTATAA	0.59364645519014
CCTTATCA	1.17240143236652
CCTTATGA	0.58550203778974
CCTTATGC	0.630001591702786
CCTTATTA	2.66348498553093
CCTTATTC	0.470596530229628
CCTTCAAC	0.118514831298112
CCTTCACG	0.170997957806622
CCTTCATA	0.630791780404176
CCTTCATC	0.19613325687893
CCTTCGTA	0.0314685983549931
CCTTCTAA	0.210445637453624
CCTTCTAG	0.0866305066671836
CCTTCTTA	0.392049808366218
CCTTGAAA	0.387215200904749
CCTTGACA	0.687181218091563
CCTTGATA	0.414971175542306
CCTTGATC	0.251374885827424
CCTTGCTA	0.283081803971931
CCTTGTAA	0.117763660795477
CCTTGTAC	0.310818409863344
CCTTGTTA	0.445922993293655
CCTTTAAA	0.105001060618785
CCTTTAAC	0.394867539870499
CCTTTACA	0.845225695324708
CCTTTAGC	0.00119917802214494
CCTTTATA	1.25980079404369
CCTTTATC	0.0397320352969169
CCTTTCCA	0.125457825024641
CCTTTGAA	0.101143030952034
CCTTTGTA	0.638740264691407
CCTTTTAA	0.786782328426639
CCTTTTAC	0.228545590372138
CCTTTTCA	0.278789240696033
CCTTTTCG	0.873369044885149
CCTTTTGA	0.287833041613041
CCTTTTGC	0.0503104584627694
CCTTTTTA	0.0803758051949397
CGAAAAAA	0.160905718239635
CGAAAAAC	0.00453705860766004
CGAAAAAG	0.263323717959595
CGAAAACA	1.69924199433422
CGAAAACC	0.440481779159467
CGAAAAGA	1.16681537369595
CGAAAAGC	0.705400751964532
CGAAAATA	1.17453031020359
CGAAAATC	1.03537737812267
CGAAACAA	1.03041841769683
CGAAACAC	0.752499367044955
CGAAACGA	0.700949028122492
CGAAACTA	1.17767422262119
CGAAACTC	0.232995068562451
CGAAAGAC	0.20266950693643
CGAAAGTA	1.1876314423781
CGAAATAA	1.85089366251392
CGAAATAC	0.188129473417926
CGAAATAG	0.690271515574192
CGAAATCA	1.55883093587333
CGAAATCG	0.0477695035338244
CGAAATGA	0.493108627378495
CGAAATGC	0.194595546858961
CGAAATTA	2.2798838803741
CGAAATTC	1.24478777013021
CGAACAAA	0.67649640717515
CGAACAAC	0.0133801544015803
CGAACAAG	0.426639862621551
CGAACAGA	1.3837888400131
CGAACATA	0.991119512476731
CGAACATC	0.271768210571997
CGAACGAG	0.778931529989527
CGAACGCA	0.392418656662355
CGAACGCG	0.0871543049324743
CGAACGTA	0.380736776379216
CGAACTAA	0.692423130634992
CGAACTAC	0.996779116241357
CGAACTAG	0.237458020663124
CGAACTCA	0.00808603045550087
CGAACTGA	0.455804141598317
CGAACTTA	0.165862152307287
CGAAGAAA	0.711985564240625
CGAAGACC	0.0542515772434135
CGAAGAGA	0.572393607247111
CGAAGATA	1.43186234864945
CGAAGCAA	0.0850271113342039
CGAAGCTA	0.27864439615965
CGAAGTAA	0.598107442345552
CGAAGTAC	0.436711891322996
CGAAGTCA	0.844083781421599
CGAAGTTA	0.559583848384154
CGAAGTTC	0.127000868467461
CGAATAAA	0.797413524408074
CGAATAAC	0.108351572995264
CGAATAAG	1.11587079932681
CGAATACA	1.52634140810202
CGAATACG	0.923986315515101
CGAATAGA	1.37576989840294
CGAATAGC	0.102977447706415
CGAATATA	1.66369501173678
CGAATATC	1.16894762001061
CGAATCAA	0.899962333341124
CGAATCAC	0.75984040254007
CGAATCCA	0.440811889963316
CGAATCTA	1.27651096924974
CGAATGAA	1.23277830540142
CGAATGAC	0.574432939721568
CGAATGAG	0.343299235734221
CGAATGGA	0.246122306438293
CGAATGTA	0.6716550627585
CGAATTAA	2.74205697097626
CGAATTAC	2.25979877132904
CGAATTAG	1.47649467672084
CGAATTCA	0.206942701466184
CGAATTCG	0.579193440676051
CGAATTTA	0.424784673588696
CGAATTTC	0.149416402592073
CGACAAAA	0.750853865742097
CGACAACA	0.891984094168513
CGACAATA	0.828304990269264
CGACAATC	0.89579552656193
CGACACAC	0.0883383248054629
CGACACGA	0.353659269269636
CGACACTA	0.846944741721622
CGACACTC	0.422989275033069
CGACAGTA	0.601406304732313
CGACATAA	1.4705392083412
CGACATAC	0.00106556174439632
CGACATCA	0.375794096928391
CGACATCG	0.196857760267309
CGACATGA	1.20630656284516
CGACATTA	2.08455147904226
CGACATTC	0.804817157445075
CGACCAAA	0.294175323502633
CGACCAAG	0.154259431247518
CGACCAGA	0.605177315394648
CGACCATA	0.343039862959769
CGACCATC	0.147207804118704
CGACCTAA	0.561518477346846
CGACCTAG	1.0064006110651
CGACCTTA	0.870257975124047
CGACGAAA	0.531974963934706
CGACGAAC	0.238966537210645
CGACGAGA	0.112046231498884
CGACGATA	0.0904399741153408
CGACGCAA	0.788635271807767
CGACGCTA	0.287833041613041
CGACGTAA	0.486169002129557
CGACGTCA	0.690339727245395
CGACGTGA	0.0938777862027017
CGACGTTA	0.218059238927087
CGACTAAA	0.201162113214774
CGACTAAC	0.530582098451119
CGACTATA	0.215754358135928
CGACTCAA	1.05996108898957
CGACTCTA	0.371465322518397
CGACTGAA	0.26125238494803
CGACTGTA	0.845519594994462
CGACTTAA	1.55972105607657
CGACTTAC	0.526594101690677
CGACTTCA	0.834510006697051
CGACTTCC	0.0976622707753969
CGACTTGA	0.367338095350889
CGACTTTA	0.50597340470876
CGACTTTC	0.00121433617130128
CGAGAAAA	0.514418739440559
CGAGAACA	0.622216759285151
CGAGAATA	1.06808782188262
CGAGACAA	0.258809677282135
CGAGACGA	0.657081625170558
CGAGACTA	0.174351277247759
CGAGAGTA	0.000917348730423563
CGAGATAA	1.64046430603532
CGAGATCC	0.0776855144261576
CGAGATTA	2.4867639842984
CGAGATTC	0.763674852863688
CGAGCAAA	1.23478114603531
CGAGCTAA	0.481373974279773
CGAGCTTA	0.214154331280538
CGAGGATA	0.00268692229119142
CGAGGCAA	0.351576988705903
CGAGGTAA	0.921122828856886
CGAGGTAG	0.529841594794187
CGAGTAAA	1.52626056463985
CGAGTAAC	1.1962059020842
CGAGTAAG	0.12210197922531
CGAGTACA	0.68597109251725
CGAGTACG	0.239596442520029
CGAGTAGA	0.289948726246211
CGAGTATA	1.54922768696987
CGAGTCAA	0.254939577237353
CGAGTCTA	0.829592590828154
CGAGTGAA	0.0477695035338244
CGAGTGAG	0.092913840198946
CGAGTTAA	0.968985246230909
CGAGTTAG	0.301078456911009
CGAGTTCA	0.385512716189321
CGAGTTGA	0.492793394017336
CGAGTTTA	0.812377143983558
CGAGTTTC	0.0387672471737632
CGATAAAA	0.489516146028447
CGATAAAC	0.670225986140818
CGATAAAG	0.92996424041201
CGATAACA	1.11933050651851
CGATAACG	2.04236522711435
CGATAAGA	1.38708461462873
CGATAAGC	0.541411753903915
CGATAATA	2.22985132131253
CGATAATC	2.34448791207835
CGATACAA	0.163033192544371
CGATACAC	0.786935313450532
CGATACAG	0.357990008624891
CGATACGA	0.0500766299767098
CGATACTA	0.895873843665905
CGATACTC	0.0304661955654155
CGATAGAA	0.504096039865103
CGATAGAC	0.203000740566142
CGATAGGA	0.459514519664026
CGATAGTA	0.648469550798039
CGATAGTC	0.435848999646949
CGATATAA	1.51663289427385
CGATATAC	0.761313550072892
CGATATAG	0.421847922542891
CGATATCA	1.00411818679121
CGATATCC	0.252801997499845
CGATATCG	0.421847922542891
CGATATGA	0.211165368832083
CGATATGC	0.545135325173519
CGATATTA	1.21063926714568
CGATATTC	1.11873821587555
CGATCAAA	0.736304288203753
CGATCAAC	0.255436989094853
CGATCAAG	0.339405556346307
CGATCAGA	0.106046972910571
CGATCATA	2.16160596533317
CGATCATC	0.272494117492705
CGATCCAC	0.194644670490486
CGATCCTA	0.579949663895072
CGATCGAA	1.04215138655676
CGATCGGA	0.361522980204178
CGATCGTA	1.29197873763791
CGATCTAC	0.722216753508211
CGATCTAG	1.07585525049937
CGATCTGA	0.499149430523755
CGATCTGC	0.0363290308113219
CGATCTTA	0.013141553905601
CGATGAAA	0.594761421272527
CGATGACA	0.584038995689689
CGATGAGA	0.26763003585232
CGATGAGC	0.0530156266742415
CGATGATA	0.9243801466867
CGATGCAA	0.573819034680737
CGATGCAG	0.52487730094549
CGATGGCC	0.330184348942877
CGATGTAA	1.1810845254749
CGATGTAC	0.554386568168796
CGATGTCA	0.868922935172427
CGATGTTA	1.08826921324547
CGATGTTC	0.472012413643414
CGATTAAA	2.7265176224393
CGATTAAC	2.4067553431608
CGATTAAG	3.3581593820221
CGATTACA	0.464172001345539
CGATTACC	2.05804380605837
CGATTACG	1.73474237965833
CGATTAGA	2.32834167616221
CGATTAGC	3.09722194972876
CGATTATA	1.30661729912593
CGATTATC	2.5481208036056
CGATTCAA	0.83489429384881
CGATTCGA	0.1966991611141
CGATTCTA	0.727841830377537
CGATTGAA	1.33812996839606
CGATTGAC	0.638387135957357
CGATTGAG	0.173034763922886
CGATTGCA	0.847512330195586
CGATTGTA	1.4235736481256
CGATTGTC	0.376581478565122
CGATTTAA	1.71505306673013
CGATTTAC	1.04841535134237
CGATTTAG	0.37230547697071
CGATTTCC	0.525769386093987
CGATTTGA	0.451090237917166
CGATTTGC	0.352067663608222
CGATTTTA	0.862343456319185
CGCAAAAA	1.06614336819362
CGCAAAAC	0.28236487965813
CGCAAACC	0.236897730557272
CGCAAATA	1.41790000903768
CGCAAATC	0.671424041337099
CGCAACAA	0.346692696199977
CGCAACAC	0.439411164698685
CGCAACTA	0.473058325935201
CGCAACTC	0.0530970315493402
CGCAAGAC	0.435879035238795
CGCAATAA	0.874215374879711
CGCAATAC	0.0795095450413022
CGCAATAG	0.40520820465977
CGCAATCA	1.93222948382209
CGCAATGA	1.23860801728435
CGCAATTA	3.20981499742314
CGCAATTC	0.405414804618642
CGCACAAA	0.0796734776173629
CGCACAAC	0.0210527042328723
CGCACATA	0.832392918531551
CGCACATC	0.800195886897657
CGCACGAA	0.0750418209307089
CGCACTAA	1.1290502486053
CGCACTCA	0.134543731911527
CGCACTTA	0.497476419987243
CGCAGTAA	0.343033406711054
CGCAGTTA	0.159297831603201
CGCATAAA	0.446718234711431
CGCATAAC	0.981014641118781
CGCATACA	0.671413374491396
CGCATATA	0.30923297974418
CGCATATC	0.196765688546508
CGCATCAC	0.128783073819193
CGCATCCA	0.03480844388577
CGCATCGA	0.415833225098955
CGCATGTA	0.156653295988354
CGCATTAA	2.20307192446969
CGCATTAC	0.704186977206162
CGCATTAG	2.73367760226394
CGCATTCA	0.448302822711198
CGCATTTA	1.85288667842151
CGCCAAAC	0.0966595872793529
CGCCATAA	0.536608585566621
CGCCATTA	3.10093429273973
CGCCCTAA	0.2256896827885
CGCCCTTA	0.017809702432817
CGCCGATA	0.0221909689519261
CGCCTAGA	0.587630634920341
CGCGAAAA	0.826453169713999
CGCGAACA	0.0871543049324743
CGCGAAGA	0.0217028204077993
CGCGAGAC	0.0100846604924093
CGCGATAA	0.962495312740275
CGCGATGA	0.903668500809845
CGCGATTA	1.43841824815956
CGCGATTC	0.27746795536124
CGCGCAAA	0.500927986691431
CGCGCTAA	1.25132795007824
CGCGCTGA	0.208579220162136
CGCGGGAA	0.0594457696876471
CGCGGTAA	0.089215813217735
CGCGTAAA	0.45311020164548
CGCGTAAC	0.501817264775269
CGCGTATC	0.169661233616207
CGCGTGAC	0.213535654229787
CGCGTTAA	0.492432124795778
CGCGTTGA	0.0595080865230672
CGCGTTTA	1.26611865447075
CGCTAAAA	0.659449384210069
CGCTAAAC	0.755785878347219
CGCTAAAG	0.950908311242595
CGCTAACA	0.61919972619011
CGCTAACG	0.446148961998671
CGCTAAGA	0.596186848706153
CGCTAATA	2.61219935280577
CGCTAATC	3.09722194972876
CGCTACAA	0.354640619074275
CGCTAGAA	0.500451908525336
CGCTATAA	0.51072127387228
CGCTATAC	0.0440658624232958
CGCTATCA	0.417835785026385
CGCTATTA	1.3020232571057
CGCTATTC	0.291838161467901
CGCTCATA	0.385429627075427
CGCTCTAA	0.837774342188512
CGCTCTTA	0.327681570093288
CGCTGAAA	0.831897752325778
CGCTGATA	0.0410951458951219
CGCTGATC	0.25917122721016
CGCTGCAA	0.135729436023311
CGCTGTAA	0.224064953764115
CGCTGTTA	0.559958591516074
CGCTTAAA	0.0156308588448277
CGCTTAAC	0.392898945425438
CGCTTACA	0.235572796038423
CGCTTACG	0.521292117963554
CGCTTATA	0.779851405078144
CGCTTATC	0.95800064080896
CGCTTCAA	0.418953277466966
CGCTTCGA	0.268497699538286
CGCTTTAC	0.0523203167583119
CGCTTTTC	0.598248356991413
CGGAAAAC	0.810816135326922
CGGAAAAG	0.441029998887287
CGGAAATA	0.0341369940194381
CGGAAATC	0.291846582661876
CGGAACGA	0.516060872265828
CGGAAGAA	0.0094668255610562
CGGAAGAG	0.200793826331568
CGGAAGTA	0.1243728945341
CGGAATAA	1.06392803276507
CGGAATAC	0.134105268411857
CGGAATAG	0.335586825584777
CGGAATCA	0.113993492252541
CGGAATTA	0.616132446637682
CGGACAAA	0.159709627988614
CGGACACA	0.347055930366796
CGGACATA	0.128471770348556
CGGACGTA	0.589673335872388
CGGACTAA	0.434678172977856
CGGACTGA	0.272424502289172
CGGAGATA	0.96230050245297
CGGAGTCA	0.86055339118641
CGGATAAA	0.801134007906554
CGGATAAC	0.29455904924146
CGGATACA	0.777907232095612
CGGATAGA	0.109801141184954
CGGATATC	0.137814804358169
CGGATGAC	0.120274580132576
CGGATGAG	0.107496821806726
CGGATGTA	0.493795235393984
CGGATTAA	1.28864534835584
CGGATTAC	0.775252871754461
CGGATTAG	0.785626659906703
CGGATTTA	0.0243726196045726
CGGCAAGA	0.335586825584777
CGGCACTA	0.450917884147129
CGGCATAA	0.788588113121503
CGGCATAC	0.0472007922339962
CGGCATTA	1.28801010962361
CGGCGTAA	0.271312904684375
CGGCTAAG	0.309075784123299
CGGCTATA	0.377687462040602
CGGCTTAA	0.144570286165503
CGGGAAAA	0.235665990585088
CGGGAATA	0.121684007297648
CGGGATAA	0.749543527959473
CGGGATCA	0.122274052288881
CGGGTAAA	0.0702922675283936
CGGGTTGA	0.158237883988122
CGGTAAAA	0.785308900187352
CGGTAAAG	0.33218803169617
CGGTAACA	0.777561963142607
CGGTAATA	2.02780442131737
CGGTAATC	1.82397363173169
CGGTAGAA	0.108101182827719
CGGTAGCA	0.496364822382446
CGGTAGTA	0.46050906267256
CGGTAGTC	0.368154951166535
CGGTATAA	1.97534599697786
CGGTATAC	0.338086235956775
CGGTATAG	0.383746511106143
CGGTATCA	0.209160001839996
CGGTATGA	0.553388656682671
CGGTATTA	1.29634400388846
CGGTATTC	0.591890355539733
CGGTCACA	0.152666422053775
CGGTCATA	0.932789831697336
CGGTCATC	0.177683824410424
CGGTCCAA	0.294724666056317
CGGTCCTA	0.0217797339794442
CGGTCGTA	0.574039108549969
CGGTCTTA	0.548186323750928
CGGTGATA	0.368688293451665
CGGTGTGA	0.602589763192371
CGGTTAAA	0.739854102170992
CGGTTAAC	0.712072583245041
CGGTTAAG	0.134891246516259
CGGTTACA	0.201303027860634
CGGTTATA	0.301792574160151
CGGTTCTA	0.0903678325536149
CGGTTGGA	0.00347065474386636
CGGTTGTA	1.2177113858465
CGGTTTAA	0.481320640051261
CGGTTTAC	1.08377117283657
CGGTTTGA	0.199177518501158
CGGTTTGC	0.327273984304863
CGTAAAAA	0.268784300839927
CGTAAAAC	0.380392630252074
CGTAAAAG	0.390967123527405
CGTAAACA	0.582043734130372
CGTAAACC	0.789004120103904
CGTAAAGA	0.508155336067873
CGTAAATA	2.17668776233078
CGTAAATC	0.668223426213387
CGTAACAA	0.758066337675849
CGTAACAC	0.506354604089395
CGTAACAG	0.372237546005972
CGTAACGA	1.95459673643458
CGTAACTA	0.431534541266714
CGTAACTC	0.00625301723344911
CGTAAGAC	0.331527248675541
CGTAAGCA	0.297094670747554
CGTAAGGA	0.267962953720827
CGTAAGTA	0.572638383285339
CGTAATAA	2.62013211753091
CGTAATAC	1.30741815467302
CGTAATAG	2.52793295599404
CGTAATCA	2.68244895295135
CGTAATGA	4.91118530818149
CGTAATGC	1.41371888622872
CGTAATTA	10.2432411189918
CGTAATTC	2.45765303955014
CGTACAAA	0.844387505817657
CGTACAAC	0.688051969548654
CGTACAAG	0.536113138654382
CGTACACA	0.142275510807115
CGTACAGA	0.673666324586371
CGTACATA	1.01011716467306
CGTACATC	0.674309142393186
CGTACCCA	0.277631045817904
CGTACCTA	0.564033607280932
CGTACGAG	0.451076202593874
CGTACGCA	0.319431607061727
CGTACGTA	0.181088793841279
CGTACTAA	2.55807240923319
CGTACTAC	0.220310504783266
CGTACTTA	1.70263124420299
CGTACTTC	0.150887585179634
CGTAGAAA	0.573488923876888
CGTAGAAC	0.218786549380124
CGTAGAAG	0.00245309380513245
CGTAGATA	0.593843791835638
CGTAGATC	0.626119982692905
CGTAGCAA	0.451076202593874
CGTAGCTA	1.15329009405152
CGTAGGTA	0.732156288757772
CGTAGTAA	0.283581461481158
CGTAGTCA	0.0378633723537012
CGTAGTGA	1.27185461039409
CGTAGTTA	0.414067300722244
CGTAGTTC	0.711816578948179
CGTATAAA	0.643236620861518
CGTATAAC	0.230617765503101
CGTATAAG	0.0182189724600371
CGTATACA	1.74581175843297
CGTATACC	0.281812449333322
CGTATAGA	0.0402746408954199
CGTATAGC	0.84695091726387
CGTATATA	0.922041581119638
CGTATATC	0.746426001949656
CGTATCAA	0.920316920593408
CGTATCAC	0.138496359657271
CGTATCAG	0.648202318242543
CGTATCGA	0.162532412209281
CGTATCTA	0.43282915948725
CGTATCTC	0.187074859225698
CGTATGAA	1.19092805911314
CGTATGAG	0.30646661752315
CGTATGCA	0.515850903829366
CGTATGCC	0.177343046760872
CGTATGGA	0.888339962828746
CGTATGTA	0.409578242920246
CGTATGTC	0.0346941963541658
CGTATTAA	1.7067929982658
CGTATTAC	1.19650766153499
CGTATTAG	1.61403635368773
CGTATTCA	0.252503325820173
CGTATTCC	0.668056125159736
CGTATTGA	0.621607345547773
CGTATTGC	0.676559846836434
CGTATTTA	1.90186265834559
CGTCAAAA	0.338432347029178
CGTCAAAC	0.705638791047579
CGTCAACA	0.168900519093731
CGTCAACG	0.287677530230956
CGTCAAGC	0.00288622388195024
CGTCAATA	1.40128190555243
CGTCAATC	0.641927967317688
CGTCACAA	0.906814939585646
CGTCACAG	0.0358268469439025
CGTCACTA	1.14201692238267
CGTCACTC	0.555653396449212
CGTCAGGC	0.447551652208562
CGTCAGTA	1.05773508671532
CGTCATAA	1.13120972344714
CGTCATAC	0.192957905337147
CGTCATAG	0.135370131747012
CGTCATCA	0.115157581966453
CGTCATCC	0.0815789131076063
CGTCATGA	0.342772911110738
CGTCATTA	3.19689548233203
CGTCATTC	0.658283610257361
CGTCCACA	0.173131326947141
CGTCCATA	0.161296742346574
CGTCCGTA	0.577461201075242
CGTCCTAA	0.877836488289277
CGTCCTTA	0.736211374363555
CGTCGAAA	0.675838992632111
CGTCGTAA	0.74200655935119
CGTCGTAG	0.0698375230537044
CGTCGTTA	2.30334251972584
CGTCTAAC	0.35767224890554
CGTCTACA	0.573257621749021
CGTCTCAA	0.218730969499884
CGTCTCAC	0.189495952493722
CGTCTGGA	0.826417800699301
CGTCTGTA	0.161692538463434
CGTCTGTC	0.360274397844042
CGTCTTAA	0.74414189343697
CGTCTTCA	0.193096293624815
CGTCTTGA	0.265350137936623
CGTCTTTA	1.70312809464756
CGTCTTTC	0.18380827808251
CGTGAAAG	0.509853329479847
CGTGACAA	0.386257711149708
CGTGACCA	0.311769724076136
CGTGACGC	0.37826431382794
CGTGACTA	0.542945814739828
CGTGAGAA	0.659490928767016
CGTGAGAG	0.476975023253316
CGTGAGTA	0.0346425463644482
CGTGATAA	1.54326127103806
CGTGATAG	0.631991519839253
CGTGATCA	0.825747192952367
CGTGATGA	0.0570137288674544
CGTGATTA	3.15374949499735
CGTGATTC	0.75984040254007
CGTGCAAA	0.683764458989141
CGTGCACA	0.0300462586924917
CGTGCATA	0.414225338462522
CGTGCCTA	0.647623501509944
CGTGCTAA	1.12323288780686
CGTGCTAC	0.680087765699335
CGTGCTTA	0.966278393780642
CGTGGAGA	0.317375151492851
CGTGGATC	0.194644670490486
CGTGGTTA	0.865880919201926
CGTGTAAA	0.757206533770925
CGTGTAAC	1.22797569847706
CGTGTAAG	0.569560436887207
CGTGTACA	0.473058325935201
CGTGTACC	0.0904366056377501
CGTGTAGA	0.209160001839996
CGTGTATA	0.197380716413202
CGTGTATC	1.33700601970676
CGTGTCTA	0.389558257775264
CGTGTCTC	0.049372898866804
CGTGTGAA	0.0525667770353351
CGTGTGCA	0.340018057854809
CGTGTGGA	0.033603651734308
CGTGTTAA	1.87883911401593
CGTGTTAC	0.773968358966695
CGTGTTAG	0.0429795284004261
CGTGTTCA	0.660471717158724
CGTGTTGA	0.448525142232157
CGTGTTTA	1.20805508342099
CGTTAAAA	1.59875357086057
CGTTAAAC	1.32703420321363
CGTTAAAG	1.00735557446195
CGTTAACA	1.60426524231769
CGTTAACC	0.213894397093154
CGTTAACG	2.43563554719412
CGTTAAGC	0.831272899732778
CGTTAATA	3.70856919324296
CGTTAATC	2.80127677195889
CGTTACAA	0.693854172197936
CGTTACAC	0.143375880153278
CGTTACAG	0.503787824165591
CGTTACCA	1.16854817470969
CGTTACGA	1.03884494509542
CGTTACTA	0.715117686986667
CGTTAGAA	0.52487730094549
CGTTAGAC	0.156378203651814
CGTTAGAG	0.0472412139650798
CGTTAGCA	0.0460945280520505
CGTTAGCC	0.0766553216964594
CGTTAGGA	0.77500416582571
CGTTAGTA	2.4437743504652
CGTTAGTC	1.74684195116267
CGTTATAA	1.85771258398254
CGTTATAC	0.923466166433867
CGTTATAG	0.765463233757668
CGTTATCA	2.34260268745365
CGTTATCC	0.290442488919655
CGTTATGA	0.793180470902938
CGTTATGC	0.981014641118781
CGTTATTA	2.29001345390104
CGTTATTC	0.80755460690012
CGTTCAAA	0.19009582221126
CGTTCAAC	0.875179320883467
CGTTCATA	0.631647373712111
CGTTCCAA	0.701260331593129
CGTTCCAG	0.502424713567385
CGTTCCGA	0.275383709852246
CGTTCGAA	0.232726432474624
CGTTCGGA	0.0208127002045641
CGTTCTAA	1.40102112924564
CGTTCTAG	0.609975711722022
CGTTCTCA	1.9762779424445
CGTTCTTA	0.361561717696466
CGTTGAAA	0.295826438934809
CGTTGAAC	0.250255989854515
CGTTGAAG	0.089677294647605
CGTTGACA	0.148648670407952
CGTTGACC	0.447551652208562
CGTTGAGA	0.30407303348878
CGTTGAGC	0.20655673007563
CGTTGATA	1.47032587142715
CGTTGATC	0.385991601420075
CGTTGCAA	0.0631853412258054
CGTTGCAG	0.0715961490623034
CGTTGCCA	0.13068822860297
CGTTGCTA	0.785959297068745
CGTTGTAA	0.971976173624624
CGTTGTAC	0.298279252033475
CGTTGTCA	0.382559684168497
CGTTGTGA	0.853390323590649
CGTTGTGC	0.1462607005029
CGTTGTTA	1.27565425311594
CGTTGTTC	0.468094312792971
CGTTTAAA	0.809702292070398
CGTTTAAC	0.423402474950813
CGTTTAAG	0.880362846481998
CGTTTACA	0.437774365296268
CGTTTACC	0.613498297162073
CGTTTAGA	1.44413708098848
CGTTTAGC	1.26611865447075
CGTTTATA	1.38968507932844
CGTTTATC	1.4999572459631
CGTTTCAA	1.13503575257679
CGTTTCAG	0.206297638007643
CGTTTCCA	0.248714911356956
CGTTTCGC	0.0401028485383146
CGTTTCTA	0.0960100325173582
CGTTTGAA	0.236597936051736
CGTTTGAC	0.384696421786606
CGTTTGAG	0.355313472472936
CGTTTGCA	0.298139460213478
CGTTTGGA	1.0887219927749
CGTTTGGC	0.319949229784768
CGTTTGTA	0.716799399423621
CGTTTGTC	0.39156923889667
CGTTTTAA	1.26762492536654
CGTTTTAC	0.30395850525071
CGTTTTAG	0.18639639169772
CGTTTTCA	0.431965425691806
CGTTTTGC	0.145281596349987
CGTTTTTC	0.172961218828832
CTAAAAAC	0.319929299625692
CTAAAACA	1.29442958579131
CTAAAAGA	0.595329571159423
CTAAAAGC	0.505786454202499
CTAAAATA	0.877019632473631
CTAAAATC	1.05297037516385
CTAAACAA	0.0850271113342039
CTAAACAC	0.946843120204042
CTAAACAG	0.358143835768181
CTAAACCA	1.31417644354501
CTAAACGA	0.661425557729708
CTAAACGC	0.665848088099299
CTAAACTA	1.28300370980503
CTAAACTC	0.877788768190081
CTAAAGAA	0.478317642279513
CTAAAGAC	1.05386189889941
CTAAAGAG	1.20315507135297
CTAAAGCA	0.388689190556968
CTAAAGTA	0.522399785677829
CTAAAGTC	0.342546380992791
CTAAATAA	1.65214730914432
CTAAATAC	2.12630291665456
CTAAATAG	1.13682750194836
CTAAATCA	1.09497893989887
CTAAATCC	0.487893662655788
CTAAATGA	3.72598366097185
CTAAATGC	1.70081507336889
CTAAATTA	3.48385608824918
CTAAATTC	0.810029595809589
CTAACAAA	1.36910452337114
CTAACAAC	0.865413262229807
CTAACAAG	0.864826305009698
CTAACAGA	0.650225650448446
CTAACAGC	0.740171581183876
CTAACATA	1.38094837128508
CTAACATC	0.504370570788712
CTAACCAA	0.633614003211911
CTAACCTA	1.24042503023785
CTAACCTC	0.0162164125326076
CTAACGAA	1.26494866992106
CTAACGAC	2.3931287284822
CTAACGAG	3.12962642344092
CTAACGCA	0.266700336037399
CTAACGGA	1.17420412929026
CTAACGTA	0.554803978683527
CTAACGTC	0.334327295672473
CTAACTAA	1.4409493783622
CTAACTAC	0.996678904033046
CTAACTAG	0.626523357884342
CTAACTCA	1.24525879557992
CTAACTGA	0.991913350362177
CTAACTGC	0.237560197816696
CTAACTTA	1.32067451752315
CTAACTTC	0.713934509233076
CTAAGAAA	0.953761131055108
CTAAGAAC	0.601655572073995
CTAAGAAG	0.103671634796482
CTAAGATA	1.2251495457788
CTAAGCAA	0.598125407559367
CTAAGCAC	0.930781657640588
CTAAGCAG	0.0375040680774027
CTAAGCTA	0.451411646820574
CTAAGGAA	0.367781611566945
CTAAGGAC	0.2256896827885
CTAAGGAG	0.17525795913248
CTAAGGCA	0.479613383325913
CTAAGGGA	0.120266439645066
CTAAGGTA	0.762947823117117
CTAAGTAA	1.6499432019744
CTAAGTAC	2.04308944979626
CTAAGTAG	0.475682650684506
CTAAGTCA	0.575113933607739
CTAAGTGA	0.791490056565541
CTAAGTGC	0.236597936051736
CTAAGTTA	1.03562046992211
CTAATAAA	2.77052986992762
CTAATAAC	2.6067867707311
CTAATAAG	2.64494544628688
CTAATACA	2.02068626675615
CTAATACC	1.06497450646979
CTAATAGA	3.11957404419209
CTAATAGC	2.88632549769097
CTAATATA	2.45406729515527
CTAATATC	2.3874006323399
CTAATCAA	3.22372680987105
CTAATCAC	6.54433777219414
CTAATCAG	3.85624268938853
CTAATCCA	0.947662221671416
CTAATCCC	0.367174162774828
CTAATCGA	4.96000212753943
CTAATCGC	3.19802392232478
CTAATCTA	4.67913116769259
CTAATCTC	1.24418705829328
CTAATGAA	2.9127472744963
CTAATGAC	9.01487748417888
CTAATGAG	9.38302541768377
CTAATGCA	2.49637116309238
CTAATGCC	0.816670549378853
CTAATGGA	5.3702790488532
CTAATGGC	4.52829074119923
CTAATGTA	2.75291525848858
CTAATGTC	2.95667980134832
CTAATTAA	9.77425022974684
CTAATTAC	14.3548377083612
CTAATTAG	21.5351892433439
CTAATTCA	1.50337540859786
CTAATTCC	0.860209525765734
CTAATTGA	6.63804938016905
CTAATTGC	9.16905382631251
CTAATTTA	3.49099501508888
CTAATTTC	2.091698265663
CTACAAAA	0.838153015210954
CTACAACA	1.18311768240711
CTACAACC	0.594339238747877
CTACAAGA	0.172719811268194
CTACAATA	1.59934810715525
CTACAATC	1.58817430557532
CTACACAA	0.838029504365976
CTACACGA	0.209160001839996
CTACACGC	0.785267917043337
CTACACTA	0.111087899624446
CTACAGAA	0.477576857916115
CTACAGTA	0.713041020552251
CTACAGTC	1.03394437161447
CTACATAA	2.31146953332535
CTACATAC	0.556602745716744
CTACATAG	0.0884873799388336
CTACATCA	1.45494764840159
CTACATGA	0.851068038998608
CTACATGC	1.09261174227229
CTACATTA	2.143478503181
CTACATTC	0.676121383336764
CTACCAAA	0.482113355110844
CTACCAGA	0.624125563252984
CTACCATA	0.159077757733968
CTACCATC	0.0646284531667802
CTACCCAA	0.443351722066398
CTACCGAC	0.0110261499788963
CTACCGAG	0.435217410098769
CTACCGCA	0.10498646388256
CTACCGTA	0.0672544621548805
CTACCTAA	1.26344969739338
CTACCTAC	0.364006671014088
CTACCTCA	0.252686907848844
CTACGAAA	0.0610822883835985
CTACGAAC	0.396974522603228
CTACGAAG	0.389716014809076
CTACGACA	0.931058995628856
CTACGAGA	0.48205328392715
CTACGATA	0.389750541704377
CTACGATC	0.376912431488368
CTACGCTA	0.283581461481158
CTACGGAA	0.658710564791931
CTACGGTC	0.101039169559667
CTACGTAA	0.56665231790092
CTACGTAC	0.502554680661077
CTACGTCC	0.313381259896626
CTACGTTA	0.00280313476805676
CTACGTTC	0.2307682241688
CTACTAAA	1.40092456622139
CTACTAAC	0.944529537512442
CTACTAAG	0.608187050121576
CTACTACA	0.325954383208865
CTACTAGA	0.179853123978573
CTACTATA	2.11577866983662
CTACTATC	0.444180367553609
CTACTCAC	0.108555365889476
CTACTCAG	0.73688254352342
CTACTCGA	1.01935353022564
CTACTCTA	0.465715886907758
CTACTGAA	0.679377578340715
CTACTGGA	0.11299866853754
CTACTGTA	0.50320844602006
CTACTGTC	0.920316920593408
CTACTTAA	3.56910972970134
CTACTTAC	1.24700591262342
CTACTTCA	0.644884648522569
CTACTTCC	0.854889857531262
CTACTTTA	1.41120010711058
CTACTTTC	0.818206294453562
CTAGAAAA	1.46973807208764
CTAGAAAC	0.27864439615965
CTAGAAAG	0.349811345035657
CTAGAACA	1.05584930067769
CTAGAAGA	0.0503576171490338
CTAGAATA	1.40306747938175
CTAGAATC	0.239021555677952
CTAGACAA	0.725620038700272
CTAGACTA	0.418279020535975
CTAGAGAA	0.497291153719777
CTAGAGAC	0.0922954438546613
CTAGAGTA	1.23399685216971
CTAGATAA	1.84468050559862
CTAGATAC	0.201964372294196
CTAGATAG	0.336615053369214
CTAGATCA	2.26425582859393
CTAGATCC	0.295485099872326
CTAGATGA	0.852243076264689
CTAGATGC	0.156239253951214
CTAGATTA	1.40654515178726
CTAGATTC	0.721974784534642
CTAGCAAA	0.214323035866518
CTAGCAAC	0.310549493069052
CTAGCAAG	0.179078935545737
CTAGCATA	0.935578931142098
CTAGCCAA	0.723362878008309
CTAGCCAC	0.0858226334584452
CTAGCTAA	0.549316728688938
CTAGCTAG	0.469619671728443
CTAGCTCA	0.104098870037517
CTAGCTGA	0.368762961371584
CTAGCTTA	0.174355207138281
CTAGCTTC	0.0595558066222632
CTAGGAAA	0.0768478863320381
CTAGGAAC	0.202695331931289
CTAGGACA	0.0417702449455103
CTAGGATA	0.152115675967762
CTAGGCAA	0.444862484265644
CTAGGCAG	0.0551214865811069
CTAGGTAA	0.857633482528557
CTAGTAAA	0.98768647239929
CTAGTAAC	0.686525487787319
CTAGTAAG	0.37084636476118
CTAGTACA	0.290845021991696
CTAGTAGA	0.269365924637185
CTAGTATA	1.64226054671034
CTAGTATC	0.741895961003642
CTAGTCAA	0.597698733731263
CTAGTCAC	0.842611195301708
CTAGTCGA	0.342805192354312
CTAGTCTA	0.206112091033711
CTAGTCTC	0.118250967220206
CTAGTGAA	0.252878911071491
CTAGTGCA	0.284777271025712
CTAGTGTA	0.95800064080896
CTAGTGTC	0.154531155106469
CTAGTTAA	1.85552251213592
CTAGTTAC	1.14932202745015
CTAGTTCA	0.517035485115286
CTAGTTGA	1.37554140333973
CTAGTTGC	0.428959340148934
CTAGTTTA	1.60062644440077
CTAGTTTC	1.03892326219939
CTATAAAA	1.14522623940682
CTATAAAC	1.38968507932844
CTATAAAG	0.251655592293282
CTATAACA	2.21799989432401
CTATAAGA	1.28589358287104
CTATAAGC	0.449420315151778
CTATAATA	1.66772146528304
CTATAATC	3.00903520641486
CTATACAA	3.05384101108216
CTATACAC	0.36273114083323
CTATACAG	0.637616035295646
CTATACCA	1.08394128095488
CTATACCC	0.300929121071173
CTATACGA	1.02271190238317
CTATACGC	0.191663006410144
CTATACTA	1.30320334708816
CTATACTC	0.966367377730318
CTATAGAA	0.00408147201357288
CTATAGAG	0.468332351876018
CTATAGCA	0.174365031864587
CTATAGGC	0.228163268165639
CTATAGTA	1.18955596590803
CTATATAA	2.07714082834361
CTATATAC	1.33490156333223
CTATATAG	1.00132796452058
CTATATCA	0.745099102485545
CTATATGA	1.08084115874594
CTATATGC	0.879909224833172
CTATATTA	3.30607373586924
CTATATTC	0.37180666158088
CTATCAAA	0.995095438859142
CTATCAAC	1.82109667116311
CTATCAAG	0.398164156605534
CTATCACA	0.839991642562323
CTATCACC	0.375489249706469
CTATCAGA	0.516872675365088
CTATCAGC	0.761319725615141
CTATCATA	1.62849049102768
CTATCATC	0.830477939021469
CTATCCAC	0.53768144567913
CTATCCAG	0.104690037854614
CTATCCCA	0.163657483724439
CTATCCTA	0.598911385663769
CTATCCTC	0.289487525522807
CTATCGAA	1.5997242538195
CTATCGAC	0.0651719008846812
CTATCGCA	0.159012914540355
CTATCGGA	0.783140162032134
CTATCGTA	1.09811948383889
CTATCTAA	1.78773526910884
CTATCTAC	0.997831204075392
CTATCTCA	0.95366484873732
CTATCTGA	0.811103017335029
CTATCTTA	1.45188570227202
CTATGAAC	0.559701745099814
CTATGAAG	1.23782681118987
CTATGACA	1.19202505998171
CTATGAGA	0.40625187129983
CTATGATA	1.41014408938602
CTATGATC	0.866787881793112
CTATGCAA	0.497057044527252
CTATGCAC	0.220369172434631
CTATGCAG	0.482926561742433
CTATGCCA	0.0281121911427316
CTATGCGA	0.237458020663124
CTATGCTA	0.446500125787458
CTATGGAA	0.750238557168937
CTATGGTA	1.26893105255218
CTATGGTC	0.513036540802675
CTATGTAA	1.49454859377896
CTATGTAC	0.86894988299315
CTATGTCA	0.685377679048426
CTATGTGA	0.867992112531642
CTATGTTA	1.49375363306765
CTATTAAA	1.51611358731202
CTATTAAC	3.29022701375217
CTATTAAG	1.83432692831192
CTATTACA	2.93076554183325
CTATTACC	2.39147031468191
CTATTAGA	3.05522292901358
CTATTAGC	2.42642612946225
CTATTATA	2.02459173581563
CTATTATC	1.9763380136282
CTATTCAA	1.16951436636517
CTATTCAC	0.443634674183982
CTATTCAG	1.36974930612322
CTATTCCA	1.07685737258249
CTATTCGA	1.09485149916337
CTATTCGC	0.00115426498760747
CTATTCTA	0.802430310365885
CTATTGAA	1.03077659914726
CTATTGAC	0.305728359517944
CTATTGAG	0.222045551448733
CTATTGCA	0.90092487581255
CTATTGTA	2.02104444820658
CTATTGTC	0.881111209919975
CTATTTAA	1.21143338573759
CTATTTAC	1.97860668328526
CTATTTCA	0.332241085218217
CTATTTCC	0.782176496734844
CTATTTGA	1.25459003991797
CTATTTGC	1.65468208853101
CTATTTTA	0.53233454891747
CTATTTTC	0.615328222612999
CTCAAAAA	0.497775653079847
CTCAAAAC	1.02528429643629
CTCAAACA	1.02969587925371
CTCAAATC	1.09345554590866
CTCAACAA	0.83275895976303
CTCAACAC	0.860031838572846
CTCAACCA	0.359973480512642
CTCAACGA	0.877440692172418
CTCAACTA	0.74928555871735
CTCAAGAA	0.790958679225673
CTCAAGAC	0.483131477462509
CTCAAGTA	0.902951295789578
CTCAATAA	1.34458172580733
CTCAATAC	0.532552377134976
CTCAATCA	0.664329185412541
CTCAATCC	0.336174624924283
CTCAATGA	0.672235844436359
CTCAATTA	3.87511065519763
CTCACAAA	0.897325938213787
CTCACAAC	0.00513468267347136
CTCACACA	0.287036958075868
CTCACACC	0.915838529637112
CTCACATC	0.148381437852455
CTCACCCA	0.0437441728134231
CTCACCTA	0.147841920025077
CTCACGCA	0.29695880881808
CTCACGTC	0.69998957342219
CTCACTAA	1.21590728539043
CTCACTAC	0.108555365889476
CTCACTCA	0.164079104836157
CTCACTGA	0.298408377007769
CTCACTTA	0.679396104967461
CTCAGAAA	0.00295583908548338
CTCAGAGA	0.396168895046216
CTCAGATA	0.607574267906609
CTCAGCAA	0.0391599555194986
CTCAGCTA	0.539492002383913
CTCAGTAA	0.668909472815944
CTCAGTTA	1.16206862735829
CTCAGTTC	0.164177913512139
CTCATAAA	1.11449224987298
CTCATAAC	0.855284811528724
CTCATAAG	0.415058475253188
CTCATACA	1.122467120568
CTCATACC	0.180907457464335
CTCATAGA	0.518885340725289
CTCATATA	1.50876693768759
CTCATATC	0.329485951255823
CTCATCAA	1.74392513027594
CTCATCAC	1.28166642420169
CTCATCAG	1.75816957988589
CTCATCCA	0.538917676954768
CTCATCGC	0.621524537140345
CTCATCTA	0.48509333495239
CTCATGAA	0.643618943068016
CTCATGAC	0.949577762594429
CTCATGCA	0.123840394368368
CTCATGTA	1.25128331775016
CTCATGTC	0.646244109936719
CTCATTAA	7.57259587292973
CTCATTAC	5.10736375880142
CTCATTGA	1.12592823129203
CTCATTTA	0.693452481245292
CTCATTTC	0.282326142165841
CTCCAAAA	0.102918218642119
CTCCAAAC	0.66877080382181
CTCCAACA	0.229155284815981
CTCCAAGA	0.0338835160807683
CTCCACAA	0.177250694333605
CTCCACGA	0.194399894452258
CTCCATAA	0.770800305793023
CTCCATCA	0.439770749681449
CTCCATTA	2.89710294174111
CTCCATTC	0.440663676949343
CTCCCACA	0.0494217417918638
CTCCGATA	0.0106907057521962
CTCCGTTA	0.209704010970827
CTCCTAAG	0.152720036988754
CTCCTATA	0.198468453968402
CTCCTATC	0.244661509989968
CTCCTTAA	0.0384713825587492
CTCCTTAC	0.0600908331461886
CTCCTTGA	0.00317507083531822
CTCGAAAA	0.49276335842549
CTCGAAAC	0.775171747585828
CTCGAACA	0.946303602376663
CTCGAAGA	0.0658099466815761
CTCGAATA	0.894472276281876
CTCGACAA	0.521514718190979
CTCGAGTA	0.105291872517413
CTCGATAA	1.56311451654232
CTCGATAC	0.397099717687001
CTCGATCA	0.365027319723947
CTCGATGA	0.520395541511604
CTCGATTA	3.37050765945519
CTCGATTC	0.537113015085768
CTCGCAAA	0.350293037331069
CTCGCATA	0.45048278912505
CTCGCTAA	1.28278251310994
CTCGCTCA	0.492990169249903
CTCGCTGC	0.0866874900797531
CTCGCTTA	0.0933399526141178
CTCGGAAA	0.246597823191456
CTCGGAGA	0.0329018855696634
CTCGGATA	1.44644589167016
CTCGGGTA	0.0950932451998655
CTCGGTAA	0.692624677877478
CTCGGTAC	0.0127334067042434
CTCGGTTA	0.245806511664202
CTCGTAAA	1.18940185805827
CTCGTAAC	0.548915037736295
CTCGTAAG	0.453033849486766
CTCGTATA	0.408513804001712
CTCGTCAA	0.280481339272224
CTCGTCTA	0.530612134042966
CTCGTCTC	0.0612560456859643
CTCGTTAA	2.64228659464227
CTCGTTAC	0.973706728986638
CTCGTTCC	0.337209028250969
CTCGTTGA	0.830378568932555
CTCGTTTA	0.801134007906554
CTCGTTTC	0.33348040426498
CTCTAAAA	0.34782282043152
CTCTAAAC	0.86126021006744
CTCTAAAG	0.200387363369006
CTCTAACA	0.560768991083006
CTCTAATA	2.61898178243382
CTCTAATC	3.34940302452613
CTCTACAA	0.0343023301278283
CTCTACAC	0.0762962981266273
CTCTACAG	0.340203604828741
CTCTACGA	0.834510006697051
CTCTACTA	0.269365924637185
CTCTACTC	0.195634441489101
CTCTAGAA	0.846295748372558
CTCTAGCA	0.0971221915350867
CTCTAGTA	0.418003366786502
CTCTAGTC	0.0900211600682807
CTCTATAC	0.162834171660078
CTCTATCA	0.755746860148465
CTCTATGA	0.62621851066242
CTCTATGC	0.375476617915506
CTCTATTA	1.53475193523205
CTCTCAAA	0.0125186662578625
CTCTCAAC	0.922148810989596
CTCTCAGA	0.363589541205823
CTCTCATC	0.449463824653986
CTCTCCAA	0.207115897355619
CTCTCGAA	0.563997396146836
CTCTCTAA	1.02106499754798
CTCTCTAC	0.235665990585088
CTCTGAAA	0.352657708599455
CTCTGAGA	0.776322924802311
CTCTGATA	1.03116172841842
CTCTGATC	0.309553265821723
CTCTGCAA	0.360619105384115
CTCTGGTA	0.199304397823726
CTCTGGTC	0.146755586002207
CTCTGTAA	1.23692069071808
CTCTGTAC	0.153807774543953
CTCTGTGC	0.0104709125894291
CTCTGTTA	0.804956949265071
CTCTGTTC	0.958340295632647
CTCTTAAC	1.13011075763331
CTCTTAAG	0.0631494107981757
CTCTTAGC	0.126064712403825
CTCTTATA	1.13920059441072
CTCTTATC	0.429119623540939
CTCTTCAA	0.581987592837201
CTCTTCTA	0.0503576171490338
CTCTTGGC	0.331515178297509
CTCTTGTA	0.943054986447291
CTCTTTAA	0.758500309872064
CTCTTTAC	0.569701912946
CTCTTTCA	0.328880467408967
CTCTTTGA	0.293953003981673
CTCTTTTA	1.86920358386889
CTCTTTTC	0.0468471020870154
CTGAAAAA	0.283329387074818
CTGAAAAG	0.0602446602894784
CTGAAAGA	0.247765000676493
CTGAAATA	1.26844964096323
CTGAAATC	1.14962968173673
CTGAACAA	0.572059566552739
CTGAACGC	0.310278892035966
CTGAACTA	0.133396484585566
CTGAAGAA	0.248861440132133
CTGAAGAC	0.0894493609973282
CTGAAGTA	1.57346051475445
CTGAAGTC	0.664978459468071
CTGAATAA	1.1366627272529
CTGAATAC	0.929893502382614
CTGAATCA	0.974815519526776
CTGAATGA	0.468899378937051
CTGAATTA	1.96016482989133
CTGACAAA	0.944917473848257
CTGACAAC	0.214691042043258
CTGACACA	0.506743101838142
CTGACAGA	0.818572616391506
CTGACATA	0.272000074112795
CTGACATC	0.414671661743236
CTGACCTA	0.488888767077254
CTGACGAA	0.191680410211027
CTGACGAC	0.604540111717151
CTGACTAA	0.629706288500704
CTGACTAC	0.238198805026523
CTGACTCA	0.195421946694446
CTGACTTA	1.19640744932668
CTGACTTC	0.606923871025215
CTGAGAAA	0.155385064175608
CTGAGAAG	0.206212583948488
CTGAGATA	0.525138638665204
CTGAGCAC	0.559502443509055
CTGAGCTA	0.052290281166465
CTGAGGTA	0.284912571542256
CTGAGTAA	0.473166678631022
CTGAGTGA	0.216136680342426
CTGAGTTA	0.694072561828373
CTGAGTTC	0.0631494107981757
CTGATAAA	0.974996294490789
CTGATAAC	1.09897535785329
CTGATAAG	0.872206358703566
CTGATACA	1.36154818601671
CTGATAGA	0.208441954700331
CTGATAGC	0.408811352855522
CTGATATA	1.38225365635132
CTGATATC	0.720154122397088
CTGATCAA	0.489127086866768
CTGATCAC	0.407131043950896
CTGATCAG	1.53097811750505
CTGATCCA	0.61424525706772
CTGATCCC	0.0214350264393705
CTGATCGC	0.540962342852076
CTGATCTA	0.721210982241043
CTGATCTC	0.448569774560229
CTGATGAA	0.911230452293589
CTGATGAC	1.5953182851314
CTGATGGA	0.202788245771488
CTGATGGC	0.379232751135149
CTGATGTA	0.831226583165912
CTGATGTC	0.442093034273491
CTGATTAA	3.90743512756702
CTGATTAC	3.33838922563173
CTGATTCA	0.562376316306508
CTGATTCC	0.0453669368925471
CTGATTGA	1.22937249385116
CTGATTGC	2.21110798917427
CTGATTTA	0.420163122334813
CTGATTTC	0.584708199904294
CTGCAAAA	0.930653374785691
CTGCAACA	0.470703760099586
CTGCAATA	1.8296357618545
CTGCAATC	0.0602864855528909
CTGCACAA	0.718349741234554
CTGCACTA	0.126039168115432
CTGCACTC	0.0358605317198053
CTGCAGAA	0.0858226334584452
CTGCAGAC	0.382530490696047
CTGCAGCA	0.652662463278558
CTGCAGTA	0.392706100083394
CTGCAGTC	0.25439023468367
CTGCATAA	1.11610799629046
CTGCATAC	0.952734868215933
CTGCATCC	0.033604493853706
CTGCATGA	0.296475712990338
CTGCATTA	1.75809210490132
CTGCCAAA	1.02278544747722
CTGCCAAC	0.272333553394234
CTGCCATA	0.659182432361038
CTGCCCAA	0.526819789689227
CTGCCTAA	1.16387890335661
CTGCCTTA	0.0672544621548805
CTGCCTTC	0.0573056635919474
CTGCGATA	1.08222588374202
CTGCGCAA	0.124723777616422
CTGCGTAA	0.53748691609829
CTGCTAAA	0.226583171469326
CTGCTAAC	0.758820876656075
CTGCTAGA	0.00622606941272714
CTGCTCAA	0.346874032576921
CTGCTCTA	0.135367886095286
CTGCTGAA	0.104925269873003
CTGCTGTA	0.471186575220861
CTGCTTAA	0.651730798518375
CTGCTTAC	0.205067020861322
CTGCTTGA	0.230243583784112
CTGCTTTA	0.288050308417615
CTGCTTTC	0.203460257050752
CTGGAAAA	0.406457909845769
CTGGAACA	0.327211667469443
CTGGAATA	0.641910563516805
CTGGACTA	1.60525557472923
CTGGAGAA	0.0966264639163817
CTGGATAA	1.07686860084112
CTGGATAC	0.298087529517294
CTGGATCA	1.08532853230915
CTGGATGA	0.199268467396096
CTGGATTA	1.88035549034449
CTGGCAAG	0.163463234850065
CTGGCATA	0.122342263960084
CTGGCGTA	0.176271870887159
CTGGCTAA	0.193976589101745
CTGGGAAA	0.579918505477362
CTGGGATA	0.571563838934035
CTGGGCAA	0.500411486794253
CTGGGTAA	0.277631045817904
CTGGGTTA	0.0985257238643759
CTGGTAAA	1.24943570779189
CTGGTAAC	0.174519139714342
CTGGTAGA	0.419468654538281
CTGGTATA	1.44136763099632
CTGGTCAA	0.0764032472901191
CTGGTCTC	0.322192635859904
CTGGTTAA	0.8636686715445
CTGGTTAC	0.487283687505479
CTGGTTCA	0.414616923982394
CTGGTTTA	0.169573091785927
CTGTAAAC	1.08377117283657
CTGTAAAG	0.854357076659064
CTGTAACA	0.754367187868774
CTGTAACC	0.0976917449543122
CTGTAAGA	0.0944613749452205
CTGTAAGC	0.424904815956084
CTGTAATA	2.10891567745286
CTGTAATC	0.721510776746579
CTGTACAA	1.19370087758288
CTGTACCA	0.167576707400746
CTGTACGA	0.607998696082985
CTGTACTA	0.192622461110446
CTGTAGAA	0.419392302379567
CTGTAGAC	0.466109998785822
CTGTAGCA	0.43845395565011
CTGTAGGA	0.157891211502787
CTGTAGTA	0.0208127002045641
CTGTAGTC	0.257250633570761
CTGTATAA	2.0987080675284
CTGTATAC	1.20301471812005
CTGTATCA	0.836995943158688
CTGTATCC	0.434091215757747
CTGTATGA	0.642042214849293
CTGTATTA	1.63427893906014
CTGTATTC	0.103852409760494
CTGTCAAC	0.575280392541993
CTGTCAAG	0.162596974696428
CTGTCAGA	0.710066935546487
CTGTCATA	0.180259586941135
CTGTCATC	1.3117166127847
CTGTCTAA	0.724109276501025
CTGTCTCA	0.00652754815705874
CTGTCTTA	1.262260624804
CTGTGAAA	0.0276203934145482
CTGTGAAC	0.457401642095514
CTGTGACC	0.03669310709754
CTGTGATA	0.63038419461575
CTGTGATC	1.00459903696722
CTGTGCAA	0.279712764968705
CTGTGTAA	0.561345562163878
CTGTGTAC	0.447826183132171
CTGTGTCA	0.276224145011024
CTGTGTGA	0.272840789978039
CTGTGTTA	0.321303919188998
CTGTTAAA	1.57596918843982
CTGTTAAC	0.185169704441921
CTGTTAAG	0.382000516888508
CTGTTACA	0.465597709485632
CTGTTAGC	0.038099165785022
CTGTTATA	2.07668524174953
CTGTTATC	0.646945314688432
CTGTTCAA	0.551656136375397
CTGTTCAC	0.477099937630623
CTGTTCGA	1.35276768776468
CTGTTCGC	0.4982315203804
CTGTTCTA	0.320253796300224
CTGTTGAA	0.395736045675864
CTGTTGAC	0.351576988705903
CTGTTGTA	0.663043830505379
CTGTTGTC	0.201773491897412
CTGTTTAA	1.56833397256848
CTGTTTAC	0.571563838934035
CTGTTTGA	0.0658099466815761
CTGTTTTA	0.525766017616397
CTGTTTTC	0.774891602532902
CTTAAAAA	0.241341033205336
CTTAAAAC	0.501593261015514
CTTAAAAG	0.130932723934732
CTTAAACA	1.56833397256848
CTTAAACC	0.162647501860283
CTTAAAGA	0.701110715046826
CTTAAAGC	0.0303331407005985
CTTAAATA	1.64405678738536
CTTAAATC	0.6680342300554
CTTAACAA	1.47726774232781
CTTAACAC	1.35839865946979
CTTAACCA	1.62849049102768
CTTAACCC	0.585736146982265
CTTAACGA	2.74702098411849
CTTAACTA	2.13784556653063
CTTAAGAA	0.908153348014856
CTTAAGAC	0.110488310613374
CTTAAGCA	0.515483739772024
CTTAAGTA	1.80470341355701
CTTAAGTC	0.0672595148712659
CTTAATAA	3.01120562880887
CTTAATAC	1.52657102599109
CTTAATCA	3.31030342089679
CTTAATCC	0.702701197882377
CTTAATGA	4.97113466526889
CTTAATGC	2.73911797427873
CTTAATTA	11.2016223977684
CTTAATTC	2.77423912516747
CTTACAAA	0.740406251789334
CTTACAAC	1.34957016041209
CTTACAAG	0.598906894360316
CTTACACA	1.14738683707453
CTTACACC	0.153975917717002
CTTACAGA	1.58175511011408
CTTACAGC	0.467434091185273
CTTACATA	1.4627540952171
CTTACATC	0.714185180107087
CTTACCGA	0.41507868611873
CTTACCGC	0.764594447245838
CTTACCTA	0.529635556248246
CTTACCTC	1.03081730158481
CTTACGAA	0.859327265343543
CTTACGAC	0.751621878632684
CTTACGCA	0.119821519896681
CTTACGGA	0.331610899202367
CTTACGTA	1.4470334103032
CTTACTAA	1.54095442530164
CTTACTCA	0.469381071232464
CTTACTGA	0.63496195566096
CTTACTGC	0.540962342852076
CTTACTTA	1.57684583473269
CTTAGAAA	0.0170832340991767
CTTAGAAC	0.493910325044985
CTTAGACA	0.27844790163355
CTTAGACC	0.0612636247605425
CTTAGAGA	0.572522732221405
CTTAGATA	1.93980069861921
CTTAGATC	0.724212015067529
CTTAGCAA	0.857069543238648
CTTAGCAC	0.267511016310797
CTTAGCCA	0.973838661025591
CTTAGCGA	0.776440260105039
CTTAGCTA	0.435848999646949
CTTAGGTA	0.944896140156852
CTTAGGTC	0.321786172897342
CTTAGTAA	1.54679817250787
CTTAGTAC	0.967358271554797
CTTAGTCA	1.3721386795606
CTTAGTCC	0.104952779106657
CTTAGTGA	1.33848365854304
CTTAGTTA	2.3112932496648
CTTAGTTC	0.178929880412367
CTTATAAA	1.24735847994454
CTTATAAC	0.63741926006308
CTTATAAG	0.514870957557056
CTTATACA	2.2395334487329
CTTATACC	0.852166443399509
CTTATAGA	0.678123381851262
CTTATAGC	0.897989528299075
CTTATATA	0.911939516826346
CTTATCAA	1.36883701010918
CTTATCAC	0.444809430743597
CTTATCCA	1.43957279385363
CTTATCGA	2.20606257115694
CTTATCGC	0.97406575255647
CTTATCTA	1.64639956354941
CTTATCTC	1.24439000906809
CTTATGAA	1.93047927900747
CTTATGAC	1.55555003870039
CTTATGCA	0.620607749822853
CTTATGCC	0.234639727745912
CTTATGGA	0.801788615384934
CTTATGGC	0.253044527886347
CTTATGTA	1.25397978406119
CTTATTAA	3.30100586133465
CTTATTAC	2.12338160446438
CTTATTCA	1.04872665481301
CTTATTCC	0.580849608824613
CTTATTGA	0.842764180325601
CTTATTGC	0.0268321696584194
CTTATTTA	1.43486787277939
CTTATTTC	1.21429462674408
CTTCAAAA	0.672270652038126
CTTCAAAC	0.0418527726464729
CTTCAAAG	0.595564803177812
CTTCAACA	0.405536350518358
CTTCAAGA	0.445728463712816
CTTCAATA	1.55627987551162
CTTCAATC	0.494348227131723
CTTCACAA	0.704609440437278
CTTCACAC	0.25951818040196
CTTCACTA	0.598202040424546
CTTCAGAA	1.49271951044743
CTTCAGCA	0.864262085013324
CTTCAGGA	1.05078479462068
CTTCAGTA	0.622628274964098
CTTCAGTC	0.688665593883019
CTTCATAA	2.12643962070343
CTTCATAC	0.184553834455828
CTTCATCA	1.32545719428844
CTTCATCC	0.187332828467821
CTTCATGC	0.367077599750573
CTTCATTA	2.52782628753701
CTTCATTC	0.829592590828154
CTTCCAAA	0.54039082448759
CTTCCAAC	0.25725203710309
CTTCCAGA	0.396069524957303
CTTCCATA	0.748644705855796
CTTCCGCA	0.0158228620674748
CTTCCTAA	0.368800576038008
CTTCCTAC	0.511310476744115
CTTCCTGA	0.0746454634009175
CTTCCTGC	0.272494117492705
CTTCCTTA	0.333640406950519
CTTCGAAA	0.0385028216829251
CTTCGACA	0.460298532823167
CTTCGATA	1.45868497428803
CTTCGTAA	0.557343810786608
CTTCGTAC	0.82436920491147
CTTCGTGA	0.0368926893947646
CTTCGTGC	0.148103538451256
CTTCGTTA	0.39635640696541
CTTCTAAC	0.143014330225253
CTTCTACA	0.302602412314151
CTTCTAGC	0.177624876052594
CTTCTATA	1.07749878685697
CTTCTATC	0.235933223140584
CTTCTCAA	0.30407303348878
CTTCTCTA	0.334433683423033
CTTCTGAA	0.393198178518042
CTTCTGCA	1.00344056138263
CTTCTTAA	0.968727557695251
CTTCTTAC	0.934144521101565
CTTCTTGA	0.3513698273341
CTTCTTTA	0.35861963322781
CTTGAAAA	0.579355127600385
CTTGAAAC	0.163033192544371
CTTGAAAG	0.272393905284394
CTTGAACA	0.297890192871796
CTTGAAGA	0.891352504620332
CTTGAATA	0.682254538909291
CTTGAATC	0.225224271468108
CTTGACAA	1.42472538675501
CTTGACAC	0.736326744721022
CTTGACGA	1.08676631082727
CTTGACTA	1.37640148795112
CTTGAGAA	0.448514475386455
CTTGAGAC	0.44704694198295
CTTGAGGA	0.508254425450321
CTTGAGTA	0.624939892710438
CTTGAGTC	0.274146917163676
CTTGATAA	2.2733821572119
CTTGATAC	1.74132129709864
CTTGATCA	0.370161440984488
CTTGATGA	1.8432082001852
CTTGATGC	0.274146917163676
CTTGATTA	2.53829720012644
CTTGATTC	0.974116841133256
CTTGCAAG	0.6364982621486
CTTGCAGA	0.0062409468554177
CTTGCATA	0.692236741541662
CTTGCCAA	0.248229289171021
CTTGCCTC	0.411789367751807
CTTGCGTA	0.508481236274734
CTTGCTAA	0.283081803971931
CTTGCTCA	1.03453890790916
CTTGCTTA	0.782341832843234
CTTGGAAA	0.426298242852602
CTTGGACA	1.32624990934802
CTTGGCAA	1.15539988384891
CTTGGCTA	0.487858855054022
CTTGGTCA	0.597319780002355
CTTGGTTC	0.175045464337826
CTTGTAAA	0.658114905671381
CTTGTAAC	0.803635102517347
CTTGTACA	1.4138892750535
CTTGTAGA	0.0487957663730003
CTTGTAGC	0.0261598776726902
CTTGTATA	2.2052440311025
CTTGTCAA	1.24070405246491
CTTGTGAA	0.800342977085766
CTTGTGTA	0.0792389440082149
CTTGTTAA	2.06571888224786
CTTGTTAC	1.21855883866692
CTTGTTCA	0.637230063905092
CTTGTTGC	0.608429580508077
CTTGTTTA	1.12842736095756
CTTTAAAA	0.251783594441713
CTTTAAAC	1.08782036360657
CTTTAAAG	0.678125627502989
CTTTAACA	0.277547956704009
CTTTAACC	0.565402332008455
CTTTAAGA	0.468899378937051
CTTTAATA	1.38730581132383
CTTTAATC	2.19218163642027
CTTTACAA	1.57478657209916
CTTTACAC	0.536236368792894
CTTTACCA	1.32875493384934
CTTTACGA	0.373407530555667
CTTTACGC	1.45043051995301
CTTTACTA	0.614559648309481
CTTTAGAA	0.320275972111027
CTTTAGAC	0.288050308417615
CTTTAGCA	0.504431203385336
CTTTAGCC	0.370364111052837
CTTTAGTA	0.798865338249491
CTTTAGTC	0.718522656417523
CTTTATAA	1.67650785837086
CTTTATAC	1.41943182422186
CTTTATCA	0.294683963618767
CTTTATCC	0.399521653074422
CTTTATGA	1.19696184459675
CTTTATGC	0.0517274647024196
CTTTATTA	2.76243738322341
CTTTATTC	0.353292105212294
CTTTCAAA	0.749134819345184
CTTTCAAC	0.158557327946268
CTTTCACA	0.453483260538604
CTTTCACC	0.0416197862798106
CTTTCAGC	0.0622337463065469
CTTTCATA	0.816163593501514
CTTTCATC	0.152057289022864
CTTTCCGC	0.256194054433272
CTTTCCTA	0.16230812774306
CTTTCGAA	0.485329689796642
CTTTCTAA	0.948049035181367
CTTTCTAC	0.68426130943371
CTTTCTCA	0.317904002474528
CTTTCTGA	0.0417702449455103
CTTTCTTA	1.02428722706956
CTTTCTTC	0.037963865268478
CTTTGAAA	1.14492195359783
CTTTGAAC	0.529835138545472
CTTTGACA	0.722331843159214
CTTTGATA	1.72211732564991
CTTTGATC	0.773315997140041
CTTTGCAC	0.700779200710648
CTTTGCCA	0.135163251081675
CTTTGCTA	0.844635650333475
CTTTGCTC	0.412978721047647
CTTTGGTA	0.548970056203603
CTTTGGTC	0.424996887676885
CTTTGTAA	0.844280556654165
CTTTGTAC	1.08961660428159
CTTTGTCA	0.561899676727481
CTTTGTCC	0.0654672040867635
CTTTGTGA	0.876765312415564
CTTTGTTA	1.49390184608162
CTTTTAAA	0.813946573834169
CTTTTAAC	1.05086788373457
CTTTTACA	0.6582471184168
CTTTTACC	0.13364490980785
CTTTTAGC	0.0326001261188667
CTTTTATA	1.20379199432401
CTTTTATC	0.996630903227384
CTTTTCAA	0.591550700716045
CTTTTCAC	0.0386757368658935
CTTTTCCA	0.928307791556983
CTTTTCGA	0.30344958442811
CTTTTCGC	1.13103680826418
CTTTTCTA	0.197954761135882
CTTTTCTC	0.509417111631904
CTTTTGAA	0.0357881094516143
CTTTTGAC	0.0254550237369213
CTTTTGCA	0.453628105074987
CTTTTGTA	1.28825909625882
CTTTTTAA	0.0891585490986997
CTTTTTAC	0.719265405726183
CTTTTTGA	0.292069463595767
CTTTTTTC	0.0999073610893279
GAAAAAAC	0.986882529081073
GAAAAACA	1.14196836016408
GAAAAAGA	0.388046372750154
GAAAAATA	1.43541496968134
GAAAACAA	0.51273534276481
GAAAACAC	0.911456982411536
GAAAACCA	0.869992426807346
GAAAACTA	0.511514550344794
GAAAAGAA	1.30305344983539
GAAAAGAC	0.777028059444545
GAAAAGCA	0.187172825782282
GAAAAGCC	0.675755622811751
GAAAAGGC	0.0327609709238031
GAAAAGTA	1.39353160003009
GAAAATAA	1.29060131100994
GAAAATAC	0.91643025886714
GAAAATCA	1.7392185249629
GAAAATCC	0.843434788072535
GAAAATGA	1.65368529987075
GAAAATGC	0.0805254217412414
GAAAATTA	3.18899780591512
GAAAATTC	0.703312857271482
GAAACAAA	0.563524405751866
GAAACAAC	1.31368773358795
GAAACACA	0.428628667932154
GAAACATA	1.24850713080283
GAAACCTA	0.167686744335362
GAAACGAA	0.703237627938631
GAAACGTA	1.03066150949626
GAAACTAA	0.83896313407142
GAAACTAC	0.688588680311374
GAAACTTA	1.02722004822484
GAAACTTC	0.448490896043323
GAAAGAAA	1.21061456497668
GAAAGAAC	0.32590862805493
GAAAGACA	0.436207742510315
GAAAGAGC	0.502436222532486
GAAAGATA	0.416012035117707
GAAAGATC	0.924073053813051
GAAAGCAA	0.756199639677894
GAAAGCGA	0.296712909953988
GAAAGGAA	0.194399894452258
GAAAGGTA	0.843117589766116
GAAAGTAA	1.24819386238693
GAAAGTAC	1.18057953454282
GAAAGTGA	2.47617180651572
GAAAGTGC	0.289727810257581
GAAAGTTA	0.735720138048303
GAAATAAA	2.20694314734033
GAAATAAC	0.901082913552828
GAAATACC	0.00265323751528864
GAAATAGA	1.45416223171012
GAAATAGC	0.66892126248751
GAAATATA	1.13667760469559
GAAATATC	1.12788868524958
GAAATCAA	0.706466313708928
GAAATCAC	0.0845864021828073
GAAATCCA	0.322104494029625
GAAATCGA	0.0477695035338244
GAAATCGC	0.51434070304305
GAAATCTA	0.474423682185134
GAAATCTC	0.580849608824613
GAAATGAA	1.2628164236064
GAAATGAC	1.18612461006938
GAAATGGA	0.494591880344088
GAAATGGC	0.440811889963316
GAAATGTA	1.78660514487729
GAAATGTC	1.25416505032866
GAAATTAA	2.69144840224675
GAAATTAC	2.25747901309519
GAAATTCA	0.193640864168579
GAAATTCC	0.264153486272671
GAAATTGA	0.882172841773849
GAAATTGC	0.681278522527504
GAAATTTA	0.359973480512642
GAAATTTC	0.994359426505662
GAACAAAA	0.887501211908763
GAACAAAC	1.50018967091683
GAACAACA	0.681320628497383
GAACAACC	0.67302462960542
GAACAAGA	0.509792135470291
GAACAATA	0.623570045157051
GAACAATC	0.905054910044717
GAACACAA	0.104400910194781
GAACACAC	0.372495234541629
GAACACGA	0.671477375565612
GAACAGAA	0.558499198600079
GAACAGAC	0.763505867571242
GAACAGTA	1.0647639766204
GAACATAA	1.48643982609972
GAACATAC	0.551230304666691
GAACATCA	1.7127027114915
GAACATCC	0.025756783187718
GAACATGA	1.14311504607711
GAACATGC	0.406310538951195
GAACATTA	3.0510050336576
GAACATTC	0.570633858412647
GAACCAAA	0.0440664238362274
GAACCAAC	0.208255565607001
GAACCAGA	0.108636770764575
GAACCATA	0.717541587319349
GAACCATC	0.307566144749915
GAACCGAC	0.0398159665302084
GAACCGTA	0.0593812072005
GAACCTAA	0.573902404501096
GAACCTTA	0.54039082448759
GAACGAAA	0.00746959905647733
GAACGAAC	0.609805603603712
GAACGACA	0.410403519929867
GAACGAGA	0.77417945022902
GAACGATA	1.45310705610496
GAACGATC	0.314189133105365
GAACGCAA	0.157730647404317
GAACGCTA	0.176177553514631
GAACGGCA	0.0957725548472421
GAACGGTA	0.813274001141974
GAACGTAA	0.414269970790593
GAACGTCA	0.28177932597035
GAACGTGA	0.516068451340405
GAACGTTA	0.550815420510152
GAACTAAA	0.988293921191406
GAACTAAC	0.703058537213414
GAACTACA	0.424711970614039
GAACTAGA	1.39958699991158
GAACTAGC	0.237458020663124
GAACTATA	0.842826216454555
GAACTATC	0.40827408067987
GAACTCAA	0.12745364799689
GAACTCTA	0.333640406950519
GAACTGAA	0.284912571542256
GAACTGAC	0.540711671978065
GAACTGCA	0.15509425227698
GAACTGTA	1.39564672325033
GAACTGTC	0.0142436074905587
GAACTTAA	0.499215115836766
GAACTTAC	0.91030805084678
GAACTTCA	0.437840892728676
GAACTTGA	0.69521531785088
GAACTTGC	0.593989478491418
GAACTTTA	1.12690480908675
GAAGAACA	0.520506139859152
GAAGAATA	2.06205510145548
GAAGAATC	0.38600002261405
GAAGACAA	0.211020524295701
GAAGACAC	0.395736045675864
GAAGACCA	0.289487525522807
GAAGACGA	0.330423510851788
GAAGACTA	1.22919508736474
GAAGAGAA	0.692118283413071
GAAGAGGA	0.0503576171490338
GAAGAGTA	0.300958875956553
GAAGATAA	0.574458484009961
GAAGATAC	1.28946613406201
GAAGATCA	1.02980423194953
GAAGATGA	0.19871996696181
GAAGATGC	0.911091502592989
GAAGATTA	3.04228432588279
GAAGCAAA	1.4531050911597
GAAGCACA	0.0741396303494417
GAAGCAGA	0.168446336031974
GAAGCATA	0.311421367352007
GAAGCATC	0.585340912278338
GAAGCCAA	0.503837228503582
GAAGCCGA	0.0896671892148341
GAAGCCTA	0.437355831955674
GAAGCTAA	0.654691690320244
GAAGCTGA	0.144736745099757
GAAGGAAC	0.339405556346307
GAAGGATA	0.0176940513688832
GAAGGTAA	0.331028713992177
GAAGGTCA	0.195670091210265
GAAGGTTA	0.0985257238643759
GAAGTAAA	0.765800081516698
GAAGTAAC	0.227640592726212
GAAGTACA	1.4384244237018
GAAGTAGA	0.343933351640594
GAAGTAGC	0.254761328631533
GAAGTATA	0.929867396681289
GAAGTATC	0.382696388217369
GAAGTCAA	0.532825785232721
GAAGTCAC	0.343599310946223
GAAGTCCA	0.0670809855589805
GAAGTCGA	0.66167819354898
GAAGTCTA	0.350435355509259
GAAGTCTC	0.0162203424231299
GAAGTGAA	0.27451464263395
GAAGTGAC	0.396069524957303
GAAGTGGA	0.880943347453391
GAAGTGGC	0.136812962981522
GAAGTGTA	0.810447848443717
GAAGTTAA	2.6381122087885
GAAGTTAC	0.353831342333207
GAAGTTTA	0.525742999686196
GAATAAAA	0.744609550409089
GAATAAAC	0.405866742028673
GAATAACA	0.55146750163034
GAATAACC	0.967063529765646
GAATAAGA	1.24337581660695
GAATAAGC	0.763576605600638
GAATAATA	1.8089976610717
GAATAATC	0.99843921428044
GAATACAA	2.56638244344845
GAATACAC	1.70032243352131
GAATACCA	0.47532053934355
GAATACGA	1.30340321009185
GAATACGC	0.473419033743828
GAATACTA	0.471934938658838
GAATACTC	0.316197868575044
GAATAGAA	0.450986657231265
GAATAGAC	1.03397665285804
GAATAGCA	0.936114519078955
GAATAGTA	0.511514550344794
GAATAGTC	1.17903480686121
GAATATAA	1.77055041926902
GAATATAC	1.9022646300047
GAATATCA	1.99706285270895
GAATATCC	0.842562913789581
GAATATTA	1.35120808264038
GAATATTC	1.26492873976198
GAATCAAA	1.60327322566734
GAATCAAC	0.348497077362511
GAATCACA	1.43759998881158
GAATCACC	0.175892355745319
GAATCAGA	0.939062217676929
GAATCATA	1.00285641122718
GAATCATC	0.293785983634488
GAATCCAA	0.618386238852054
GAATCCAC	0.0557050753236256
GAATCCGA	0.0072557007294931
GAATCCTC	0.170435983461974
GAATCGAA	0.186572113945346
GAATCGCC	0.0415372585788487
GAATCGGA	0.107051902058342
GAATCGTA	0.678872025995705
GAATCGTC	1.03556489004187
GAATCTAA	1.15475173261924
GAATCTAC	0.446140540804695
GAATCTCA	0.366002493986338
GAATCTGA	0.17630499425013
GAATCTGC	0.499061007987011
GAATCTTA	1.35130997908748
GAATGAAA	0.999766675157482
GAATGACA	1.19450790867222
GAATGAGA	0.700386773071379
GAATGATA	1.84848295538513
GAATGATC	0.701906517877533
GAATGCAA	0.119643551997327
GAATGCAC	0.190088804549613
GAATGCCA	0.20844335823266
GAATGCGA	0.161592045548657
GAATGGAA	0.548539452484977
GAATGGAC	0.186099404256842
GAATGGTA	1.29459239554151
GAATGGTC	0.415786908532089
GAATGTAA	0.94317091821769
GAATGTAC	1.60532771629096
GAATGTCA	1.02448737077972
GAATGTGA	1.09583593673914
GAATGTGC	1.04545558236637
GAATGTTA	1.35656480412834
GAATTAAA	1.49044241959639
GAATTAAC	1.21113162628679
GAATTACA	2.57901395370559
GAATTACC	1.75457709853584
GAATTAGA	0.731736351884848
GAATTAGC	1.28864534835584
GAATTATA	1.54122221927007
GAATTATC	2.47222451219282
GAATTCAA	0.247850896855045
GAATTCAC	0.244976181938195
GAATTCCA	0.594741491113451
GAATTCGA	0.873914457548311
GAATTCTA	0.852243356971154
GAATTGAA	1.18463012884515
GAATTGAC	1.13728224642305
GAATTGCA	0.759230146683295
GAATTGGA	0.139882768892143
GAATTGTA	0.741238827167069
GAATTTAA	1.29507857914037
GAATTTAC	0.389151514106236
GAATTTCA	0.392902313903028
GAATTTGA	1.51275746080622
GAATTTGC	0.616773580205702
GAATTTTA	2.00988075205942
GACAAAAA	0.982031921351049
GACAAAAC	0.679490141633524
GACAAACA	0.516486984680999
GACAAACC	0.615835178490338
GACAAAGA	0.687207604499353
GACAAATA	0.946701082732318
GACAAATC	0.239021555677952
GACAACAA	0.178938863019274
GACAACAC	0.533778783684308
GACAACCA	0.411983897332647
GACAACGA	0.347746468272807
GACAACTA	2.1097802533677
GACAAGTA	0.9320386611947
GACAATAA	1.86901101923332
GACAATAC	0.915045814577529
GACAATCA	1.84656881799445
GACAATGA	0.551981755875792
GACAATGC	0.108056269793181
GACAATTA	3.45599484868693
GACACAAA	1.80612154262252
GACACACA	0.241270014469474
GACACATA	1.14405906192179
GACACCAA	0.0895456433151176
GACACGAC	0.163657483724439
GACACGGC	0.392385533299384
GACACGTA	0.91030805084678
GACACTAA	2.25683507246251
GACACTCA	0.923410025140696
GACACTGA	0.745888729774003
GACACTTA	1.04377555416821
GACAGAAC	0.675908046422712
GACAGACA	0.319505994275179
GACAGATA	1.00483005838863
GACAGATC	0.732799948683984
GACAGCAA	0.0189841782859662
GACAGCAC	0.427216152995957
GACAGCCA	0.525996758331331
GACAGCGA	0.129139571030832
GACAGGTA	0.331028713992177
GACAGTAA	0.341927984648505
GACAGTAC	0.034220363839798
GACAGTCA	0.340351537136248
GACAGTGA	0.435540783947437
GACAGTTA	1.37959592753258
GACATAAA	1.2307723769964
GACATAAC	2.41382240914524
GACATACA	0.571501241392149
GACATACC	0.00106556174439632
GACATAGA	0.444340370239149
GACATATA	1.78261799023625
GACATATC	0.868957742774193
GACATCAA	0.902890101780021
GACATCCA	0.0398878273854678
GACATCGA	0.33909902488559
GACATCTA	0.122476160944298
GACATCTC	0.0707391522220394
GACATGAA	0.947776749909486
GACATGAC	0.780572259282467
GACATGCA	0.234392144643025
GACATGCC	0.485893067673619
GACATGGA	0.0847290010674631
GACATGTA	0.550371904294097
GACATTAA	1.48835284066454
GACATTAC	2.20749810402334
GACATTCA	0.877355918819729
GACATTCC	0.621614082502954
GACATTGA	0.907481336735592
GACATTTA	0.901964612562088
GACCAAAA	0.144998924938868
GACCAACA	0.184860085210079
GACCAACC	0.445483687674588
GACCAAGA	0.135975615593868
GACCAATA	0.197058465390398
GACCACAA	0.705273030522567
GACCACTA	0.575255409666531
GACCAGAA	0.304797256170694
GACCATAA	0.921380798099009
GACCATCA	0.146970607155054
GACCATGA	0.257375828654533
GACCATTA	3.15173458398542
GACCCAAA	0.0672544621548805
GACCCATA	0.0768043768298302
GACCCTAA	0.0820931673530577
GACCGATA	0.0736927456557958
GACCGGCA	0.307011188066915
GACCGTAA	0.273212164632369
GACCGTTA	1.57801329292419
GACCTAAA	0.517463562475719
GACCTAAC	0.561518477346846
GACCTAGC	0.108149745046312
GACCTATA	1.08362183699673
GACCTATC	0.47345075357447
GACCTCAA	0.0801863283304854
GACCTCGA	0.376978678214311
GACCTGAA	0.0289689072765291
GACCTGGA	0.142317616776994
GACCTTAA	1.76849508652601
GACCTTGA	0.831272899732778
GACCTTGC	0.276172495021306
GACCTTTA	0.256778485295187
GACGAAAA	1.09887261928679
GACGAAAC	0.334034518828583
GACGAACA	0.422612566955888
GACGAATA	1.25743191217831
GACGACCA	0.45978259433892
GACGACTA	0.292979513958078
GACGAGAC	0.0162203424231299
GACGAGGA	0.155385064175608
GACGAGTA	1.03466157663474
GACGATAA	1.60888791639743
GACGATAC	0.287528194391119
GACGATCA	0.424668741818297
GACGATGA	0.337564683343211
GACGATGC	0.221490875472198
GACGATTA	2.24460665669035
GACGCAAA	0.364492854612954
GACGCAAC	0.0715122178290125
GACGCATA	0.654966221243853
GACGCGTC	0.415336655360853
GACGCTAA	0.437091406464836
GACGCTCC	0.0199464400509266
GACGCTGA	0.49183562355583
GACGCTTA	0.335492508212248
GACGGAAA	0.24992363339894
GACGGATA	0.41772434455944
GACGGTAA	1.13425005517885
GACGGTGA	0.014325573778589
GACGGTTA	0.374952538943749
GACGTACA	1.35681884347994
GACGTAGC	0.149480122959823
GACGTATA	0.281703254518103
GACGTATC	0.349393092401529
GACGTCAA	0.179377326518944
GACGTCTA	1.02222431525197
GACGTGTA	0.2454488916267
GACGTTAA	0.436178549037867
GACGTTAC	0.36069068553291
GACGTTCA	0.210590762696472
GACGTTGA	0.247345063803569
GACGTTTA	0.352725639564193
GACTAAAA	0.53890532587027
GACTAAAC	0.201162113214774
GACTAACA	0.859438425104023
GACTAACC	0.567708054919012
GACTAAGA	0.475185238827006
GACTAAGC	0.182106635486479
GACTAATA	3.44371787069617
GACTAATC	1.99386111475937
GACTACAA	0.373857783726904
GACTACCA	0.269777159609667
GACTACTA	1.47393014244876
GACTACTC	0.646599484322495
GACTAGAA	0.566534701891726
GACTAGCC	0.226152287044233
GACTAGTA	1.07127917369296
GACTAGTC	0.229668977648501
GACTATAA	1.09759596628006
GACTATAC	1.10434751819688
GACTATCA	0.398164156605534
GACTATGA	0.90356716577567
GACTATTA	2.78230129557337
GACTCAAA	0.109288290471831
GACTCAAC	0.501596629493104
GACTCACA	0.611564510318778
GACTCAGA	0.12501122103746
GACTCATA	0.25403710594962
GACTCATC	0.589372418540988
GACTCCAA	0.411407606958241
GACTCCTA	0.295043548601531
GACTCTAA	0.564055221678804
GACTCTCA	0.352067663608222
GACTCTTA	0.439292706570093
GACTGAAA	0.293754263803846
GACTGAGA	0.536462898910841
GACTGATA	1.07490028710253
GACTGATC	0.44631710517172
GACTGCGA	0.00655225032605377
GACTGCTA	0.190861308743654
GACTGGAA	0.144492249767995
GACTGGGA	0.054750111926777
GACTGTAA	0.775936111292359
GACTGTAC	0.897289446373225
GACTGTCA	0.187620552595325
GACTGTTA	0.385166885823384
GACTTAAA	0.991571449886762
GACTTAAC	0.490507601265856
GACTTACA	0.816751112134555
GACTTACC	0.72118880643024
GACTTAGA	0.76620654447926
GACTTATA	0.979573494123066
GACTTATC	1.26344969739338
GACTTCAA	0.534478584903692
GACTTCAC	0.557375249910785
GACTTCCA	0.685841406130023
GACTTCGA	0.0813686639646786
GACTTCGC	0.0025078315659744
GACTTCTC	0.856527499053077
GACTTGAA	0.923868980212373
GACTTGGA	0.0867203327362585
GACTTGTA	0.428209011765696
GACTTTAA	1.09240542301989
GACTTTAC	0.43474161263914
GACTTTTA	1.27604640004875
GAGAAAAA	0.805622223589154
GAGAAAAC	0.00438631923549456
GAGAAACA	0.221988568036164
GAGAAACC	0.150075782080373
GAGAAATA	1.23412288937288
GAGAAATC	0.0094154562778037
GAGAACAA	0.791277281064421
GAGAACAC	0.404013517941079
GAGAACCA	0.493950185363136
GAGAACGA	0.668835927721889
GAGAACTA	1.82726884493439
GAGAAGTA	0.390766979817248
GAGAATAA	0.838775902858693
GAGAATAC	0.496871216846853
GAGAATCA	1.74304006278909
GAGAATGA	0.488205808245822
GAGAATTA	1.78551207389924
GAGACATA	0.641057777273529
GAGACGAA	0.409630735029361
GAGACTAA	0.847928898590919
GAGACTCA	0.562991624879668
GAGACTGA	0.177474978799825
GAGAGAAA	0.0964591628627303
GAGAGACA	0.736326744721022
GAGAGATA	0.83786192260586
GAGAGTAA	0.0113349270913397
GAGAGTTA	0.860205315168746
GAGATAAA	0.905383898022702
GAGATAAC	1.01327005969757
GAGATACA	0.888449157643965
GAGATAGA	0.630910238532768
GAGATATA	1.21510642984334
GAGATATC	0.479179411129697
GAGATCAC	0.236350072242383
GAGATCGA	0.645543466597938
GAGATCTA	0.537608181291541
GAGATGAA	0.252680732306595
GAGATGAC	0.114687117929675
GAGATGGA	0.281158403267873
GAGATGTA	0.683664527487296
GAGATTAA	2.3827734669567
GAGATTAC	1.65872370022644
GAGATTCA	0.102058976150129
GAGATTCC	0.10250277307265
GAGATTGA	0.288479227897445
GAGATTGC	0.0116566167012131
GAGATTTA	0.410501205779986
GAGCAATA	1.07232227892009
GAGCACAA	0.525991144202014
GAGCACTA	0.373120929254026
GAGCAGAC	0.380501544360827
GAGCAGTA	0.234373898722744
GAGCATAA	0.555659291284996
GAGCATCA	0.311177714139642
GAGCATGA	0.0415097493451945
GAGCATTA	1.34696604652833
GAGCCAAA	0.0967120793884679
GAGCCATC	0.165082911158065
GAGCCTAA	0.0521867004805633
GAGCCTTA	0.0948397672611964
GAGCGAAA	0.574372587831408
GAGCGTAA	0.637082973716982
GAGCGTTA	0.481332991135758
GAGCTAAC	0.374937380794593
GAGCTATA	0.211204106324372
GAGCTGCC	0.0619639873928575
GAGCTTAA	0.642356886797519
GAGGAATA	1.08219191825965
GAGGATAA	1.82257655565111
GAGGATTA	0.651697675155405
GAGGCATA	0.00785472832763399
GAGGCCTA	0.235212930349193
GAGGGTAA	1.40002827047591
GAGGTAAA	0.737172232596186
GAGGTACA	0.600710714109918
GAGGTAGA	0.104948849216135
GAGGTATA	0.465247387816241
GAGGTCAA	0.266681247997721
GAGGTGTA	0.186868539973292
GAGTAAAA	1.70170014085574
GAGTAAAC	0.606164279328604
GAGTAACA	0.255225336419596
GAGTAAGA	0.619824859489577
GAGTAAGC	0.102119328040288
GAGTAATA	1.2866354900603
GAGTAATC	1.24147627595249
GAGTACAA	0.79625701376874
GAGTACAC	0.443407021240172
GAGTACCC	0.235880731031469
GAGTACTA	0.877788768190081
GAGTAGAA	0.0614034165805391
GAGTAGGA	0.565755460742504
GAGTAGTA	1.3676282880672
GAGTATAA	0.674717289594543
GAGTATAC	0.908784937563036
GAGTATCA	0.886773059336327
GAGTATGA	0.319391746743575
GAGTATGC	0.0680718793834588
GAGTATTA	0.920675102043843
GAGTCAAA	0.38227280216039
GAGTCACA	0.0416197862798106
GAGTCAGA	0.149774864748974
GAGTCAGC	0.135257287747738
GAGTCATA	0.709524891360915
GAGTCCAA	0.0206221005142466
GAGTCGCA	0.202389923296436
GAGTCTAA	1.74411488784686
GAGTCTCA	0.356104222587258
GAGTCTGA	0.183887156599416
GAGTCTTA	0.0444450968586697
GAGTGAAA	0.0128647773302651
GAGTGAAC	0.339292150934101
GAGTGACA	0.0315188448123818
GAGTGAGA	0.164179036338003
GAGTGAGC	0.0147761076562913
GAGTGATA	1.59775537866798
GAGTGATC	0.0535363371684073
GAGTGCGA	0.430228975494009
GAGTGCTA	0.932862534671992
GAGTGGTA	0.485329689796642
GAGTGTAA	0.931005380693877
GAGTGTAC	0.229404552157663
GAGTGTTA	1.05104416739513
GAGTTAAA	0.96541241433347
GAGTTAAC	0.735636768227943
GAGTTACA	0.823026024472341
GAGTTACC	0.321323849348074
GAGTTAGA	0.969333041542106
GAGTTAGC	0.252221496528451
GAGTTATA	0.680005799411305
GAGTTATC	1.23164088280176
GAGTTCAA	0.0722546864312065
GAGTTCAC	0.29814535504926
GAGTTCTA	0.437355831955674
GAGTTGAA	0.474187608047347
GAGTTGAC	0.37065660719026
GAGTTGCA	0.790749552908609
GAGTTGTA	1.32869654690444
GAGTTTAA	0.763792188166417
GAGTTTAC	1.31742337523559
GAGTTTTA	0.607267455739426
GATAAAAA	0.539387579578614
GATAAAAC	1.03506607465204
GATAAACA	2.09971411950204
GATAAAGA	1.22935621287614
GATAAAGC	0.589875725234271
GATAAATA	0.86110975140174
GATAAATC	1.32438601841473
GATAACAA	2.38791151810776
GATAACAC	1.14088427179293
GATAACCA	0.331610899202367
GATAACGA	4.23850707035494
GATAACGC	0.619889141270258
GATAACTA	1.0505010003837
GATAAGAA	0.481332991135758
GATAAGAC	0.784694433733589
GATAAGCA	0.879851680007671
GATAAGGA	0.0351921696245977
GATAAGGC	0.280977066890929
GATAAGTA	1.63518309458667
GATAATAA	3.1553382935941
GATAATAC	1.85890698999476
GATAATCA	3.34858280023289
GATAATCC	1.53717667768413
GATAATGA	4.33466503517981
GATAATGC	2.63631288034235
GATAATTA	9.36062644524065
GATACAAA	1.86457501495337
GATACAAC	1.03712000386272
GATACACA	1.11215649137058
GATACACC	0.122446967471849
GATACAGC	0.11759607903536
GATACATA	3.09962086718598
GATACATC	1.3620638437945
GATACCAA	0.837856869889474
GATACCGA	0.430753054465766
GATACCTA	0.341008109559889
GATACGAA	0.554721450982565
GATACGAC	0.162532412209281
GATACGCA	0.196765688546508
GATACGTA	1.34550917997053
GATACTAA	1.53839803151707
GATACTAC	1.26814339020898
GATACTCA	0.722563706700012
GATACTGA	0.146772428390158
GATACTGC	0.102041853055711
GATACTTA	1.51887573893606
GATAGAAA	0.394649711652993
GATAGAAC	0.818885323394472
GATAGACA	0.284962537293178
GATAGAGA	1.67250245780953
GATAGATA	1.19601670592621
GATAGATC	0.345175477752015
GATAGCAA	0.243096290736345
GATAGCAC	0.35755098371229
GATAGCGA	0.163579447326931
GATAGCGC	0.224960126683736
GATAGCTA	1.73333042613506
GATAGGAA	0.302043245034162
GATAGGCA	0.235393143900274
GATAGGTA	0.418555797111311
GATAGTAA	2.58452843222737
GATAGTAC	1.16890214556314
GATAGTCA	1.00100487137838
GATAGTGA	0.858212860674087
GATAGTGC	0.6248374348504
GATAGTTA	2.29902778063914
GATATAAA	2.23852964241099
GATATAAC	1.4543910074798
GATATACA	0.595497995038938
GATATACC	0.778200289645968
GATATAGA	0.421847922542891
GATATATA	1.88791519617651
GATATATC	0.707392364339793
GATATCAA	1.68560302857112
GATATCAC	0.87849699060344
GATATCGA	0.633877305876886
GATATCGC	0.362169727901514
GATATCTA	1.38777234547009
GATATGAA	1.84832519835132
GATATGAC	0.694856294281048
GATATGCA	0.534622306614211
GATATGCC	0.223818493487092
GATATGGA	1.27139397108362
GATATGTA	1.88485072368874
GATATTAA	1.65904061782639
GATATTAC	2.08081864445928
GATATTCA	1.53678116227373
GATATTCC	0.604933100769351
GATATTGA	1.27055213239251
GATATTGC	0.395588113368356
GATATTTA	2.04962485773436
GATCAAAA	0.86536020870776
GATCAAAC	0.303132105415225
GATCAACA	0.132896546369873
GATCAAGA	0.116775574035657
GATCAAGC	0.406490471795809
GATCAATA	1.0419734186574
GATCAATC	1.48502310056654
GATCACAC	0.528389219539838
GATCACCA	0.672235844436359
GATCACGA	0.208319566681217
GATCACTA	0.724083451506166
GATCAGAA	1.12328706415477
GATCAGAC	0.74420224532713
GATCAGGA	0.845602122695424
GATCAGGC	0.415376515679005
GATCAGTA	1.22831507259428
GATCATAA	1.02643350870751
GATCATAC	1.19751006432457
GATCATCA	1.56541237967184
GATCATCC	0.0364317693778262
GATCATGA	0.630108540866278
GATCATGC	0.385493066736711
GATCATTA	6.45304894172605
GATCCACA	1.39421568168739
GATCCAGA	0.167446740307054
GATCCAGC	0.222179167726482
GATCCATA	0.723949835228418
GATCCATC	0.130421557460405
GATCCCGC	0.251219935858271
GATCCTAA	0.64194340617331
GATCCTAC	0.528489151041683
GATCCTTA	0.763245371970926
GATCGAAC	1.14636029352889
GATCGACC	0.153263204000189
GATCGAGA	0.365027319723947
GATCGATA	0.435484081241334
GATCGATC	0.741151246749721
GATCGCAA	0.735674382894368
GATCGCCA	1.38225365635132
GATCGGAA	0.496818444031272
GATCGGGA	0.253684538628503
GATCGGTA	0.477340222365397
GATCGTAA	0.524578067852886
GATCGTAC	0.1722897689625
GATCGTCA	0.599179460338664
GATCGTTA	2.6755710831249
GATCTAAA	0.488691991844688
GATCTAAC	0.389594749615825
GATCTACA	1.1489253892139
GATCTACC	0.510630886390273
GATCTAGA	0.0184634677917998
GATCTAGC	1.1051843041716
GATCTATA	0.78574680227409
GATCTCAC	0.174828478239718
GATCTCTA	1.28658468218998
GATCTGAA	0.532150405475867
GATCTGCA	1.29601136672642
GATCTGGA	0.0820010956322565
GATCTGGC	0.291236888218033
GATCTGTA	1.10554838045782
GATCTTAA	0.670062614977688
GATCTTAC	0.300943717807397
GATCTTCC	0.127841022919773
GATCTTGA	0.79626711920151
GATCTTGC	1.19569838479393
GATCTTTA	0.251219935858271
GATGAAAA	0.797738301789072
GATGAAAC	0.659007271526343
GATGAACA	0.95460746104967
GATGAACC	0.268849424740007
GATGAAGA	1.00368617954025
GATGAAGC	0.370771977547728
GATGAATA	1.07997630212463
GATGAATC	0.0534616692484899
GATGACAA	0.890251012448307
GATGACAC	0.643618943068016
GATGACCC	0.149313944732035
GATGACGA	0.390914070005357
GATGACTA	1.24632800650838
GATGAGAA	1.03794977217579
GATGAGCA	0.0894706946887338
GATGAGGA	0.128685949382006
GATGAGTA	1.94932282335404
GATGATAA	1.6568749674423
GATGATAC	1.14498595467205
GATGATCA	1.42868868134646
GATGATGA	1.24012860420991
GATGATGC	0.456684717781713
GATGATTA	2.79381194491234
GATGCAAA	0.60086510266614
GATGCAAC	0.781367500700242
GATGCACA	0.424608951341069
GATGCAGA	0.784779487792744
GATGCATA	0.451632282102738
GATGCATC	0.383430716332053
GATGCCCA	0.0488465742433212
GATGCGAA	0.497775653079847
GATGCGTA	0.612450981337956
GATGCTAA	0.611434262518619
GATGCTTA	0.89865873251368
GATGGAGA	0.231650765297457
GATGGATA	0.24360212378782
GATGGCAA	0.161535342842554
GATGGGTA	0.135024862794008
GATGGTAA	1.44164889887511
GATGGTCC	0.0346941963541658
GATGGTGA	0.145629110954719
GATGGTTA	0.493784007135349
GATGTAAA	1.48559854882154
GATGTAAC	0.608599127213455
GATGTACA	0.690150531087407
GATGTAGA	0.466379476993045
GATGTATA	1.58079481329438
GATGTCAA	0.805685382543973
GATGTCAC	0.0382400804308823
GATGTCCA	0.091724767609572
GATGTCTA	1.57831533308146
GATGTGAA	1.58569454465593
GATGTGAC	0.330805833058286
GATGTGCA	0.0848575646288262
GATGTGTA	1.43750960132957
GATGTTAA	1.01011716467306
GATGTTAC	0.999932011265872
GATGTTCA	1.44615030776161
GATGTTCC	0.338757405116641
GATGTTGA	0.722284123060018
GATGTTGC	0.388291990907779
GATGTTTA	1.05692777491951
GATTAAAA	1.87674728943236
GATTAAAC	2.34609804436651
GATTAACA	3.09762392138787
GATTAACC	1.14074672562466
GATTAAGA	2.57213187328215
GATTAAGC	2.57548378919096
GATTAATA	4.32841426359808
GATTAATC	3.46429590029528
GATTACAA	2.4500335432409
GATTACAC	1.24537753441498
GATTACCA	1.80258295691392
GATTACCC	1.43983104380222
GATTACGA	1.03951864061347
GATTACGC	1.39703369389813
GATTACTA	1.47974694183427
GATTAGAA	1.53580570730488
GATTAGAC	1.63001079724677
GATTAGCA	2.6884010528534
GATTAGCC	1.13830514078463
GATTAGGA	2.38617226084531
GATTAGGC	1.88307665882452
GATTAGTA	3.0550977339298
GATTATAA	2.24253785003697
GATTATAC	2.59681439282503
GATTATCA	2.84435454762237
GATTATCC	1.50786502781278
GATTATGA	1.4744149225153
GATTATGC	2.84019279355956
GATTATTA	4.133005790814
GATTCAAA	0.894687297434723
GATTCAAC	0.876315059244328
GATTCACA	0.294475118008169
GATTCAGC	0.582793781807144
GATTCATA	0.924367514895736
GATTCCAA	0.589242732153762
GATTCCCA	0.623263232989869
GATTCCGA	0.363096901358243
GATTCCTA	1.34904018660456
GATTCGAA	0.986101884399523
GATTCGAC	0.832149546025652
GATTCGGA	0.651443355097338
GATTCGTA	0.679355963942843
GATTCTAA	1.03235136242073
GATTCTAC	0.433678015840004
GATTCTCA	1.01432102470575
GATTCTCC	0.142037471724068
GATTCTGA	0.370960892999251
GATTCTTA	0.818103836593523
GATTGAAA	0.908475037624728
GATTGAAC	0.314110535294925
GATTGACA	0.465655535017598
GATTGACC	0.510212633756145
GATTGAGA	1.14834320400371
GATTGAGC	0.532442901613291
GATTGATA	1.63249448805668
GATTGCAA	1.08377117283657
GATTGCAC	0.287294927317992
GATTGCCA	0.450670581750709
GATTGCGA	1.05190088352893
GATTGCTA	0.648029964472507
GATTGGAA	0.370873593288368
GATTGGAC	0.275004194710406
GATTGGCA	0.33178213014654
GATTGGTA	0.961442382786842
GATTGTAA	0.689145040526704
GATTGTAC	1.89203961627936
GATTGTCA	1.56820597042005
GATTGTCC	0.688839912598316
GATTGTGA	1.34886249941167
GATTGTTA	2.30347052187427
GATTTAAA	0.807041475480532
GATTTAAC	1.89701962969014
GATTTACA	1.21732569516241
GATTTACC	1.42235313641204
GATTTAGA	0.426980640271102
GATTTAGC	0.420163122334813
GATTTATA	2.88122421908693
GATTTCAA	0.589388699516008
GATTTCCA	0.665733559861229
GATTTCGA	0.0541297506372311
GATTTCGC	0.342597469569577
GATTTCTA	0.33138633402968
GATTTGAA	1.13112607292032
GATTTGAC	0.462741801901994
GATTTGCA	0.745948800957697
GATTTGCC	0.0604439618802378
GATTTGGA	0.596774086632727
GATTTGGC	0.0550560819745618
GATTTGTA	0.86006271628409
GATTTTAA	1.3045086321544
GATTTTAC	0.963732386135311
GATTTTCA	0.47678835345352
GATTTTGA	1.50851823175884
GATTTTGC	0.577532781224036
GATTTTTA	0.369523114481126
GCAAAAAA	0.799943812491316
GCAAAAAC	0.680351629777241
GCAAAAGA	0.592017234862301
GCAAAATA	0.617338361615008
GCAAACAA	0.409231570434911
GCAAACTA	0.515850903829366
GCAAAGAA	0.242389191148849
GCAAAGAC	0.524109288054903
GCAAAGCA	0.35208141822505
GCAAAGTA	0.956064327607472
GCAAATAA	0.616292449323221
GCAAATAC	1.52634140810202
GCAAATCA	0.606694814549075
GCAAATCC	0.0366529660729216
GCAAATGA	1.57831449096206
GCAAATGC	0.210545007542538
GCAAATTA	4.17585338717547
GCAACAAA	1.10869790700474
GCAACAAC	0.517785252085592
GCAACAGA	0.0909348596146478
GCAACATA	0.159579099481991
GCAACCAA	0.579332390376651
GCAACCAC	0.353634567100641
GCAACCTA	0.030823815602918
GCAACGTA	1.12213644835122
GCAACTAA	1.09673644308161
GCAACTAC	0.656086240042626
GCAACTCA	0.24426290680845
GCAACTTA	1.13998657251512
GCAAGAAA	0.507904665193862
GCAAGAAC	0.218293067413146
GCAAGGAC	0.24465870292531
GCAAGGCA	0.0877039281926245
GCAAGTAA	0.801571909993292
GCAAGTAC	0.986858107618543
GCAAGTCA	0.206410201300452
GCAAGTGA	0.559137805809906
GCAAGTTA	1.45024076238209
GCAATAAA	0.802535855997048
GCAATAAC	1.77891322629986
GCAATACA	0.265445297428548
GCAATACC	0.607019311223607
GCAATAGA	1.27105178990174
GCAATAGC	0.0746914992613182
GCAATATA	0.986948775807016
GCAATCAA	2.36013617472406
GCAATCAC	0.652409266046354
GCAATCCA	0.495556949173707
GCAATCGA	0.771737865388989
GCAATCTA	0.869368135627278
GCAATGAA	1.1537614002077
GCAATGAC	0.473401910649411
GCAATGCA	0.605371564269022
GCAATGTA	0.849244850502861
GCAATTAA	4.72182016490086
GCAATTAC	3.62751183274892
GCAATTCA	1.03859483563434
GCAATTCC	0.635546947935808
GCAATTGA	1.40049676956742
GCAATTGC	1.18463012884515
GCAATTTA	3.00494531320731
GCACAAAA	0.322405411361024
GCACAAAC	0.453300520629331
GCACAACA	0.530152056145425
GCACAACC	0.184375305143543
GCACAATA	0.82884871869363
GCACACCA	0.0519986271484385
GCACACGA	0.366070705657541
GCACACTA	0.954802271336975
GCACAGAA	0.343852508178427
GCACAGTA	0.0711343869259676
GCACATAA	0.572112900781253
GCACATCA	0.797149660330167
GCACATTA	1.51596425147218
GCACCAAA	0.39012640766216
GCACCACA	0.479613383325913
GCACCATA	0.821968603215454
GCACCCTA	0.0873858877668069
GCACCTAA	0.122315316139362
GCACGAAA	0.194399894452258
GCACGCTA	0.281821431940229
GCACGGTA	0.603862767015036
GCACGTAA	0.653785008435524
GCACGTGA	0.760157039433558
GCACGTTA	1.9998216358554
GCACTAAA	0.634302295466194
GCACTAAC	0.410372361512157
GCACTATA	1.09887261928679
GCACTCAA	0.131493014040584
GCACTCCA	0.176169693733587
GCACTTAA	1.65235559334199
GCACTTAC	0.0549292026519946
GCACTTGA	0.0391815699173694
GCACTTTA	0.418799450323675
GCAGAAAA	0.786935313450532
GCAGAACA	0.149898937006883
GCAGAATA	0.218563668446233
GCAGACTA	0.691411183825575
GCAGAGAA	0.745542337995135
GCAGATAA	1.60414257359211
GCAGATTA	1.51282314611923
GCAGCAAA	0.210545007542538
GCAGCACC	0.257937802999181
GCAGCATA	0.482363464571923
GCAGCTAA	0.275890104316653
GCAGCTTA	1.14839316975463
GCAGGATA	0.155429135090748
GCAGGGAA	0.161492675459743
GCAGTAAA	0.631096346919632
GCAGTAAC	1.19601670592621
GCAGTACA	1.2134435247396
GCAGTAGA	0.0736076915966412
GCAGTATA	0.549130058889142
GCAGTCAC	0.18630010937993
GCAGTCTA	0.0183882384589497
GCAGTGTA	0.399511828348117
GCAGTTAA	1.07477116212823
GCAGTTGA	0.336987550849407
GCATAAAA	1.06271145094205
GCATAAAC	1.11936643694614
GCATAACA	2.34411737954342
GCATAAGC	0.147768655637488
GCATAATA	1.67868249136186
GCATACAA	0.786248705435044
GCATACAC	1.18014275528195
GCATACGA	1.26865006537986
GCATACTA	0.944459360895977
GCATAGAC	0.346995578476637
GCATAGCA	0.157612750688656
GCATAGGA	0.247941845749983
GCATAGTA	0.953941063899723
GCATATAA	0.861668357268797
GCATATAC	1.22495473549149
GCATATCA	0.60586841471359
GCATATGA	1.55869338970506
GCATATTA	1.67386416487541
GCATCAAA	1.27290501398933
GCATCAAC	0.239644724032157
GCATCACA	0.716946770318197
GCATCAGA	0.455879090224701
GCATCATA	1.07055045970759
GCATCCAC	0.175855302491826
GCATCCTA	0.176597490387554
GCATCGAA	0.220083413252387
GCATCGAC	0.358161239569065
GCATCGCA	0.210077069863953
GCATCGTA	0.195391349689668
GCATCTAA	1.29288008609977
GCATCTCA	1.01040797657169
GCATCTGA	0.18803291039367
GCATCTTA	1.15049622259684
GCATGAAA	0.685983162895281
GCATGAAC	0.10449242050265
GCATGAGA	0.583391125166489
GCATGATA	0.956253523765461
GCATGTAA	1.22073094529973
GCATGTCA	0.483494150216398
GCATGTCC	0.687181218091563
GCATGTTA	0.519613212591258
GCATTAAA	1.33074177421468
GCATTAAC	1.54698512301413
GCATTACA	2.25698581183468
GCATTACC	0.460604502870952
GCATTAGA	1.81578514341615
GCATTAGC	1.12323288780686
GCATTATA	1.47451738037534
GCATTCAA	0.882172841773849
GCATTCAC	0.226687313568159
GCATTCTA	0.271312904684375
GCATTGAA	0.495930008066832
GCATTGCA	0.404670090364721
GCATTGGA	0.384356205549987
GCATTGTA	0.581292002214805
GCATTTAA	1.8002752690581
GCATTTAC	1.17411823311171
GCATTTCA	0.133423713112754
GCATTTGA	2.17930113952792
GCATTTTA	0.629158068772883
GCCAAATA	0.0041578241722862
GCCAACAA	0.158737260790883
GCCAACAC	0.164593359081609
GCCAACTA	0.272333553394234
GCCAAGAA	0.194540528391653
GCCAAGTA	0.0666063109252147
GCCAATAA	2.14537158758675
GCCAATAC	0.389184356762741
GCCAATCA	0.334262171772394
GCCAATTA	4.51308009993379
GCCACAAA	0.194614354192174
GCCACAAC	0.0610822883835985
GCCACACA	0.0611401139155648
GCCACATA	0.348299460010547
GCCACCTA	0.035156239196968
GCCACTAA	0.593989478491418
GCCACTAC	0.041234657008654
GCCACTGA	0.325758730802162
GCCACTTA	1.02840462951076
GCCAGCAA	0.0192839727915025
GCCAGTTA	1.93957444920773
GCCATAAA	0.842308313025047
GCCATAAC	0.5759372456721
GCCATACA	0.915969900263133
GCCATAGA	0.624041351313226
GCCATATA	0.202593154777717
GCCATCTA	0.275495150319191
GCCATGTA	0.261995976376088
GCCATTAA	4.9271476813625
GCCATTAC	1.12008672973753
GCCATTCA	0.00565146327711613
GCCATTGA	0.745099383192011
GCCATTTA	0.523137482270104
GCCCAAAA	0.107314081897453
GCCCAACA	0.526819789689227
GCCCAGTA	0.239115311637549
GCCCATAA	0.661380083282239
GCCCATTA	3.98760994693241
GCCCGTAA	0.00294348800098555
GCCCTAAC	0.390864104254435
GCCCTTAA	1.2573794200692
GCCGAAAA	0.520802285180632
GCCGAATA	0.00805852122184733
GCCGATAA	0.903601411964505
GCCGATGA	0.0345195969324027
GCCGATTA	1.70774066329453
GCCGCTAA	0.617476749902675
GCCGTAAC	0.0100902746217263
GCCGTTAA	0.397699306698073
GCCGTTAC	0.023495973311699
GCCGTTTA	0.766864239728765
GCCTAACA	0.299513237657386
GCCTAATA	2.30974711845085
GCCTACGA	0.277631045817904
GCCTACTA	0.203000740566142
GCCTAGGA	0.103742934238809
GCCTATAA	0.964594997104892
GCCTATCA	0.119128455632478
GCCTATTA	1.47939886581661
GCCTCAAC	0.49669661742509
GCCTCATA	0.319391746743575
GCCTCTTA	0.00785978104401944
GCCTGAAA	0.0684039551325683
GCCTGATA	0.832852154309695
GCCTGTAA	0.410447029432075
GCCTGTGA	0.201441135441836
GCCTTAAC	0.303187685295465
GCCTTACA	0.45406095444534
GCCTTCAA	0.0883383248054629
GCCTTCAC	0.019294639637205
GCCTTCTA	0.0866305066671836
GCCTTGTA	0.00400203208373527
GCCTTTAC	0.152129991997521
GCCTTTTA	0.240225225003551
GCGAAAAC	0.635360558842478
GCGAAATA	0.683989024161828
GCGAACAA	0.444956240225241
GCGAACTA	0.339474610136908
GCGAAGAA	0.15134934731597
GCGAAGAC	0.125029466957741
GCGAATAA	1.30694348003925
GCGAATAC	0.200618104083941
GCGAATGA	1.00926185207159
GCGAATTA	1.87643009112594
GCGACAGA	0.300434516278331
GCGAGATA	0.0894493609973282
GCGAGCTA	0.124012748138405
GCGAGGTA	0.87280987760516
GCGAGTAA	0.910354928826579
GCGAGTTA	0.411147953477322
GCGATAAA	0.761091791964864
GCGATAAC	0.647868838961104
GCGATACA	0.419359740429528
GCGATATA	1.08437469173816
GCGATCAA	0.0482921789732514
GCGATCTA	0.372237546005972
GCGATGTA	0.163098035737985
GCGATTAA	1.21359566764409
GCGATTAC	0.634979359461843
GCGATTGA	0.0909348596146478
GCGATTTA	1.65686373918366
GCGCAAAA	0.0383231695447765
GCGCAACA	0.760157039433558
GCGCAATA	0.15970513668516
GCGCATAA	1.11936643694614
GCGCATCA	0.117603658109938
GCGCATTA	2.68357234022771
GCGCCTAA	0.142223860817398
GCGCGATA	0.170162575364229
GCGCGTAA	0.099109312606894
GCGCTAAA	0.837911888356783
GCGCTAAC	0.0971177002316328
GCGCTACA	0.844227503132117
GCGGAAAA	0.437441166721295
GCGGAAAC	0.221559929262799
GCGGAATA	0.757341834287469
GCGGACAA	0.12428615623615
GCGGACTA	0.476100622612169
GCGGATAA	0.572496907226547
GCGGATAC	0.351096138529888
GCGGATTA	0.775252871754461
GCGGTATA	1.09199615299267
GCGGTTAA	0.398502127190427
GCGGTTCA	0.41683113658508
GCGGTTTA	0.0804398062691552
GCGTAAAA	0.729514560207584
GCGTAAAC	0.0692463552366081
GCGTAACA	0.667953105886767
GCGTAAGA	0.0106651614638031
GCGTAATA	1.9546130174096
GCGTACAA	0.195934235994637
GCGTACGA	0.55665720277112
GCGTATAA	0.266374716537004
GCGTATCA	0.496434998998911
GCGTATGA	1.05642446822623
GCGTATTA	0.996957364847177
GCGTCATA	0.254107282566085
GCGTCTAA	0.216704549522856
GCGTCTTA	0.0995974611510208
GCGTGAGA	0.30284915329764
GCGTGATA	0.60605480380692
GCGTGCTA	0.645093494133168
GCGTGTAA	0.51783213006539
GCGTGTGA	0.0240644039050615
GCGTGTTA	0.662413925195994
GCGTTAAA	0.535397617872911
GCGTTAAC	1.69629289220392
GCGTTAGA	0.253013088762171
GCGTTCCA	0.241451350846418
GCGTTCTA	0.700274490485036
GCGTTGAA	0.166920134977104
GCGTTGAC	0.370534780584078
GCGTTGTA	0.303637938466701
GCGTTTAA	0.994282232227552
GCGTTTAC	0.150119010876115
GCGTTTCA	0.124310296992214
GCGTTTTA	0.197366400383444
GCTAAAAA	0.329734657184573
GCTAAAAC	0.426977833206444
GCTAAACA	0.0850271113342039
GCTAAACC	0.0066693049223171
GCTAAAGA	0.741895961003642
GCTAAATA	1.90833687227414
GCTAACAA	0.762695187297844
GCTAACAC	0.0071232072776089
GCTAACCA	0.0939198921725801
GCTAACGA	3.58381874851229
GCTAACTA	0.711360711647626
GCTAAGAA	0.973838661025591
GCTAAGCA	0.17600211197347
GCTAAGGA	0.17525795913248
GCTAAGTA	1.3208426606962
GCTAATAA	3.13778964817454
GCTAATAC	1.97442022705346
GCTAATCA	3.65580816733326
GCTAATCC	1.28743718772679
GCTAATGA	7.52448390750756
GCTAATTA	13.4732509816881
GCTACAAA	0.510145264204339
GCTACAAC	0.354640619074275
GCTACATA	0.403974499742325
GCTACCAA	0.456103093984456
GCTACCGA	0.225991161532831
GCTACCTA	0.247403731454934
GCTACGAA	0.0610822883835985
GCTACGTA	0.774817776732381
GCTACTAA	2.09572696486099
GCTACTCA	0.386427819268018
GCTACTTA	1.25033817907962
GCTAGAAA	0.319072302785428
GCTAGAAC	0.100724778317906
GCTAGAGA	0.12473612870092
GCTAGATA	0.532193634271609
GCTAGCAA	0.382920111270658
GCTAGGAA	0.0147168785919949
GCTAGGCA	0.446707848572194
GCTAGGTA	0.425511141922336
GCTAGTAA	0.321271357238959
GCTAGTCC	0.2027725262094
GCTAGTTA	0.820225696768943
GCTATAAA	1.1426414942692
GCTATAAC	0.143046892175293
GCTATACA	1.1175053530775
GCTATAGA	0.166121244375274
GCTATATA	1.4448801110036
GCTATCAA	0.577532781224036
GCTATCAC	0.568012621434467
GCTATCCC	0.116221459472054
GCTATCTA	0.638516822344584
GCTATGAA	0.34735179498181
GCTATGAC	0.0378195821450269
GCTATGGA	0.047007666185486
GCTATGTA	0.464728080854404
GCTATTAA	2.98325793165514
GCTATTAC	2.01509150618514
GCTATTCA	1.52059983804936
GCTATTCC	0.0271468416066462
GCTATTGA	0.341959143066216
GCTATTTA	1.44159219616901
GCTCAAAA	0.8276444879551
GCTCAACA	0.645109494401721
GCTCAATA	0.269121429305423
GCTCACAC	1.29002193286441
GCTCAGAA	0.00295583908548338
GCTCATAA	0.44192910169743
GCTCATCA	1.64869742667893
GCTCATGA	0.0567327416951311
GCTCATTA	7.50425732240371
GCTCCGTA	0.0666910842779041
GCTCCTTA	0.0600908331461886
GCTCGATA	0.257278984923812
GCTCGCTA	0.103175345764845
GCTCGGTA	0.430753054465766
GCTCGTAA	0.766077980917897
GCTCGTAC	0.485006315947974
GCTCGTTA	1.9228550106883
GCTCTAAA	0.456185340978952
GCTCTAAC	0.0040719279937342
GCTCTATA	1.05926325271545
GCTCTCAA	0.525918441227357
GCTCTTAA	0.758546907145397
GCTCTTTA	0.796817303874592
GCTGAAAA	0.278444813862425
GCTGAATA	1.06486699589337
GCTGACAA	1.07726215130625
GCTGACGA	0.201936863060541
GCTGACTA	1.08347306256982
GCTGAGTA	0.343910053003928
GCTGATAA	1.39625754052004
GCTGATAC	0.235665990585088
GCTGATCA	0.277460937699594
GCTGATGA	1.64869742667893
GCTGATTA	2.73921173023833
GCTGCATA	0.11969014927066
GCTGCCTA	0.298418763147006
GCTGCTAA	0.56284986811441
GCTGCTTA	1.42788080813772
GCTGGCAA	0.191404195048623
GCTGGTAA	0.149109871131356
GCTGGTTA	0.6117649347354
GCTGTAAA	0.0787426549765784
GCTGTAAC	0.471883007962654
GCTGTATA	0.0130233764834746
GCTGTCAC	0.0315188448123818
GCTGTGCA	0.177504172272274
GCTGTGTA	0.172589563468036
GCTGTTAA	1.59265971419326
GCTGTTAC	0.181041073742084
GCTGTTGA	0.0274696540423828
GCTGTTTA	0.66364285810352
GCTTAAAA	0.864909955536524
GCTTAAAC	0.451523087287519
GCTTAACA	1.39811076460763
GCTTAAGA	0.0384208553948947
GCTTAATA	1.86289919735219
GCTTACAA	1.0597544890307
GCTTACAC	0.824297624762677
GCTTACGA	0.521292117963554
GCTTAGTA	1.42788080813772
GCTTATAA	1.32990105834944
GCTTATAC	0.867539052295748
GCTTATCA	0.592369240770486
GCTTATGA	0.236943766417673
GCTTATTA	2.62361624618514
GCTTCAAA	0.702853340786872
GCTTCAAC	0.145017451565615
GCTTCCAA	0.340123884192437
GCTTCGAA	0.0814043136858425
GCTTCTAC	0.0146548424630406
GCTTCTGA	0.316956898858723
GCTTCTTA	0.416431410577699
GCTTGAAA	0.492258648199878
GCTTGACA	0.496459981874371
GCTTGATA	1.17783759378432
GCTTGCTA	0.0106544946181007
GCTTGGAA	0.769450107692247
GCTTGTAA	0.530924560339466
GCTTGTGA	0.110211814744504
GCTTGTTA	0.752634386855033
GCTTTAAA	0.105231520627254
GCTTTAAC	0.319859965128625
GCTTTACA	0.966278113074176
GCTTTACC	0.335570544609757
GCTTTATA	0.774593211559695
GCTTTCAC	0.198813161508475
GCTTTCGA	0.00378476527916158
GCTTTCTA	0.0137377744390828
GCTTTGAA	0.669813347636006
GCTTTGAC	0.58750796619476
GCTTTGTA	0.654736603354782
GCTTTTAC	0.980708390364529
GCTTTTCA	0.146900430538589
GCTTTTCC	0.102903902612361
GCTTTTGA	0.182620328319
GGAAAAAA	0.344735049307084
GGAAAACA	0.637207888094289
GGAAAAGA	0.26761038639971
GGAAAATA	1.86780959555944
GGAAACAA	0.696514708081336
GGAAACTA	0.497880918004544
GGAAAGCA	0.219088870243853
GGAAAGGA	0.000844645755766122
GGAAAGTA	0.295017723606672
GGAAATAA	0.245993181463997
GGAAATCA	0.483495834455193
GGAAATGA	0.820346400549262
GGAAATTA	2.33398724460354
GGAACAAC	0.292157886132513
GGAACAGA	0.703058537213414
GGAACATA	0.983251871651668
GGAACCAA	0.0130713772891363
GGAACCTA	0.118935329583968
GGAACGTA	0.457538626850853
GGAACTAA	1.08918824621469
GGAACTGA	0.375973749066539
GGAAGAAA	0.35068602638327
GGAAGATA	0.574458484009961
GGAAGCAA	0.0134059793964391
GGAAGCTA	0.0894706946887338
GGAAGTAA	0.227640592726212
GGAAGTAC	0.0534504409898553
GGAAGTCA	0.00354195418619423
GGAAGTTA	0.224032391814076
GGAATAAA	0.654535617525228
GGAATAAC	0.266781740912498
GGAATACA	1.36058480142589
GGAATACC	0.797237240747515
GGAATAGA	1.03077659914726
GGAATATA	1.34232709147357
GGAATCAA	1.72388633779774
GGAATCAC	0.278300250032509
GGAATCCA	0.0557050753236256
GGAATCGA	0.426937130768894
GGAATCTA	0.44896950056761
GGAATGGA	0.0298110266741031
GGAATGTA	0.763874154454447
GGAATTAA	1.38550367581302
GGAATTAC	0.742266493538574
GGAATTCA	0.387449029390808
GGAATTGA	0.782430816792911
GGAATTTA	0.273312096134215
GGACAAAA	0.0300375567920503
GGACAAAC	0.159040985186941
GGACAACA	0.418286880317019
GGACAATA	0.424092732150357
GGACACTA	0.121630111656203
GGACAGCA	0.427216152995957
GGACATAA	1.79471671962119
GGACATGA	0.0574538766059201
GGACATTA	1.1575531831485
GGACCAGA	0.0458452607103688
GGACCATA	0.344670767526402
GGACCTAA	0.018924668515204
GGACGAAC	0.258758588705349
GGACGATA	0.287378858551282
GGACGTAA	0.299648538173929
GGACGTAC	0.116242231750527
GGACGTTA	0.881078647969935
GGACTAAA	0.76606899831099
GGACTAAC	0.625615833880223
GGACTACA	0.472896639010867
GGACTAGA	0.148251751465229
GGACTGTA	1.18741024568301
GGACTTCA	0.495381507632546
GGACTTGA	0.0207225934290234
GGAGAAAA	0.0281121911427316
GGAGATAA	1.79815060181803
GGAGATAC	0.216241103147725
GGAGATTA	0.768252613908898
GGAGCTAA	0.829659960379959
GGAGGTAA	0.598107442345552
GGAGTACA	0.0351921696245977
GGAGTAGA	0.053043978027293
GGAGTATA	0.821044798236316
GGAGTCAA	0.3826163868746
GGAGTGTA	0.101551178153392
GGAGTTAA	0.274176672049057
GGAGTTTA	0.784450780521225
GGATAAAA	0.990153320821249
GGATAAAC	1.02840462951076
GGATAACA	1.54400177469499
GGATAAGA	0.996271598951086
GGATAATA	1.44182012981929
GGATACAA	0.196765688546508
GGATACAC	0.0732708438376115
GGATACGA	0.554721450982565
GGATACTA	1.0814104314587
GGATAGAA	0.47991991478663
GGATAGCA	0.704836531968158
GGATAGTA	0.460543308861395
GGATATAA	1.4543910074798
GGATATAC	1.31761257139358
GGATATCA	0.635360558842478
GGATATGA	2.05106544331715
GGATATTA	1.20274860839041
GGATCAAA	0.629718920291668
GGATCAAC	0.102132801950649
GGATCACA	0.0556028981700535
GGATCATA	0.948319074801523
GGATCCAA	0.308391421759538
GGATCCAC	0.104830391087543
GGATCTAA	0.646475692771051
GGATCTTA	0.032842095092436
GGATGAAA	0.849851176469114
GGATGAAC	1.26368857859582
GGATGACA	0.109269483138619
GGATGACC	0.338630245087607
GGATGAGA	0.0449262277411505
GGATGATA	1.1703477838623
GGATGGTA	0.0556407935429444
GGATGTAA	2.0301326007452
GGATGTAC	0.486657712086616
GGATGTCA	0.0398878273854678
GGATGTGA	0.950221703227107
GGATGTTA	0.99524533611191
GGATTAAA	1.1882324349215
GGATTAAC	0.570931126559992
GGATTACA	0.885494441384345
GGATTACC	0.681974955269297
GGATTAGA	1.26287537196423
GGATTATA	1.58392637462749
GGATTCAA	0.0854947683063232
GGATTCCA	0.115453165875002
GGATTCGA	0.576782172134332
GGATTCTA	0.302687747079772
GGATTGAA	0.118679325287105
GGATTGAC	0.372392776681591
GGATTGCA	0.666689365377475
GGATTGGA	0.248530206502421
GGATTGTA	0.230898752675425
GGATTTAA	0.539689619735877
GGATTTAC	0.775936111292359
GGATTTCA	1.23132003531129
GGATTTGA	0.669868366103314
GGATTTTA	0.821717090222046
GGCAAAGA	0.31379782829196
GGCAAATA	1.2242574606303
GGCAACAA	0.305950398332438
GGCAACTA	0.850475748355648
GGCAAGAA	0.589122028373443
GGCAATAA	1.34095247191026
GGCAATCA	0.760337252984638
GGCAATGA	1.21535120588156
GGCAATTA	5.37262182501725
GGCACAAA	0.453300520629331
GGCACAAC	0.141407285708217
GGCACAGA	0.361642561158633
GGCACGTA	0.18308180974887
GGCACTAA	0.458812472792915
GGCACTTA	0.573472081488936
GGCAGAAA	1.04631875474888
GGCAGAAC	0.259138945966586
GGCAGACA	0.265122484992812
GGCAGGAA	0.243213626039074
GGCAGTAA	0.845061762748647
GGCAGTTA	0.580147842659968
GGCATAAA	0.788588113121503
GGCATAAC	0.637624737196088
GGCATACA	1.4093903925252
GGCATCAC	0.390396727988781
GGCATGAA	0.0236506425743868
GGCATTAA	1.50931038540549
GGCATTAC	0.460604502870952
GGCATTGA	0.466459197629349
GGCATTTA	1.15154774901794
GGCCAATA	0.456322045027825
GGCCACTA	0.118302617209924
GGCCAGAA	0.500304256924295
GGCCATAA	0.18256474843876
GGCCATTA	4.6454870942272
GGCCCTAA	0.130448505281127
GGCCGTTA	0.0216346087365957
GGCCTATA	0.36529006097599
GGCGAAAA	0.375554373606548
GGCGAATA	0.66364285810352
GGCGATAA	1.38708461462873
GGCGATTA	1.02174571072769
GGCGCAAA	0.332127118393079
GGCGCTAA	0.357058063158243
GGCGGTAA	1.16838845273062
GGCGTAAA	0.187936628075881
GGCGTACA	0.546205378221369
GGCGTATA	0.0758089917018986
GGCGTTAA	0.45028489106662
GGCGTTGA	0.089677294647605
GGCGTTTA	0.2260366359803
GGCTAAAA	0.00791816798891853
GGCTAAGA	0.725186908623454
GGCTAATA	0.594736999809997
GGCTACAA	0.739748556539829
GGCTATAA	1.34460951574745
GGCTATAC	0.374336668957656
GGCTATCA	0.408811352855522
GGCTATTA	2.32933256998668
GGCTCTAA	1.00446963128646
GGCTGATA	0.59322623761075
GGCTGGTA	0.133365887580788
GGCTGTAA	0.670086475027286
GGCTGTTA	0.508338075977147
GGCTTACA	1.0597544890307
GGCTTTAC	0.240595757538483
GGCTTTTA	0.0786011789177864
GGGAAAAA	0.326076771227979
GGGAAAAC	0.57388864988427
GGGAAACA	0.309154101227273
GGGAAATA	0.442644903185368
GGGAAGTA	0.023630431708845
GGGAATAA	0.0694939383394945
GGGAATAC	0.766864239728765
GGGAATCA	0.390409921192677
GGGAATTA	0.753988234139866
GGGACAAC	0.573221691321392
GGGACGAC	0.165417513265368
GGGACTAA	0.385356081981372
GGGAGCAA	0.218472719551295
GGGATAAA	0.132130779131013
GGGATACA	0.263011853076027
GGGATATA	0.229432622804249
GGGATCAA	0.136046353623264
GGGATCTA	0.248306764155598
GGGATGAA	1.31368773358795
GGGATGTA	0.107905811127481
GGGATTAA	0.934238557767627
GGGATTGA	0.63965087646665
GGGATTTA	0.336273995013197
GGGCAAAC	0.171246944441837
GGGCATAA	0.404542649629221
GGGCATTA	0.0567594088093872
GGGCCATA	0.00381227451281577
GGGCTAAA	0.0850271113342039
GGGGTTAA	0.0596989669198505
GGGTAAAC	0.817886008376018
GGGTAACA	0.579545727290703
GGGTAATA	2.08082594282739
GGGTAGAA	0.574943264076498
GGGTATAA	0.49667359949489
GGGTATGA	0.0803421204190369
GGGTATTA	0.741523744229914
GGGTCTAA	0.413869402663814
GGGTGATA	0.837362545803098
GGGTGTAA	0.206410201300452
GGGTTAAA	0.745407598891523
GGGTTACA	0.174516332649684
GGGTTTTA	0.287094502901368
GGTAAAAA	0.048191124645543
GGTAAAAC	0.12419604946061
GGTAAACA	0.481601346517119
GGTAAAGA	1.29833140566673
GGTAAATA	1.25953945632398
GGTAACAA	0.590348715629242
GGTAACCA	0.179503363722114
GGTAACGA	0.876967421070981
GGTAACTA	1.29459239554151
GGTAAGAA	0.110962704540673
GGTAAGCA	0.926851486412112
GGTAAGTA	0.347781837287505
GGTAATAA	2.91769107677299
GGTAATAC	1.62132068647674
GGTAATCA	3.7626035036818
GGTAATGA	4.45194054743115
GGTAATTA	13.2843492847826
GGTACAAA	0.327010400933423
GGTACACA	0.316956898858723
GGTACATA	0.570866002659912
GGTACCAA	0.379718934734015
GGTACCTA	0.226811947239
GGTACGAA	0.333851498212844
GGTACGGA	0.017809702432817
GGTACGTA	1.03229409830169
GGTACTAA	0.810029595809589
GGTACTCA	0.414452991406333
GGTACTGA	0.504537310429431
GGTACTTA	1.86815093462193
GGTAGAAA	0.397210596741015
GGTAGAAC	0.839258437273502
GGTAGACA	0.291743844095372
GGTAGATA	0.997831204075392
GGTAGCAA	0.171741268528213
GGTAGCAC	0.496364822382446
GGTAGGTA	0.0357266347355909
GGTAGTAA	0.41182782453763
GGTAGTCA	0.407224799910493
GGTAGTGA	0.0110261499788963
GGTAGTTA	1.6410243154347
GGTATAAA	1.97534599697786
GGTATAAC	0.295455344986945
GGTATACA	0.231338619707423
GGTATAGA	1.19938742916823
GGTATATA	0.151266538908543
GGTATCAA	0.431337485327682
GGTATCAC	0.461892103429842
GGTATCGA	0.129358802780667
GGTATCTA	0.322381270604961
GGTATGAA	1.18454956608945
GGTATGCA	0.175941198670378
GGTATGTA	1.4062759542865
GGTATTAA	1.38428091844775
GGTATTAC	1.32465156673143
GGTATTCA	0.283645181848908
GGTATTGA	0.257402215062324
GGTATTTA	2.18945036250747
GGTCAAAA	0.3562979100487
GGTCAACC	0.233658377941273
GGTCAATA	0.164724168294699
GGTCACAA	0.0990155566472974
GGTCACTA	0.0736927456557958
GGTCAGAA	0.0241211066111645
GGTCATAA	1.78418152525108
GGTCATCA	2.45718201410043
GGTCATGA	0.731484558184974
GGTCATTA	8.18512432925226
GGTCCATA	0.250959440257955
GGTCCGAA	0.199545524677898
GGTCCGTA	0.488896346151832
GGTCCTAA	0.497614246861979
GGTCGATA	0.0711254043190598
GGTCGTAA	0.801005163638725
GGTCGTTA	2.72959051612105
GGTCTAAA	0.23790013334685
GGTCTAAC	0.255055509007752
GGTCTATA	0.15248312073157
GGTCTCAA	0.145217314569306
GGTCTCTA	0.176801844694698
GGTCTGCA	0.322192635859904
GGTCTGGA	0.173879690385118
GGTCTTAA	0.664943090453373
GGTCTTTA	1.09363211027569
GGTGAACA	0.485475376452423
GGTGAATA	0.367712277069877
GGTGACAA	0.78652885048797
GGTGACTA	0.553963543524749
GGTGAGTA	0.482176794772127
GGTGATAA	1.76698123655564
GGTGATAC	0.485560430511578
GGTGATCA	0.32915134914852
GGTGATGA	0.805815630344131
GGTGATTA	5.07115599318335
GGTGCATA	0.843434788072535
GGTGCTAA	0.646198074076318
GGTGCTTA	0.4747594071183
GGTGGAAA	0.00376932642353945
GGTGGATA	0.196352207922299
GGTGGCTA	0.156277710737036
GGTGTAAA	0.251969983535043
GGTGTAGA	0.0935667634385308
GGTGTATA	0.49830338123566
GGTGTCAA	0.361292800902174
GGTGTGTA	1.25271913132303
GGTGTTAA	0.406858197266083
GGTGTTCA	0.684392680059731
GGTGTTGA	0.829197636830691
GGTGTTTA	0.740408216734595
GGTTAAAA	1.00436296282944
GGTTAAAC	0.814461389492553
GGTTAACA	1.23790063699039
GGTTAAGA	1.06426768758876
GGTTAATA	1.80609796327939
GGTTACAA	0.635032974396822
GGTTACTA	0.373855257368711
GGTTAGAA	0.517590441798287
GGTTAGCA	0.324379339228937
GGTTATAA	0.463269530057806
GGTTATAC	0.087858878161778
GGTTATCA	1.64812141701099
GGTTATGA	0.202389923296436
GGTTATTA	1.63878961126001
GGTTCAAA	0.494382754027024
GGTTCAGA	0.122231946319002
GGTTCATA	0.335811952170395
GGTTCGAA	0.0482882490827297
GGTTCTAA	0.665825070169098
GGTTCTCA	0.359111430955993
GGTTCTTA	0.0416506639910549
GGTTGAGA	0.792480388977088
GGTTGATA	1.33156480557258
GGTTGCGA	0.0292296835833113
GGTTGGAA	0.0569317625794241
GGTTGGTA	0.0990736628857301
GGTTGTAA	1.46425306774478
GGTTGTAC	0.253095616463133
GGTTGTTA	0.708103955230743
GGTTTAAA	0.278669098328646
GGTTTAAC	0.33218803169617
GGTTTACA	1.08377117283657
GGTTTAGA	0.651602796369945
GGTTTATA	0.806537607374317
GGTTTCAA	0.0977669742871624
GGTTTGAA	0.146566389844219
GGTTTGAC	0.862592442954401
GGTTTGGA	0.0137203706381995
GGTTTGTA	0.0855983489922249
GGTTTTAA	0.153759493031826
GGTTTTAC	0.226496433171376
GGTTTTCA	0.280255089860743
GGTTTTTA	0.663595138004324
GTAAAAAA	0.41758202638125
GTAAAAAC	0.729514560207584
GTAAAACA	0.873815368165863
GTAAAAGA	1.56865566217836
GTAAAATA	0.307559969207667
GTAAACAA	1.25958212370679
GTAAACCA	0.406490471795809
GTAAACGA	0.985009094127938
GTAAACTA	0.842611195301708
GTAAAGAA	0.122555881580602
GTAAAGAC	1.35376587995727
GTAAAGCA	0.669364217290634
GTAAAGGA	0.6957635375787
GTAAAGTA	2.89832682193226
GTAAATAA	1.84278012282476
GTAAATAC	0.817079257993142
GTAAATCA	2.58009607713147
GTAAATGA	2.06322227894052
GTAAATTA	3.36756810134472
GTAACAAA	1.4686424747514
GTAACAAC	0.345063475872137
GTAACACA	1.06360269397115
GTAACAGA	0.483759979239566
GTAACATA	1.55474328831751
GTAACCAA	0.309690531283528
GTAACCAC	1.2587327059411
GTAACCCA	0.0679037362104094
GTAACCGA	0.368593414666205
GTAACCTA	0.284791867761937
GTAACGAA	1.26737032460201
GTAACGAC	1.19985199836922
GTAACGGA	0.0867394207759371
GTAACTAA	1.74326827714583
GTAACTAC	1.51285851513393
GTAACTCA	1.05775024486448
GTAACTGA	1.2560137831128
GTAACTTA	0.763414918676304
GTAAGAAA	1.90380570850226
GTAAGAAC	0.0134427519434669
GTAAGACA	0.471044537749137
GTAAGAGA	0.0840853411412505
GTAAGATA	0.967299042490501
GTAAGCAA	1.48905853671971
GTAAGCAC	0.850466204335808
GTAAGCCA	1.04288178478092
GTAAGCGA	0.284551021614231
GTAAGCTA	0.32814361293609
GTAAGGAC	0.720215316406645
GTAAGGCA	0.123725866130298
GTAAGGGA	0.229910665915605
GTAAGGTA	0.594841422615297
GTAAGTAA	0.602469059412051
GTAAGTAC	1.20208782536978
GTAAGTCA	0.72118880643024
GTAAGTGA	1.39013027978329
GTAAGTTA	2.00459954061077
GTAATAAA	2.61290897875146
GTAATAAC	1.47843295486759
GTAATACA	1.85803427359241
GTAATAGA	1.69803664076983
GTAATATA	2.72842895276533
GTAATCAA	3.54668886215387
GTAATCAC	3.35959659912729
GTAATCCA	0.962939951782194
GTAATCGA	2.27502092155958
GTAATCTA	1.61370455864509
GTAATGAA	1.48079453836485
GTAATGAC	3.82220646899033
GTAATGCA	1.45034911507791
GTAATGGA	2.18940713371173
GTAATGTA	3.22526283565223
GTAATTAA	9.82913255441903
GTAATTAC	12.3904215790445
GTAATTCA	1.12172409055287
GTAATTGA	3.70654922951465
GTAATTTA	2.90651418742193
GTACAAAA	1.1151325413216
GTACAAAC	1.21850578514488
GTACAACA	0.05416848812952
GTACAAGA	1.86766334749073
GTACAATA	1.25128331775016
GTACACAA	0.709857809229423
GTACACCA	0.0854026965855219
GTACACGA	0.729297854815941
GTACACTA	1.28318448476904
GTACAGAA	0.773916147564045
GTACAGCA	0.26639605022841
GTACAGTA	0.243838759338539
GTACATAA	1.07945952152099
GTACATAC	1.29976749994606
GTACATCA	0.690150531087407
GTACATGA	0.597850876635758
GTACATTA	3.03204696107295
GTACCAAA	0.930843413063077
GTACCACA	0.257616113389308
GTACCATA	1.55214310432427
GTACCCAA	0.694233687339775
GTACCCGA	0.224193517325478
GTACCTAA	0.67602201324785
GTACCTAC	0.877703994837392
GTACCTTA	0.639395433582719
GTACGAAA	1.07191693878339
GTACGAAC	0.476907934407976
GTACGAGA	1.23364372343566
GTACGATA	0.897569591426151
GTACGCGA	0.624295671371294
GTACGCTA	0.637813371941144
GTACGGAA	0.709520119350996
GTACGGAC	0.017809702432817
GTACGTAA	0.329242859456389
GTACGTAC	0.782632083328931
GTACGTGA	0.142275510807115
GTACGTTA	1.01011716467306
GTACTAAA	1.17404075812713
GTACTAAC	1.05505602420517
GTACTACA	1.23657991306853
GTACTAGA	0.234380916384391
GTACTATA	1.78920336392527
GTACTCAA	0.350255984077576
GTACTCGA	0.227386553374611
GTACTCTA	1.46882521466067
GTACTGAA	0.162203704937761
GTACTGAC	0.856578026216931
GTACTGCA	1.00089876433429
GTACTGGA	0.0316437591896891
GTACTGTA	0.561293631467694
GTACTTAA	3.15486221542801
GTACTTCA	1.16583346247838
GTACTTGA	1.16040459942869
GTACTTTA	2.45081811781297
GTAGAAAA	0.161492675459743
GTAGAAAC	1.33346294269471
GTAGAACA	0.887501211908763
GTAGAAGA	0.679657723393641
GTAGAATA	0.787331390273857
GTAGACAA	0.824457908154682
GTAGACAC	0.0272885983719046
GTAGACGA	0.893714930236992
GTAGACTA	0.774315312158495
GTAGAGAA	0.0990023634434022
GTAGAGAC	0.0823109955705636
GTAGAGGA	0.0501698245233748
GTAGAGTA	0.554444112994297
GTAGATAA	2.12504703592631
GTAGATAC	0.769476774806504
GTAGATCA	1.3711306626417
GTAGATGA	1.00844275060422
GTAGATTA	3.94274631673314
GTAGCAAA	0.784920402438605
GTAGCAAC	0.52647732780088
GTAGCATA	0.551021178349626
GTAGCGTA	1.05926325271545
GTAGCTAA	1.88105332661862
GTAGCTAC	0.639773264485764
GTAGCTCA	0.0522602455746181
GTAGCTGA	0.634381454689566
GTAGCTTA	0.478973933996689
GTAGGAAA	0.274624679568566
GTAGGAAC	0.165854292526243
GTAGGATA	0.532916734127659
GTAGGCTA	0.0709797176632798
GTAGGGTA	0.382211046737901
GTAGGTAA	1.22513438762964
GTAGGTCA	0.701906517877533
GTAGGTGA	0.00824575243457474
GTAGGTTA	0.388065460789832
GTAGTAAA	1.34542496803077
GTAGTAAC	0.715117686986667
GTAGTAGA	0.74573714828244
GTAGTATA	1.6971201341588
GTAGTCAA	0.752658246904631
GTAGTCAC	0.253095616463133
GTAGTCCA	0.800415960766889
GTAGTCGA	0.843902445044655
GTAGTCTA	0.224148323584474
GTAGTGAA	0.460088845093171
GTAGTGAC	0.826461590907975
GTAGTGGA	0.0100902746217263
GTAGTGTA	0.724741427462137
GTAGTTAA	3.06602423311332
GTAGTTCA	0.281715886309067
GTAGTTGA	0.540263664458556
GTAGTTTA	1.20526036984691
GTATAAAA	0.86795842775574
GTATAAAC	0.158084056844832
GTATAACA	1.63518309458667
GTATAAGA	1.43078920783047
GTATAATA	3.19787683213667
GTATACAA	1.7087366098354
GTATACAC	1.315545448979
GTATACCA	2.27351296642499
GTATACGA	1.00022899870675
GTATACTA	1.45875683514328
GTATAGAA	0.51918681946962
GTATAGAC	0.344752453107967
GTATAGCA	0.452892934840905
GTATAGGA	0.524480382002767
GTATAGTA	1.30710628978945
GTATATAA	1.57365616716115
GTATATAC	1.47662043321755
GTATATCA	1.15957595394148
GTATATGA	1.45952260238215
GTATATTA	3.32295261566128
GTATCAAA	0.723067855512693
GTATCAAC	0.419729992257995
GTATCACA	0.474491613149871
GTATCAGA	0.0287791497056096
GTATCATA	1.1612916318608
GTATCCAA	0.339405556346307
GTATCCCA	0.520973235418339
GTATCCGA	1.06109121322112
GTATCCTA	0.246597823191456
GTATCGAA	0.00254600764533042
GTATCGCA	0.131002058431798
GTATCGTA	0.66964295881123
GTATCTAA	2.40064604763787
GTATCTCA	0.718690799590571
GTATCTGA	0.543724494476118
GTATCTTA	0.819609826782851
GTATGAAA	1.04549123208753
GTATGAAC	1.23803228832288
GTATGACA	0.526157322429803
GTATGAGA	0.799964865476256
GTATGATA	1.25713941604089
GTATGCCA	0.66847943051025
GTATGCTA	1.53344552733994
GTATGGAA	0.513713604798324
GTATGGAC	0.570805931476218
GTATGGTA	0.0415322058624632
GTATGTAA	1.52251369473358
GTATGTCA	0.437427131398001
GTATGTGA	0.853422324127757
GTATGTTA	1.62218610451098
GTATTAAA	1.55627987551162
GTATTAAC	2.63316138885017
GTATTACA	1.24314788295667
GTATTAGA	1.06273783734984
GTATTATA	1.75444404367103
GTATTCAA	0.670360163831498
GTATTCAC	2.2093400998523
GTATTCCA	0.508223828445542
GTATTCGA	0.240614564871695
GTATTCTA	0.499871968966874
GTATTGAA	0.656921061072087
GTATTGAC	2.02540213538256
GTATTGCA	1.1852948417563
GTATTGGA	0.530421815059115
GTATTGTA	0.882172841773849
GTATTTAA	2.7424258192724
GTATTTCA	0.246076551284357
GTATTTGA	1.38329788440431
GTATTTTA	1.90672337150838
GTCAAAAA	0.510742046150753
GTCAAACA	0.224960688096667
GTCAAATA	1.41201134879691
GTCAACAA	0.0577792153998487
GTCAACAC	0.45641860805208
GTCAACCA	0.943060039163676
GTCAACTA	0.521136045168537
GTCAAGAA	0.290580596500858
GTCAAGAC	0.311611686335859
GTCAAGCA	0.988390203509196
GTCAAGGA	0.201145832239754
GTCAAGTA	0.77736659144237
GTCAATAA	3.1110793051223
GTCAATCA	1.22022370871593
GTCAATGA	0.765418601429597
GTCAATTA	4.59464160924051
GTCACAAA	1.58560303434806
GTCACAAC	0.265435472702244
GTCACAGA	0.570430907637833
GTCACATA	0.8214206641941
GTCACCAA	0.147325420127898
GTCACGAA	0.378755550143191
GTCACGTA	0.188299020123304
GTCACTAA	1.9404412707743
GTCACTCA	1.07060323252317
GTCACTGA	0.243867110691591
GTCACTTA	0.869368135627278
GTCAGAAA	1.10424141115278
GTCAGAAC	1.13403896391652
GTCAGACA	0.149774864748974
GTCAGATA	0.495498281522342
GTCAGCTA	0.570035672933905
GTCAGGTA	0.113681627368973
GTCAGTAA	1.08024774527712
GTCAGTGA	0.00761332076699685
GTCAGTTA	0.547997408299406
GTCATAAA	1.2500785255987
GTCATAAC	0.793180470902938
GTCATACA	0.872602996939823
GTCATATA	1.23650299949689
GTCATCAA	2.59960994851851
GTCATCAC	0.117353267942393
GTCATCCA	0.222647666817999
GTCATCGA	0.820190608460711
GTCATCTA	1.13057167765025
GTCATGAA	0.566768249671319
GTCATGAC	0.623772715225401
GTCATGCA	0.0116566167012131
GTCATGGA	0.170460685630969
GTCATGTA	0.819043080428284
GTCATTAA	4.87309540570984
GTCATTCA	1.23797502420384
GTCATTGA	0.765418601429597
GTCATTTA	2.54927591071261
GTCCAAAA	0.20329772800702
GTCCAAAC	0.713888754079141
GTCCAAGA	0.0815968783214212
GTCCAATA	0.162005806879331
GTCCACAC	0.0347065474386636
GTCCAGAA	0.532193634271609
GTCCAGTA	0.328208456129703
GTCCATAA	0.863186417836157
GTCCATCA	0.36641429037175
GTCCATTA	4.55442310963826
GTCCCAAC	0.234244493041984
GTCCCGTA	0.378765655575962
GTCCCTAA	0.574522765790642
GTCCGAAA	1.24375364750999
GTCCGTAA	1.29090026339608
GTCCGTTA	0.826104532283404
GTCCTAAA	0.44964516103093
GTCCTAAC	0.511985014381572
GTCCTACA	0.647510376804203
GTCCTATA	0.829592590828154
GTCCTCAA	0.822057867871598
GTCCTGAA	0.832709555425039
GTCCTGGA	0.171105187676579
GTCCTTAA	1.61324672639927
GTCCTTCA	0.160848173414134
GTCGAAAA	1.03190307419475
GTCGAACA	0.225015425857509
GTCGAATA	1.02174571072769
GTCGACAC	0.0505653399337682
GTCGACTA	0.748644705855796
GTCGAGTA	0.863506423207235
GTCGATAA	1.44355377295243
GTCGATCA	0.329819991950194
GTCGATGA	0.382842916992547
GTCGATTA	4.30185185285335
GTCGCAAA	0.273559679237101
GTCGCCTA	0.0105264924696691
GTCGCGTA	1.3446280423742
GTCGCTAA	1.62794648189685
GTCGCTGA	0.0456737490597293
GTCGCTTA	0.152504173716509
GTCGGACA	0.323193073704221
GTCGGATA	0.212054927622387
GTCGGGCA	0.0544817565454172
GTCGGTAA	0.783436307353614
GTCGTAAA	0.906985047703956
GTCGTACA	1.34015330060196
GTCGTAGA	0.328976469020291
GTCGTATA	1.05213892261198
GTCGTCAA	0.537355826178735
GTCGTGGA	0.498467875224653
GTCGTGTA	0.729297854815941
GTCGTTAA	3.87655404784507
GTCGTTCA	0.105149273632758
GTCGTTGA	0.98188146268535
GTCGTTTA	1.34135107509178
GTCTAAAA	1.00174705927411
GTCTAAAC	0.0136880893946263
GTCTAACA	0.612080448803024
GTCTAATA	1.70042040007789
GTCTACAA	1.14358354516862
GTCTACCA	0.322684995001019
GTCTACTA	1.02172606127508
GTCTAGAA	0.380763443493472
GTCTAGAC	0.0230297198719088
GTCTAGCA	0.0582028014568285
GTCTAGTA	0.483024809005484
GTCTATAA	0.636235801603023
GTCTATCA	1.11117177308835
GTCTATGA	0.549597435154795
GTCTATTA	3.19989062032273
GTCTCAAA	0.876454851064325
GTCTCATA	1.32908925525017
GTCTCGTA	0.676487424568242
GTCTCTAA	1.10832877800214
GTCTCTTA	0.153845108503913
GTCTGAAC	0.535711166995274
GTCTGATA	1.60614962482299
GTCTGGAA	0.391751698099477
GTCTGGCA	0.27152539947903
GTCTGTAA	0.714596134373103
GTCTGTGA	0.613195414885411
GTCTGTTA	0.830266286346212
GTCTTAAA	0.759222286902251
GTCTTAAC	0.409949898281041
GTCTTAGA	0.161176599979187
GTCTTATA	0.991575379777284
GTCTTCAA	0.911012624076083
GTCTTCTA	0.711284359488912
GTCTTGAA	0.614376346987275
GTCTTGGA	0.213299580092001
GTCTTGTA	0.571788965519653
GTCTTTAA	2.19789120593582
GTCTTTCA	0.970140914750845
GTCTTTTA	1.01792080442391
GTGAAAAC	0.204212269672785
GTGAAACA	0.175201256426377
GTGAAAGA	1.17146443418349
GTGAAATA	0.584937817793366
GTGAACAA	0.525764614084067
GTGAACAC	0.476271853556342
GTGAACTA	0.426830743018334
GTGAAGAA	0.623697485892551
GTGAAGCA	0.272071092848657
GTGAATAA	0.288231925501025
GTGAATGA	0.95288616900103
GTGAATTA	2.08254049792085
GTGACAAA	0.325615289798108
GTGACAAC	0.441774432434743
GTGACACA	0.718856416405428
GTGACATA	0.782680364841059
GTGACCAA	0.315816388487943
GTGACTAA	2.50228368338274
GTGACTGA	0.601655572073995
GTGACTTA	0.468828921614121
GTGAGAAA	0.439411164698685
GTGAGAAC	0.479702647982056
GTGAGACA	0.131408240687895
GTGAGATA	0.680013097779417
GTGAGCAA	0.449645722443862
GTGAGCTA	0.912831601974843
GTGAGGTA	0.18113819817927
GTGAGTAA	0.876253584528305
GTGAGTGA	0.523834195718363
GTGAGTTA	0.919687857403421
GTGATAAA	0.996630903227384
GTGATAAC	1.44374324981688
GTGATACA	0.870789352463916
GTGATAGA	0.85620468661734
GTGATATA	0.713485659594169
GTGATCAA	0.360938268635796
GTGATCCA	0.281497215972164
GTGATCTA	1.22128337562454
GTGATGAA	0.693141458481122
GTGATGGA	0.185441989713802
GTGATGTA	0.0459162794462309
GTGATTAA	4.94168350428401
GTGATTCA	0.801580331187268
GTGATTGA	1.41284055569705
GTGATTTA	1.94648207391956
GTGCAAAA	0.141656833756365
GTGCAAGA	0.304599638818729
GTGCAATA	0.939667140110852
GTGCAGTA	1.09887261928679
GTGCATAA	0.931901395732895
GTGCATCA	0.392020334187304
GTGCATTA	2.30512332154524
GTGCCTAA	0.130910828830395
GTGCCTGA	0.204998528483652
GTGCCTTA	0.37084636476118
GTGCGAAA	0.400856973732508
GTGCGATA	0.0825641928027677
GTGCGTAA	1.09138196724537
GTGCGTTA	0.280387583312627
GTGCTAAA	0.709574576405373
GTGCTAAC	1.20285976815089
GTGCTATA	0.382559964874962
GTGCTGTA	0.39695206608596
GTGCTTAA	1.1019326004711
GTGCTTCA	0.373607393559358
GTGCTTGA	0.709815703259544
GTGCTTTA	0.694222178374675
GTGGAAAA	0.6099717818315
GTGGAATA	1.0050950452924
GTGGACAA	0.568461471073374
GTGGACTA	0.678899254522893
GTGGAGTA	0.278705309462742
GTGGATAA	0.31491195225495
GTGGATCA	0.82682650931359
GTGGATTA	0.311607756445336
GTGGCAAA	1.00626418772269
GTGGCATA	0.465906486598075
GTGGCGTA	0.177683824410424
GTGGCTAA	1.02840462951076
GTGGGAAA	0.0993493166352029
GTGGGATA	0.411261358889529
GTGGGTAA	0.713042704791046
GTGGTAAC	0.240564318414307
GTGGTACA	0.769431019652569
GTGGTAGA	0.215235612587022
GTGGTATA	0.492244051463653
GTGGTCAA	0.257695272612679
GTGGTCTA	0.245198220752688
GTGGTGTA	0.807377481120164
GTGGTTAA	1.83980800276426
GTGGTTGA	0.33992037200469
GTGGTTTA	1.30121762954868
GTGTAAAA	1.32608906454309
GTGTAAAC	0.497334382515519
GTGTAACA	1.54596391289134
GTGTAAGA	0.328956538861215
GTGTAATA	1.63833823526291
GTGTACAA	1.138524091828
GTGTACAC	0.210510199940772
GTGTACGA	0.560338948777312
GTGTACTA	0.621524537140345
GTGTAGAA	1.03456753996867
GTGTAGCA	0.00366827209583046
GTGTAGTA	1.19016959024239
GTGTATAA	0.821725511416021
GTGTATCA	1.15717984354891
GTGTATGA	1.14492195359783
GTGTATTA	1.64899244917454
GTGTCAAA	0.408701315920905
GTGTCACA	0.617466083056972
GTGTCATA	1.73794917032429
GTGTCCAA	0.131216237465248
GTGTCCGA	0.0485408849020015
GTGTCCTA	0.0364317693778262
GTGTCGTA	0.874813560358454
GTGTCTAA	1.2355146320306
GTGTCTCA	0.355351367845828
GTGTCTGA	0.625520112975366
GTGTCTTA	0.0710776842198645
GTGTGAAA	0.0213101120620638
GTGTGAAC	0.2581390695352
GTGTGACA	0.138627168870362
GTGTGAGA	0.534478584903692
GTGTGCAA	0.144452108743377
GTGTGGAA	0.53653139128851
GTGTGGTA	0.897723418569442
GTGTGTAA	1.94814357549097
GTGTGTCA	1.10959616769549
GTGTGTTA	0.958768653699547
GTGTTAAA	1.08947232115814
GTGTTAAC	0.599033492976417
GTGTTACA	0.743593112296218
GTGTTAGA	0.594580646308515
GTGTTATA	1.85079373101207
GTGTTCAA	0.656921061072087
GTGTTCGA	1.18334365111213
GTGTTCTA	1.40596465081587
GTGTTGAA	0.945437342223026
GTGTTGCA	0.556345057181086
GTGTTGGA	0.363120761407841
GTGTTGTA	1.65746950373698
GTGTTTAA	1.84948002475186
GTGTTTGA	0.919324342530134
GTGTTTTA	1.38921489599813
GTTAAAAA	1.20039965668411
GTTAAAAC	1.01013681412567
GTTAAACA	1.6396816964085
GTTAAAGA	1.23057616317676
GTTAAATA	3.15987282584357
GTTAACAA	2.26643495288838
GTTAACCA	0.095012401737699
GTTAACGA	3.95401275144681
GTTAACTA	2.48812934054833
GTTAAGAA	0.450709038536531
GTTAAGCA	1.34788395667169
GTTAAGGA	0.863771129404538
GTTAAGTA	1.81001129211992
GTTAATAA	3.96673240353423
GTTAATCA	4.15321328787817
GTTAATGA	6.81450230672669
GTTAATTA	8.94470255195322
GTTACAAA	0.746426001949656
GTTACAAC	0.700804464292575
GTTACACA	1.06786016893881
GTTACAGA	0.61628374742278
GTTACATA	1.88485072368874
GTTACCAA	0.683425365578385
GTTACCCA	0.37804199430698
GTTACCGA	0.824657209745441
GTTACCTA	0.676535144667438
GTTACGAA	0.610060485074711
GTTACGCA	0.686392432922502
GTTACGTA	0.194896464190361
GTTACTAA	2.46865336453418
GTTACTCA	0.864704478403516
GTTACTGA	1.17743899060281
GTTACTTA	2.14492582571896
GTTAGAAA	0.805386149451368
GTTAGAAC	1.67595290168786
GTTAGACA	0.872394993448623
GTTAGAGA	0.668264970770334
GTTAGATA	1.23441510480384
GTTAGCAA	0.766569497939614
GTTAGCGA	0.415473640116192
GTTAGCTA	0.711360711647626
GTTAGGAA	1.17149868037232
GTTAGGTA	1.35767892809133
GTTAGTAA	1.89350350049881
GTTAGTCA	1.85970840695479
GTTAGTGA	1.25303773316178
GTTAGTTA	0.944529537512442
GTTATAAA	1.76034140581224
GTTATAAC	0.595511468949299
GTTATACA	1.09596337747463
GTTATAGA	1.2003249887642
GTTATATA	1.3176271681298
GTTATCAA	1.72412325405493
GTTATCCA	0.603717641772187
GTTATCGA	0.607895676810015
GTTATCTA	1.8810724146583
GTTATGAA	0.939374363266962
GTTATGCA	1.72805230245754
GTTATGGA	1.09887318069972
GTTATGTA	1.78988772628903
GTTATTAA	4.821770193373
GTTATTCA	0.627728711448735
GTTATTGA	1.56004835981576
GTTATTTA	2.2209770671009
GTTCAAAA	0.494382754027024
GTTCAAAC	0.175750037567129
GTTCAACA	1.01259411852779
GTTCAAGA	0.647470235779586
GTTCAATA	0.9913384635201
GTTCACTA	0.414928788865962
GTTCAGCA	0.0556834609257542
GTTCAGGA	0.172203872783947
GTTCAGTA	1.25370076183413
GTTCATAA	0.837530127563216
GTTCATCA	0.531968507685991
GTTCATGA	1.01981557306845
GTTCATTA	2.52206675227054
GTTCCAAA	0.00435207304666021
GTTCCACA	0.160471184630487
GTTCCAGA	0.547959232220049
GTTCCATA	0.486855048732114
GTTCCCAA	0.434326728482602
GTTCCGTA	0.44899729050773
GTTCCTAA	0.920128847261283
GTTCCTGA	0.455733684275387
GTTCGAAA	0.593989478491418
GTTCGAAC	0.693658519791233
GTTCGATA	0.802991161884669
GTTCGCAA	0.521416751634395
GTTCGCGA	0.0871543049324743
GTTCGCTA	0.667157864468991
GTTCGTAA	0.506707452116978
GTTCGTGA	0.686835949138557
GTTCGTTA	1.79927679615905
GTTCTAAA	0.643487011029063
GTTCTACA	0.73688254352342
GTTCTAGA	0.821807477704052
GTTCTATA	1.16975886169693
GTTCTCAA	0.537002978151152
GTTCTCCA	0.783444447841124
GTTCTCTA	0.708786352649243
GTTCTGAA	0.738827839331815
GTTCTGGA	0.500945390492314
GTTCTGTA	1.31429265602188
GTTCTTAA	0.839833324115579
GTTCTTCA	0.159785980147328
GTTCTTGA	0.579056455920712
GTTCTTTA	0.134367448250968
GTTGAAAA	0.753743458101638
GTTGAAAC	0.613101658925815
GTTGAACA	0.727412349484775
GTTGAATA	1.31908094691648
GTTGACAA	0.382559684168497
GTTGACCA	0.745414335846704
GTTGACGA	0.572112900781253
GTTGACTA	0.966684856743204
GTTGAGAA	1.20642249461556
GTTGAGCA	0.287650863116699
GTTGAGTA	0.288168766546207
GTTGATAA	1.88154708929206
GTTGATCA	0.634166433536719
GTTGATGA	1.81815262174919
GTTGATTA	3.38009996080648
GTTGCAAA	0.367692346910801
GTTGCAGA	0.182640539184541
GTTGCATA	0.497057044527252
GTTGCCAA	0.936048272353013
GTTGCCTA	1.0241224523741
GTTGCTAA	0.781913474776336
GTTGCTCA	0.004318949683689
GTTGCTGA	0.628667955283496
GTTGCTTA	0.518616985343929
GTTGGAAA	0.259999872697373
GTTGGAGA	0.349926153980193
GTTGGATA	0.808586764575079
GTTGGCAA	0.160273286572057
GTTGGCGA	0.01800872331711
GTTGGCTA	0.8692216068521
GTTGGGTA	0.44886984977223
GTTGGTCA	0.208463849804667
GTTGGTTA	1.38931735385817
GTTGTAAA	1.05615976202892
GTTGTACA	0.690150531087407
GTTGTAGA	1.15105538987683
GTTGTATA	1.42289377706529
GTTGTCAA	0.555144194920146
GTTGTCGA	0.400396334422036
GTTGTCTA	0.851062705575756
GTTGTGCA	1.57208477236528
GTTGTGGA	0.988856456948985
GTTGTGTA	0.834921522375998
GTTGTTAA	2.16947444827763
GTTGTTCA	1.12156745634493
GTTGTTGA	1.14553726217099
GTTGTTTA	0.639395433582719
GTTTAAAA	0.398320229400551
GTTTAAAC	0.754988110571251
GTTTAACA	1.6533675401514
GTTTAAGA	0.763792188166417
GTTTAATA	2.80864672021999
GTTTACAA	0.942816385951312
GTTTACCA	0.0420784606450221
GTTTACGA	0.783434342408353
GTTTACTA	1.36010058277229
GTTTAGAA	1.15025874492672
GTTTAGCA	0.437110213798048
GTTTAGGA	0.51526984144504
GTTTAGTA	2.10397973495721
GTTTATAA	1.90608672924382
GTTTATCA	1.17845234094455
GTTTATGA	1.47052657655024
GTTTATTA	2.8287840406677
GTTTCAAA	0.999070242415689
GTTTCACA	0.531710819150334
GTTTCAGA	0.155097059341638
GTTTCATA	0.210052086988491
GTTTCCAA	0.37946377255655
GTTTCCCA	0.308107908229021
GTTTCCGA	0.0263748988255375
GTTTCCTA	0.128225590777999
GTTTCGAA	0.585418106556449
GTTTCGGA	1.35130296142584
GTTTCGTA	1.56514009439995
GTTTCTAA	0.393728152325582
GTTTCTCA	0.585164067204847
GTTTCTGA	1.25064948255026
GTTTCTTA	1.53254277534575
GTTTGAAA	0.674283878811259
GTTTGAGA	0.257076595561929
GTTTGATA	1.11122258095867
GTTTGCAA	0.403749653863173
GTTTGCGA	1.25408532969236
GTTTGCTA	1.12583166826777
GTTTGGAA	0.820154678033081
GTTTGGTA	0.815281052372857
GTTTGTAA	1.10719332034774
GTTTGTCA	0.94819051124016
GTTTGTGA	1.62132068647674
GTTTGTTA	1.41428114127984
GTTTTAAA	0.838633865386969
GTTTTACA	0.366847981861501
GTTTTAGA	0.539981554460369
GTTTTATA	1.18612461006938
GTTTTCAA	0.706187291481865
GTTTTCGA	1.30881466934066
GTTTTCTA	0.742110420743557
GTTTTGAA	0.474394488712685
GTTTTGCA	0.640606962689362
GTTTTGGA	0.335492508212248
GTTTTGTA	1.27369407986486
GTTTTTAA	0.736335165914998
GTTTTTGA	1.61427158570612
GTTTTTTA	0.329734657184573
TAAAAAAA	1.13205240425765
TAAAAACA	1.38060366374501
TAAAAATA	0.815071645349327
TAAAACAA	1.33149322542378
TAAAACCA	0.190569093312696
TAAAACGA	1.9595862938652
TAAAACTA	1.1792585299145
TAAAAGAA	0.227650698158983
TAAAAGCA	1.420635212841
TAAAAGGA	0.551504274177368
TAAAAGTA	0.893481382457398
TAAAATAA	1.57149023607059
TAAAATCA	1.59981744836617
TAAAATGA	2.12720061593237
TAAAATTA	1.47772866234475
TAAACAAA	1.53248579193318
TAAACACA	2.53346820679429
TAAACAGA	0.770220366234561
TAAACATA	1.84943876090138
TAAACCAA	1.24653011516379
TAAACCCA	0.188299020123304
TAAACCGA	0.283581461481158
TAAACCTA	0.278669098328646
TAAACGAA	1.27931971814711
TAAACGCA	0.335275522114141
TAAACGGA	0.995716361561619
TAAACGTA	1.48319822783199
TAAACTAA	1.52906201516911
TAAACTCA	0.994447849042408
TAAACTGA	1.35797030140289
TAAACTTA	1.50763119932673
TAAAGAAA	0.119443408287171
TAAAGACA	1.34570006036731
TAAAGAGA	0.758500309872064
TAAAGATA	1.79749402939438
TAAAGCAA	1.00816878109354
TAAAGCCA	0.541619195982183
TAAAGCTA	0.283218508020804
TAAAGGGA	0.0378555125726572
TAAAGGTA	0.314641912634793
TAAAGTAA	2.09137124263028
TAAAGTCA	1.20573420236128
TAAAGTGA	0.670885646335583
TAAAGTTA	1.8651420420144
TAAATAAA	1.59486831266663
TAAATACA	1.08717558085449
TAAATAGA	1.12403879607034
TAAATATA	2.32218157276895
TAAATCAA	2.91234137294667
TAAATCCA	1.61793733144376
TAAATCGA	1.47605144121125
TAAATCTA	1.16206862735829
TAAATGAA	2.19826173847075
TAAATGCA	1.98110862001545
TAAATGGA	1.30795907603273
TAAATGTA	3.1338673367271
TAAATTAA	3.3735314295054
TAAATTCA	1.62015182475291
TAAATTGA	3.03783288274722
TAAATTTA	2.20391264033493
TAACAAAA	1.78185671430084
TAACAACA	1.1044895556686
TAACAAGA	1.7990864771752
TAACAATA	2.27437024397172
TAACACAA	1.32391050166156
TAACACCA	0.694907944270766
TAACACGA	1.70312135769238
TAACACTA	1.60071093704699
TAACAGAA	0.0459190865108894
TAACAGCA	1.67310569600466
TAACAGGA	0.553670485974393
TAACAGTA	2.58171687626533
TAACATAA	1.86321836060387
TAACATCA	1.55364853310067
TAACATGA	1.54400177469499
TAACATTA	3.78898682370132
TAACCAAA	0.643491221626051
TAACCACA	1.76295001099945
TAACCAGA	0.485671028859125
TAACCATA	0.983146606726971
TAACCCAA	0.922285795744935
TAACCCGA	0.233483217106577
TAACCGAA	1.41501603080745
TAACCGCA	0.184485342078159
TAACCGTA	1.15105538987683
TAACCTAA	1.42541957384508
TAACCTCA	0.333572475985781
TAACCTGA	1.10699458016992
TAACCTTA	1.08981141456889
TAACGAAA	2.99535946810473
TAACGACA	3.04457882053471
TAACGAGA	2.25522465946788
TAACGATA	3.10834550485131
TAACGCAA	1.42784600053595
TAACGCCA	0.11417033732603
TAACGCGA	0.808668169450178
TAACGCTA	0.369162687378965
TAACGGAA	0.971130124336529
TAACGGCA	0.473204293297448
TAACGGGA	0.201113270289714
TAACGGTA	1.05942943094324
TAACGTAA	1.2312919646647
TAACGTCA	0.355019011390252
TAACGTGA	0.353350492157193
TAACGTTA	1.49087133907622
TAACTAAA	0.824162885659065
TAACTACA	1.84567476790069
TAACTAGA	1.45529600512572
TAACTATA	1.18512361081213
TAACTCAA	1.89564669436563
TAACTCCA	0.866872655145801
TAACTCTA	1.5284043199196
TAACTGAA	1.82858367402047
TAACTGCA	1.46783544366206
TAACTGGA	0.877302584591215
TAACTGTA	1.18776281300413
TAACTTAA	1.20595090775292
TAACTTCA	1.2081651203556
TAACTTGA	0.106240660372013
TAAGAAAA	0.887501773321694
TAAGAACA	1.36182187482093
TAAGAAGA	0.71620177535781
TAAGAATA	1.85778023424081
TAAGACAA	1.08676631082727
TAAGACTA	1.59933407183196
TAAGAGAA	0.474353505568669
TAAGAGCA	0.303945312046815
TAAGAGGA	0.466206281103611
TAAGAGTA	1.19859667905391
TAAGATAA	2.29012994708437
TAAGATCA	1.43957279385363
TAAGATGA	1.25338917765703
TAAGATTA	2.46929674375393
TAAGCAAA	1.80215010754357
TAAGCACA	1.29257692311665
TAAGCAGA	0.624598272941489
TAAGCATA	1.49957997647299
TAAGCCAA	0.632809498480762
TAAGCCCA	0.129480910093315
TAAGCCGA	0.0763807907728504
TAAGCGAA	0.344487185497731
TAAGCGGA	1.23843454068845
TAAGCGTA	0.208336409069169
TAAGCTAA	0.928144139687388
TAAGCTCA	0.0207251197872161
TAAGCTGA	0.29519204232197
TAAGCTTA	0.864909955536524
TAAGGAAA	0.438377603491396
TAAGGACA	0.561345562163878
TAAGGAGA	0.28397978395621
TAAGGATA	0.429329311270935
TAAGGCAA	1.0719949751809
TAAGGCCA	0.282712113556396
TAAGGCTA	0.626423987795428
TAAGGGAA	0.594691806068994
TAAGGGCA	0.166026365589814
TAAGGGTA	0.540962342852076
TAAGGTAA	1.40306747938175
TAAGGTCA	1.1498281412081
TAAGGTGA	0.369920314130316
TAAGTAAA	2.06050111046049
TAAGTACA	1.88282795289577
TAAGTAGA	1.56486584418281
TAAGTATA	1.19843499212957
TAAGTCAA	0.699909572079421
TAAGTCCA	0.82682650931359
TAAGTCGA	0.50597340470876
TAAGTCTA	1.52213305676587
TAAGTGAA	1.24954546402004
TAAGTGCA	1.40602051140257
TAAGTGGA	0.985094709600025
TAAGTGTA	2.79869006187602
TAAGTTAA	2.16655818880383
TAAGTTCA	1.54358857477725
TAAGTTGA	1.45496505220248
TAATAAAA	2.49810508693198
TAATAACA	3.46527528515466
TAATAAGA	2.29190906466498
TAATAATA	4.33464678925952
TAATACAA	2.38420478922611
TAATACCA	1.56357543655926
TAATACGA	2.22820048658682
TAATACTA	2.72742767280162
TAATAGAA	1.34971837342607
TAATAGCA	3.47696558663177
TAATAGGA	2.43303311754915
TAATAGTA	2.84374709883025
TAATATAA	2.72904145427383
TAATATCA	3.06506281346776
TAATATGA	2.91845796683772
TAATATTA	1.43784111566575
TAATCAAA	3.1246960950746
TAATCACA	4.05876735178857
TAATCAGA	3.07938922936574
TAATCATA	3.69680506596533
TAATCCAA	0.820184432918462
TAATCCCA	0.351860221529953
TAATCCGA	1.91496154486838
TAATCCTA	1.43402322702362
TAATCGAA	2.59330752694707
TAATCGCA	1.9198722237821
TAATCGGA	1.58041305250081
TAATCGTA	1.27072757393367
TAATCTAA	3.36569354356572
TAATCTCA	1.60414257359211
TAATCTGA	2.47989621990472
TAATGAAA	1.88457619276513
TAATGACA	6.39408682927907
TAATGAGA	5.07529079942544
TAATGATA	4.48681916793339
TAATGCAA	2.32059473911746
TAATGCCA	1.57287580318606
TAATGCGA	1.99210585722837
TAATGCTA	1.96970435842705
TAATGGAA	2.57120217346723
TAATGGCA	2.91923973434513
TAATGGGA	2.59571093570774
TAATGGTA	2.99297037537382
TAATGTAA	4.12897737232247
TAATGTCA	3.31280086632353
TAATGTGA	3.7148165963471
TAATTAAA	6.29355124711915
TAATTACA	10.0816190378513
TAATTAGA	10.190221562427
TAATTATA	6.55422762239925
TAATTCAA	1.40020371201707
TAATTCCA	1.94327752890533
TAATTCGA	2.50157630308878
TAATTCTA	1.53572654808151
TAATTGAA	3.05756374023237
TAATTGCA	4.42176151458031
TAATTGGA	3.27626327060807
TAATTGTA	3.44614570091938
TAATTTAA	3.27792898277647
TAATTTCA	2.11313778340583
TAATTTGA	3.39726319624842
TACAAAAA	0.281877853939867
TACAAACA	1.69305353958792
TACAAAGA	0.804729857734192
TACAAATA	2.20297536144544
TACAACAA	1.39533120918271
TACAACCA	0.854183038650232
TACAACGA	0.507989999959482
TACAACTA	1.82665802766469
TACAAGAA	1.43786497571535
TACAAGCA	0.71516765273759
TACAAGGA	0.984068727467314
TACAAGTA	1.63283975700968
TACAATAA	0.468414879576981
TACAATCA	1.70770529427983
TACAATGA	1.97608706204772
TACACAAA	1.81202816807711
TACACACA	0.713938439123598
TACACAGA	0.758587328876481
TACACATA	1.22453564073797
TACACCAA	0.392975016877686
TACACCCA	0.00974528637518685
TACACCTA	0.889498719119807
TACACGAA	1.78576077982799
TACACGCA	1.07791395171998
TACACGGA	0.31331052186723
TACACGTA	1.0848002427404
TACACTAA	2.00593570338825
TACACTCA	0.697237246524454
TACACTGA	0.559391283748575
TACAGAAA	1.13182026001038
TACAGACA	1.03552615254958
TACAGAGA	0.939667140110852
TACAGATA	1.4797598543317
TACAGCAA	0.758587328876481
TACAGCGA	0.572591786012006
TACAGCTA	0.214393493189449
TACAGGAA	0.866918971712668
TACAGGTA	0.416842926256646
TACAGTAA	1.54915189622409
TACAGTGA	0.0974045822397396
TACATAAA	2.05161675081609
TACATACA	2.73383339435249
TACATAGA	1.55640563200832
TACATATA	2.14288621253804
TACATCAA	1.43106121239589
TACATCCA	1.72566124478136
TACATCGA	0.595530837695443
TACATCTA	1.3883009157453
TACATGAA	1.06738128370806
TACATGCA	1.63160352573405
TACATGGA	0.593055287373043
TACATGTA	2.76304763908018
TACATTAA	3.63999120010156
TACATTCA	1.96503228000931
TACATTGA	1.49223557250029
TACCAAAA	1.52074355975988
TACCAAGA	0.630791780404176
TACCAATA	2.05983864320107
TACCACAA	0.694585693247961
TACCACTA	0.623263232989869
TACCAGAA	0.867282767292419
TACCAGTA	0.935662581668924
TACCATAA	1.42960771431568
TACCATCA	0.601068895560353
TACCATGA	0.385881845191924
TACCCAAA	1.08437469173816
TACCCACA	0.365003740380815
TACCCATA	1.00129287621235
TACCCCAA	0.110693507039916
TACCCGAA	0.0832227301716695
TACCCTAA	0.530612134042966
TACCGAAA	0.347055930366796
TACCGACA	1.41569084915138
TACCGAGA	0.671309513099029
TACCGATA	1.62935590906192
TACCGCAA	0.974831800501796
TACCGCCA	0.427362120358203
TACCGCGA	0.235933223140584
TACCGCTA	0.0290486279128331
TACCGGCA	0.153845108503913
TACCGGTA	1.33203751526108
TACCGTAA	1.14428980263672
TACCGTCA	0.267580070101398
TACCGTGA	0.55632512702201
TACCTAAA	1.7728016851252
TACCTACA	1.16817904570709
TACCTAGA	0.524449504291523
TACCTATA	1.64978151505007
TACCTCAA	0.560610953342728
TACCTCCA	0.811620920764536
TACCTCGA	0.184876646891565
TACCTCTA	0.350689114154395
TACCTGGA	0.249464397620796
TACCTTAA	1.40306747938175
TACCTTCA	0.0448212435229192
TACCTTGA	0.201342888178786
TACGAAAA	1.3962808391567
TACGAACA	1.33436513327597
TACGAAGA	1.0445649007502
TACGAATA	1.17910610630354
TACGACAA	1.38930977478359
TACGACCA	0.353266560923901
TACGACGA	1.06629607251105
TACGACTA	0.940649051328423
TACGAGAA	1.30848399712388
TACGAGCA	0.682166958491944
TACGAGTA	0.37065660719026
TACGATAA	2.51415981254026
TACGATCA	0.382000516888508
TACGATGA	1.34513752460973
TACGCAAA	0.929621497817197
TACGCACA	1.26191086454754
TACGCAGA	0.185092790870276
TACGCCTA	0.413763014913254
TACGCGAA	0.236897730557272
TACGCGTA	0.752191151345444
TACGCTAA	1.82387173528458
TACGGAAA	0.704044939734439
TACGGATA	0.517011905772154
TACGGCAA	1.1341863348111
TACGGCTA	0.80765285416317
TACGGTAA	1.40465010243625
TACGGTCA	0.824370327737334
TACGGTGA	0.631501406349865
TACGTAAA	1.22919508736474
TACGTACA	0.455592208216595
TACGTAGA	0.885434650907117
TACGTATA	1.80691959110496
TACGTCAA	0.483194917123794
TACGTCCA	0.224091340171906
TACGTCTA	0.981581668179814
TACGTGAA	0.322611449906964
TACGTGCA	0.717793942432156
TACGTTAA	1.54349931012111
TACGTTCA	0.520244240726507
TACGTTGA	0.802347782664923
TACTAAAA	1.5875553478181
TACTAACA	1.69570509286441
TACTAAGA	1.29250225519673
TACTAATA	3.11683406837885
TACTACAA	0.415045282049293
TACTACCA	0.120677113204616
TACTACGA	1.10606993307138
TACTACTA	1.40092456622139
TACTAGAA	1.16927436233686
TACTAGCA	0.137696626936042
TACTAGGA	0.154259431247518
TACTAGTA	1.08163724228311
TACTATAA	2.45264832397036
TACTATCA	2.15351684710654
TACTATGA	1.40574991036949
TACTCAAA	0.286058976748819
TACTCACA	0.829356235983901
TACTCAGA	1.33632727147232
TACTCATA	1.27906483667611
TACTCCAA	0.561811534897202
TACTCCGA	0.474318136553971
TACTCCTA	0.711360711647626
TACTCGAA	0.831145458997279
TACTCGGA	0.0459578240031776
TACTCTAA	2.39070089825899
TACTCTCA	1.71376293981305
TACTCTGA	0.416145651395456
TACTGAAA	0.920204918713531
TACTGACA	0.506743101838142
TACTGAGA	0.40674451114741
TACTGATA	1.55353625051432
TACTGCAA	1.28602579561646
TACTGCCA	0.0072534550777668
TACTGCTA	0.74799318614854
TACTGGAA	0.830152319521073
TACTGGCA	0.0501268764340985
TACTGGGA	1.00202776573997
TACTGTAA	2.18092081583592
TACTGTCA	0.674029839459657
TACTGTGA	0.525996758331331
TACTTAAA	2.34846046998317
TACTTACA	1.82552116647796
TACTTAGA	1.6137685597193
TACTTATA	1.95647494339763
TACTTCAA	1.81840076626501
TACTTCCA	0.035156239196968
TACTTCGA	0.80489743949431
TACTTCTA	0.34406640650541
TACTTGAA	1.89127328762757
TACTTGCA	1.38051664474059
TACTTGGA	1.22453283367331
TACTTTAA	2.53119841431136
TACTTTCA	1.39931948664961
TACTTTGA	1.10912570365871
TAGAAAAA	0.714185180107087
TAGAAACA	1.26182552978192
TAGAAAGA	1.11217080740034
TAGAAATA	1.79820533957887
TAGAACAA	0.81163018407791
TAGAACCA	0.047007666185486
TAGAACGA	0.236087050283875
TAGAACTA	0.761737136129871
TAGAAGGA	0.624674625100202
TAGAATAA	2.25365859809486
TAGAATCA	0.348497077362511
TAGAATGA	0.591051323913284
TAGACAAA	0.630910238532768
TAGACACA	0.445380106988686
TAGACAGA	0.810456269637692
TAGACATA	0.864516405071391
TAGACCGA	1.04049746405992
TAGACCTA	1.5736631848228
TAGACGAA	1.46144207319568
TAGACTAA	1.3762692752057
TAGACTCA	0.921711470315789
TAGACTGA	0.833517990046709
TAGAGAAA	0.375664129834698
TAGAGACA	1.02647196549333
TAGAGAGA	0.379691425500361
TAGAGATA	1.01327005969757
TAGAGCAA	0.444862484265644
TAGAGCGA	0.181180584855615
TAGAGCTA	0.139494832556328
TAGAGGAA	0.767315054312932
TAGAGTAA	1.71710306605029
TAGAGTCA	0.318944300636997
TAGATAAA	1.64430605472705
TAGATACA	2.39131452259336
TAGATAGA	0.998942801680189
TAGATATA	1.5579382893119
TAGATCAA	1.85426606999474
TAGATCCA	0.399647690277592
TAGATCGA	0.741975120227013
TAGATCTA	0.377779253054938
TAGATGAA	1.09907192087754
TAGATGCA	1.26136376764559
TAGATTAA	3.83358462487741
TAGATTCA	0.927242791225518
TAGATTGA	1.84454267872389
TAGCAACA	0.766726132147563
TAGCAAGA	0.420846923285643
TAGCAATA	1.67600567450344
TAGCACAA	0.699982555760544
TAGCACGA	0.611563948905846
TAGCACTA	0.56389213122214
TAGCAGAA	0.37662498806733
TAGCAGGA	0.110837509456901
TAGCATAA	1.60032833413403
TAGCATCA	0.467718727541653
TAGCATGA	0.667109021543932
TAGCCAAA	0.799484576713173
TAGCCAGA	0.337646649631241
TAGCCATA	0.993993104567718
TAGCCCAA	0.173618914078337
TAGCCCGA	0.794493896456687
TAGCCCTA	0.429470225916795
TAGCCGAA	0.156277710737036
TAGCCTAA	0.671937734169619
TAGCCTGA	0.731490453020757
TAGCGAAA	0.559391283748575
TAGCGACA	0.24426290680845
TAGCGAGA	0.371445673065787
TAGCGATA	0.926267055550196
TAGCGCAA	0.607290473669626
TAGCGCCA	0.0781778735672725
TAGCGCGA	0.0611131660948428
TAGCGCTA	0.0743319142785539
TAGCGGAA	0.85451932499633
TAGCGTAA	0.841872937296502
TAGCGTGA	0.287540545475617
TAGCTAAA	0.489357546875237
TAGCTACA	1.33033474983919
TAGCTAGA	1.11540819507107
TAGCTATA	0.738325936170862
TAGCTCAA	0.125314664727053
TAGCTCGA	0.0163449760939708
TAGCTGAA	0.634381454689566
TAGCTGCA	0.475488682516598
TAGCTTAA	0.955212664190059
TAGCTTCA	0.313092132236793
TAGCTTGA	1.12149671831553
TAGGAAAA	0.0821869233126537
TAGGAACA	0.962939951782194
TAGGAAGA	0.414067300722244
TAGGAATA	0.816554336901989
TAGGACAA	0.583547197961506
TAGGACTA	0.218271733721741
TAGGAGAA	0.40789119706044
TAGGATAA	1.09442201827061
TAGGATCA	0.86536020870776
TAGGATGA	1.35942857149302
TAGGCAAA	0.215721234772956
TAGGCACA	0.874530046827938
TAGGCATA	1.00509195752127
TAGGCGAA	0.594267658599083
TAGGCTAA	0.676535144667438
TAGGCTCA	0.0672011279263675
TAGGGATA	0.422167366501038
TAGGGCAA	0.286754005958283
TAGGGCGA	0.276584852819651
TAGGGTAA	0.794778813519532
TAGGGTCA	0.524480382002767
TAGGTAAA	1.50443339126767
TAGGTACA	0.595196516294607
TAGGTAGA	1.01886453956212
TAGGTATA	0.890633334654804
TAGGTCAA	1.25779290069341
TAGGTCCA	0.816163593501514
TAGGTCGA	0.433387765354308
TAGGTGAA	0.810029595809589
TAGGTGGA	0.183633959367212
TAGGTTAA	0.537322141402832
TAGGTTCA	0.222523313853623
TAGGTTGA	0.554175757612937
TAGTAAAA	1.75308037165989
TAGTAACA	2.09415388582633
TAGTAAGA	1.2963757237191
TAGTAATA	2.39754480260307
TAGTACAA	1.42384312633282
TAGTACCA	0.44184095986715
TAGTACGA	2.6610063474374
TAGTACTA	2.72742823421455
TAGTAGAA	1.08686568091618
TAGTAGCA	0.0834997874534712
TAGTAGGA	0.353659269269636
TAGTATAA	2.05470452194053
TAGTATCA	0.500927986691431
TAGTCAAA	1.21495456764531
TAGTCACA	0.878786118263274
TAGTCAGA	0.248139463101947
TAGTCATA	1.23375853238019
TAGTCCAA	0.874541555793038
TAGTCGAA	0.21936283975453
TAGTCGCA	0.140520533982572
TAGTCGGA	0.0121677831755402
TAGTCTAA	1.42553747056074
TAGTCTCA	0.0555175634044324
TAGTCTGA	0.683610631845851
TAGTGAAA	0.618228481818242
TAGTGACA	0.737985439227776
TAGTGAGA	0.897417448521657
TAGTGATA	1.31491666649548
TAGTGCAA	0.426735022113476
TAGTGCCA	0.0956700969872035
TAGTGCGA	0.604432039727796
TAGTGGAA	0.250528275126397
TAGTGGCA	1.66125511113554
TAGTGGGA	0.0177925793383995
TAGTGTAA	1.94712124254232
TAGTGTCA	1.8605238592381
TAGTGTGA	0.650487830287558
TAGTTAAA	0.831923296614171
TAGTTACA	2.23973499597538
TAGTTAGA	1.11945485948288
TAGTTATA	2.434888306582
TAGTTCAA	1.62015182475291
TAGTTCCA	0.817574985611847
TAGTTCGA	1.51629969569888
TAGTTGAA	1.95341608503918
TAGTTGCA	0.650169509155275
TAGTTTAA	1.86069424806288
TAGTTTCA	0.784585800331302
TAGTTTGA	0.86332508683029
TATAAAAA	1.82368534619125
TATAAACA	2.11298985109832
TATAAAGA	0.758202761018256
TATAAATA	3.4289350260847
TATAACAA	0.851484326687474
TATAACCA	1.16823687123905
TATAACGA	2.47324656443501
TATAAGAA	1.96119670685983
TATAAGCA	1.58490912796446
TATAAGGA	0.825282623751372
TATAATAA	3.36047914025595
TATAATCA	4.13355765972587
TATAATGA	4.58450249169373
TATACAAA	2.30334251972584
TATACACA	0.936257117963611
TATACAGA	3.02998601420063
TATACATA	2.60977910165714
TATACCAA	2.23553703077848
TATACCCA	0.606545478709239
TATACCGA	2.1329284313682
TATACGAA	0.732845703837919
TATACGCA	1.29976749994606
TATACGGA	0.643236620861518
TATACTAA	2.05470452194053
TATACTCA	1.94932282335404
TATACTGA	1.44224708435386
TATAGAAA	1.02133475646167
TATAGACA	0.879909224833172
TATAGAGA	0.775333995923093
TATAGATA	1.85015091320526
TATAGCAA	0.771786146901116
TATAGCCA	0.362314853144363
TATAGCGA	0.13790350760138
TATAGGAA	0.231384655567824
TATAGTAA	2.75752614289676
TATAGTCA	1.30694348003925
TATAGTGA	1.18971793353882
TATATAAA	2.16586933513662
TATATACA	2.25184186584783
TATATAGA	1.42784600053595
TATATATA	2.75665061942975
TATATCAA	2.20399937863288
TATATCCA	1.51522374781525
TATATCGA	0.68726402649899
TATATGAA	2.48106480092208
TATATGCA	2.7300135407651
TATATGGA	2.05237746533857
TATATTAA	4.93297879677776
TATATTCA	1.18463012884515
TATATTGA	1.99851943856029
TATCAAAA	1.81880442216292
TATCAACA	1.80391771615908
TATCAAGA	2.53076668776687
TATCAATA	2.59862158105222
TATCACAA	1.88255735186268
TATCACCA	0.465560936938604
TATCACGA	1.55023430035644
TATCAGAA	0.754308800923875
TATCAGCA	0.438624625181351
TATCAGGA	1.02223413997828
TATCATAA	1.91045059196205
TATCATCA	2.00564152301203
TATCATGA	2.27861284149669
TATCCAAA	0.620531959077072
TATCCAGA	0.307050206265669
TATCCATA	0.625420462179986
TATCCCAA	0.390669293967129
TATCCCGA	0.360434681236047
TATCCGAA	0.787975892319467
TATCCGCA	0.572496907226547
TATCCGGA	0.137257040610509
TATCCTAA	1.00948108382142
TATCCTCA	0.554553588515982
TATCCTGA	0.269175605653333
TATCGAAA	1.2986556216348
TATCGACA	1.15072078776952
TATCGAGA	0.0943707067567482
TATCGATA	1.58738664323212
TATCGCAA	1.30019950719702
TATCGCCA	0.402915955659575
TATCGCGA	0.211165368832083
TATCGGAA	1.33700601970676
TATCGGCA	0.0643772208798373
TATCGGGA	0.824047234595131
TATCGTAA	1.50360839496452
TATCGTCA	1.12592823129203
TATCGTGA	0.803877632903848
TATCTAAA	1.49628785104141
TATCTACA	0.503083250936288
TATCTAGA	1.19651187213198
TATCTCAA	1.97555877247898
TATCTCCA	0.448717706867736
TATCTCGA	0.453212378799052
TATCTGAA	1.35871248929862
TATCTGCA	0.175941198670378
TATCTGGA	0.866346891935249
TATCTTAA	1.48799746627876
TATCTTCA	0.229092125861163
TATCTTGA	0.607911396372104
TATGAAAA	0.58550203778974
TATGAACA	1.17432034176712
TATGAAGA	1.51403018392242
TATGAATA	1.23781333727951
TATGACAA	1.60981733550589
TATGACCA	1.34699383646845
TATGACGA	1.64498031165804
TATGAGAA	0.550979072379748
TATGAGCA	0.33883544151415
TATGATAA	2.20991947799783
TATGATCA	1.59397931528926
TATGATGA	2.159790355912
TATGCAAA	1.69316638358719
TATGCACA	0.82172495000309
TATGCAGA	0.415346760793624
TATGCATA	0.890002867932488
TATGCGAA	0.187663500684602
TATGCGCA	0.698448775631096
TATGCGGA	0.713329586799153
TATGCTAA	1.73388285645987
TATGCTGA	0.758936247013542
TATGGAAA	2.10673121973555
TATGGACA	0.565954200920332
TATGGAGA	0.344791190600255
TATGGCAA	1.12962401262151
TATGGCCA	0.29753481848602
TATGGCGA	0.299086844535748
TATGGGAA	0.220831215277433
TATGGGCA	0.237074575630762
TATGGTAA	1.34545388079676
TATGGTCA	0.727474947026661
TATGGTGA	0.684039551325682
TATGTAAA	1.67134987706072
TATGTACA	2.04755212119047
TATGTAGA	1.1801472465854
TATGTCAA	2.15564600565008
TATGTCCA	1.79471671962119
TATGTCGA	1.4705392083412
TATGTGAA	1.89608207009418
TATGTGCA	0.939667140110852
TATGTGGA	1.54788843642126
TATGTTAA	2.37581250801636
TATGTTCA	1.04445009180567
TATGTTGA	1.16874972195218
TATTAAAA	2.30943216579616
TATTAACA	3.21636921269445
TATTAAGA	2.44858790494173
TATTAATA	5.32952047001064
TATTACAA	2.67930111064322
TATTACCA	1.62765230152063
TATTACGA	2.02978171766287
TATTAGAA	2.83181567049897
TATTAGCA	3.05084531167852
TATTAGGA	1.87075701345095
TATTATAA	2.28654055350545
TATTATCA	3.27296440822131
TATTATGA	2.30503293406323
TATTCAAA	1.62846185896817
TATTCACA	1.74314139782326
TATTCAGA	0.646190214295274
TATTCCAA	2.15795060573477
TATTCCCA	0.684324187682062
TATTCCGA	0.580849608824613
TATTCGAA	1.29089998268961
TATTCGCA	1.41413573533052
TATTCGGA	0.266480262168166
TATTCTAA	1.10401628456717
TATTCTCA	1.04131544270143
TATTCTGA	0.604480321239923
TATTGAAA	0.463321741460456
TATTGACA	1.66023053253516
TATTGAGA	1.53292060624879
TATTGCAA	1.94698678414517
TATTGCCA	0.321437535466746
TATTGCGA	0.348799959639171
TATTGGAA	1.25415606772175
TATTGGCA	1.72312983387226
TATTGTAA	1.9914116701383
TATTGTCA	2.25420625640975
TATTGTGA	1.29190322759859
TATTTAAA	2.02490640776385
TATTTACA	1.33578606940615
TATTTAGA	1.25415045359244
TATTTCAA	1.87958186332459
TATTTCCA	0.868192256241799
TATTTCGA	1.22918835040956
TATTTGAA	1.38329788440431
TATTTGCA	1.43481481925734
TATTTGGA	0.799937636949067
TATTTTAA	2.2596157507133
TATTTTCA	0.912636230274605
TATTTTGA	1.29257243181319
TCAAAAAA	0.756872773783021
TCAAAACA	0.474394488712685
TCAAACAA	1.27906371385025
TCAAACCA	0.861941484660077
TCAAACGA	1.50176218853857
TCAAAGAA	0.808586764575079
TCAAAGCA	1.14907949706365
TCAAAGGA	0.235531251481476
TCAAATAA	1.27565425311594
TCAAATCA	1.52059225897478
TCAAATGA	1.24906910514748
TCAACAAA	1.06917191025376
TCAACACA	0.868173448908587
TCAACAGA	1.06980602616014
TCAACCAA	0.731935372769141
TCAACCGA	0.264220013705079
TCAACGAA	0.876694574386167
TCAACGCA	0.858796449416606
TCAACGGA	0.405414804618642
TCAACTAA	1.93998961407073
TCAACTCA	0.235235948279394
TCAACTGA	0.889928761425501
TCAAGAAA	1.11881934004418
TCAAGACA	1.03727832230946
TCAAGAGA	0.504375342798631
TCAAGCAA	1.11442375749531
TCAAGGAA	0.0929391037808732
TCAAGTAA	1.87237107562963
TCAAGTCA	0.346648344578371
TCAAGTGA	0.491810359973902
TCAATAAA	2.11952413621056
TCAATACA	0.155036707451479
TCAATAGA	0.402577423661751
TCAATCAA	1.89401550909254
TCAATCCA	0.597542380229781
TCAATCGA	0.749543527959473
TCAATGAA	0.47678835345352
TCAATGCA	1.19649924034102
TCAATGGA	0.746601443490817
TCAATTAA	4.73367159188938
TCAATTCA	1.45869058841734
TCAATTGA	2.33230244439546
TCACAAAA	0.415985929416382
TCACAACA	0.518146521307151
TCACACAA	1.93811814406286
TCACACCA	0.1335236446146
TCACAGAA	0.897569591426151
TCACAGCA	0.160590484878476
TCACATAA	0.707305626041843
TCACATCA	0.880082982135537
TCACATGA	1.02997209441612
TCACCAAA	0.427852233847591
TCACCACA	0.134891246516259
TCACCCAA	0.807243864842415
TCACCTAA	0.702244488462427
TCACCTGA	0.117905136854269
TCACGAAA	0.208319566681217
TCACGCAA	0.515609496268728
TCACGCCA	0.289130466898236
TCACGGAA	0.142037471724068
TCACGTAA	1.87127014487054
TCACGTCA	0.187660693619943
TCACGTGA	0.705705599186454
TCACTAAA	0.907472354128685
TCACTAGA	0.583745938139334
TCACTCAA	1.55725504977401
TCACTCCA	0.353874851835415
TCACTCGA	0.257076595561929
TCACTGAA	1.11010368498576
TCACTGCA	0.0738721170874793
TCACTTAA	2.63727570352024
TCACTTCA	0.253601730221074
TCAGAACA	0.701994098294881
TCAGAAGA	0.572011846453544
TCAGACAA	1.16676203946744
TCAGAGAA	0.946411393659553
TCAGATAA	2.35521707461637
TCAGATCA	0.485349058542787
TCAGCAAA	0.380660424220503
TCAGCACA	0.215757726613518
TCAGCCAA	0.0662383047484749
TCAGCCGA	1.00961357727331
TCAGCGAA	0.291404189271684
TCAGCTAA	1.44545359431335
TCAGCTCA	0.64446639588844
TCAGGAAA	0.0395492953876434
TCAGGGCA	0.324559272073551
TCAGGTAA	0.226325202227202
TCAGGTCA	0.17588618020307
TCAGTAAA	1.49995219324672
TCAGTACA	1.16192546706071
TCAGTAGA	0.743779501389548
TCAGTCGA	0.138058738276999
TCAGTGAA	0.104749547625376
TCAGTTAA	2.18955983802916
TCAGTTCA	0.934042343947993
TCATAAAA	1.23322603221446
TCATAACA	1.03068929943638
TCATAAGA	1.47619207515065
TCATACAA	1.46006127809013
TCATACCA	0.509520411611339
TCATACGA	0.933113205546003
TCATAGAA	0.0264476018001943
TCATAGCA	1.20046478058419
TCATATAA	2.77757728645945
TCATATCA	1.83867619429392
TCATATGA	0.478818141908138
TCATCAAA	2.02600004015484
TCATCACA	1.01146062581865
TCATCAGA	1.43616950866157
TCATCCAA	0.329451985773454
TCATCCCA	0.533071122683881
TCATCCGA	0.321913894339307
TCATCGAA	0.186046070028329
TCATCGCA	0.84131938414583
TCATCTAA	1.24728774191514
TCATCTCA	0.597953615202262
TCATGAAA	0.792480388977088
TCATGACA	0.948541675028948
TCATGAGA	0.725232102364456
TCATGCAA	0.806356832410305
TCATGCCA	0.269387539035056
TCATGCGA	0.440189844434975
TCATGGAA	0.532140580749562
TCATGTAA	0.800847125898447
TCATGTCA	1.24182575550248
TCATTAAA	3.6087912378344
TCATTACA	5.1604268248684
TCATTAGA	5.25449773711961
TCATTCAA	0.626709746977671
TCATTCGA	0.899855664884098
TCATTGAA	1.47764332757913
TCATTGCA	0.279712764968705
TCATTGGA	0.377581074290041
TCATTTAA	2.70718284177748
TCATTTCA	0.665777630776368
TCCAAAAA	0.862638478814802
TCCAAACA	0.572961757134007
TCCAACAA	0.429242292266519
TCCAAGAA	0.588453666278236
TCCAAGCA	0.53512926249155
TCCAATAA	1.10023123858154
TCCAATCA	0.697816624669985
TCCACAAA	0.747940132626493
TCCACACA	0.0282227894902792
TCCACGAA	0.732499031352584
TCCACTAA	1.04518582345268
TCCACTCA	0.99694697870794
TCCAGAAA	0.645781505680985
TCCAGACA	0.519596931616238
TCCAGCAA	0.316182429719421
TCCAGTAA	0.679592880200028
TCCAGTCA	0.848960775559413
TCCATAAA	1.02541454423645
TCCATACA	0.879457006716674
TCCATCAA	1.46794548059668
TCCATCCA	0.104063781729285
TCCATGAA	0.243539245539469
TCCATGCA	0.186260529768244
TCCATGGA	0.399715340535864
TCCATTAA	4.07060642769259
TCCATTCA	1.08649542908772
TCCCAACA	0.466967276332552
TCCCACAA	0.344629503675921
TCCCATAA	0.420141788643407
TCCCATCA	0.997441583500781
TCCCCTAA	0.450560264109627
TCCCGAAA	0.343859245133607
TCCCGCAA	0.367274094276674
TCCCGTAA	1.28761627845201
TCCCTTAA	0.283655006575213
TCCGAACA	0.0817734426884461
TCCGACAA	0.708293712801663
TCCGACGA	0.45832628919405
TCCGAGAA	0.0067855173991818
TCCGATAA	1.71378371209152
TCCGCTAA	0.784149863189825
TCCGGTAA	0.12008931386511
TCCGTAAA	0.633597441530425
TCCGTAGA	0.261424738718067
TCCGTCAA	0.862270753344528
TCCGTCGA	0.331770901887905
TCCGTGAA	0.182380885703623
TCCGTTAA	0.958240364130802
TCCTAAAA	0.527009547260146
TCCTAACA	0.472892428413879
TCCTAAGA	0.219036939547669
TCCTACAA	0.593369397908338
TCCTATAA	1.54271052495205
TCCTATCA	0.905775202836108
TCCTCAAA	0.450121519903491
TCCTCGCA	0.01689937136404
TCCTCTAA	1.18166306150103
TCCTGACA	0.741413145882366
TCCTGCAA	1.04968442527452
TCCTGCCA	0.219834707323637
TCCTGTAA	0.380931586666521
TCCTGTCA	0.663637805387134
TCCTTAAA	0.551781331459169
TCCTTACA	0.618714104004177
TCCTTCAA	0.796964394062701
TCCTTCGA	0.136181092726876
TCCTTGAA	0.225224271468108
TCCTTTAA	0.337210151076832
TCGAAAAA	0.114729785312486
TCGAAACA	0.896259815056459
TCGAAAGA	0.5034259935311
TCGAACAA	1.00669030013787
TCGAACGA	0.819817830274051
TCGAAGCA	0.0737514133071601
TCGAATAA	1.02549651052448
TCGAATCA	1.15337458669774
TCGACAAA	0.50418362028245
TCGACACA	0.414452991406333
TCGACCAA	0.117265126112113
TCGACTAA	0.341207130444183
TCGACTCA	0.571223341990949
TCGAGAGA	0.751621878632684
TCGAGCGA	0.345935350155092
TCGAGTAA	1.23114880436711
TCGAGTCA	0.21847440379009
TCGATAAA	1.34256990256653
TCGATACA	0.366175970582238
TCGATAGA	0.424733023598979
TCGATCAA	1.28318448476904
TCGATCCA	0.195439631201795
TCGATGAA	0.367564064055905
TCGATGCA	0.500304256924295
TCGATTAA	3.49235896780648
TCGATTCA	0.574414132388356
TCGCAAAA	0.868937812615118
TCGCAACA	0.471753602281894
TCGCAAGA	0.179237815405413
TCGCACAA	0.348727256664514
TCGCATAA	0.731850318709987
TCGCATCA	0.198468453968402
TCGCCAAA	0.0705353593278267
TCGCCACA	0.487759484965108
TCGCCGAA	0.0590258328147239
TCGCCTAA	0.664019285474234
TCGCGAAA	0.295952756844445
TCGCGCAA	0.442479567076977
TCGCGCGA	1.2628164236064
TCGCGTAA	0.936398032609472
TCGCTAAA	1.87954368724523
TCGCTAGA	0.500451908525336
TCGCTCAA	0.492990169249903
TCGCTTAA	1.71349570725755
TCGCTTCA	0.560560987591806
TCGGAAAA	0.00538282718928995
TCGGAAGA	0.613376189849424
TCGGACAA	0.0871543049324743
TCGGACCA	0.309495159583291
TCGGATAA	0.695745010951954
TCGGCGAA	0.0590258328147239
TCGGCTAA	0.460782470770306
TCGGGCAA	0.204800630425223
TCGGGTAA	0.222523313853623
TCGGTACA	0.0318534469196846
TCGGTAGA	0.0532213845137153
TCGGTCAA	0.119600884614516
TCGGTTAA	0.95588355264346
TCGTAAAA	0.524578067852886
TCGTAACA	0.630788411926586
TCGTAAGA	1.01975213340716
TCGTACAA	0.844387505817657
TCGTACCA	0.600959420038668
TCGTAGAA	0.107076323520872
TCGTAGCA	0.879051947286442
TCGTATAA	0.810521954950703
TCGTATCA	0.920316920593408
TCGTCAAA	0.622238654389488
TCGTCACA	1.23643619135801
TCGTCAGA	0.293929986051473
TCGTCGAA	1.07685737258249
TCGTCTAA	0.605056330907863
TCGTCTCA	0.428951761074356
TCGTGAAA	0.479358221148448
TCGTGAGA	0.770523248511222
TCGTGCAA	0.20266950693643
TCGTGGAA	0.417717888310725
TCGTGTAA	1.80039344648023
TCGTTAAA	3.00422754677411
TCGTTACA	1.82478571553741
TCGTTAGA	1.11293124121634
TCGTTCAA	1.54939470731706
TCGTTGAA	0.875365148563865
TCGTTGCA	0.515375106369737
TCGTTTAA	2.59282723818399
TCGTTTCA	0.261924957640225
TCTAAAAA	0.34782282043152
TCTAAACA	1.3498562003008
TCTAAAGA	1.20315507135297
TCTAACAA	0.357448806558718
TCTAACCA	0.33154689812815
TCTAAGAA	1.4304798693051
TCTAAGCA	1.23971540429216
TCTAATAA	2.50595251689151
TCTAATCA	3.19448056460625
TCTACAAA	0.815071926055793
TCTACACA	0.579245652078701
TCTACAGA	0.763245371970926
TCTACCAA	0.325973471248544
TCTACCCA	0.178852686134256
TCTACGAA	0.196106589764674
TCTACTAA	0.88302731225592
TCTACTCA	0.730841459671694
TCTAGAAA	0.430390943124809
TCTAGACA	1.1395986361793
TCTAGAGA	0.301258109049158
TCTAGCAA	0.444715955490466
TCTAGCCA	0.144998924938868
TCTAGGAA	0.157755068866846
TCTAGTAA	1.21678365097684
TCTAGTCA	0.851550012000485
TCTATAAA	1.46061342770847
TCTATACA	0.51918681946962
TCTATAGA	0.468332351876018
TCTATCAA	1.20581504582344
TCTATCCA	0.0330829412401416
TCTATGAA	0.7565909444913
TCTATGCA	1.14715328929494
TCTATTAA	3.26085416987127
TCTATTCA	0.649134825122123
TCTCAAAA	1.2138923743785
TCTCAACA	1.18723620767418
TCTCAAGA	0.618262166594146
TCTCACAA	0.983683598196157
TCTCATAA	1.11487794055707
TCTCATCA	2.24759253136767
TCTCCAAA	0.102918218642119
TCTCCACA	0.177250694333605
TCTCCAGA	0.0969116616856932
TCTCCGAA	0.537518074516001
TCTCCTAA	0.696554006986556
TCTCGAAA	0.276626678083064
TCTCGGCA	0.258809677282135
TCTCGTAA	0.959664668738565
TCTCTACA	0.539449896414034
TCTCTCAA	0.324534850611022
TCTCTGCA	0.571425731352833
TCTCTTAA	0.470936746466248
TCTGAAAA	0.835760273295982
TCTGAACA	0.585683935579616
TCTGAAGA	0.314436996914718
TCTGATAA	1.62063014857073
TCTGATCA	1.62435035136275
TCTGCAGA	0.637452383426051
TCTGCCAA	0.672059560775801
TCTGCTAA	1.37931381753439
TCTGCTCA	0.33389921831204
TCTGGAAA	0.132056111211095
TCTGGCAA	0.41317100497676
TCTGGTAA	1.12859438130475
TCTGGTCA	0.0247119937217957
TCTGTAAA	1.29526328399491
TCTGTACA	0.185702485314119
TCTGTCAA	0.0249138216707472
TCTGTCCA	0.127236381192316
TCTGTGAA	0.723892851815849
TCTGTGCA	1.10093637322377
TCTGTTAA	1.08740940934055
TCTGTTCA	0.551740909728086
TCTTAAAA	0.662276379027723
TCTTAACA	0.771513300216302
TCTTAAGA	0.479731841454505
TCTTACAA	0.327681570093288
TCTTAGAA	1.42066833620397
TCTTAGCA	0.703000150268516
TCTTATAA	1.02069418430658
TCTTATCA	0.770607741157445
TCTTCAAA	1.20916780385165
TCTTCACA	1.30372658394052
TCTTCCAA	0.367191566575711
TCTTCGAA	0.157514503425606
TCTTCGCA	0.497320347192226
TCTTCTAA	1.15794476866838
TCTTCTCA	0.914313170701641
TCTTGAAA	0.274777383885992
TCTTGACA	1.13383994303223
TCTTGCAA	0.35532273578631
TCTTGCCA	0.175941198670378
TCTTGGCA	0.737158758685825
TCTTGTAA	1.6904687944503
TCTTGTCA	0.578151458274786
TCTTTAAA	1.0526279132755
TCTTTACA	1.71216515860938
TCTTTCAA	0.444368440885734
TCTTTCCA	0.194904885384336
TCTTTGAA	0.975197841733274
TCTTTGCA	0.749524439919794
TCTTTTAA	1.9545759641561
TCTTTTCA	0.422924712545922
TGAAAAAA	0.738699837183384
TGAAAACA	1.15829593245716
TGAAACAA	0.701879850763276
TGAAACCA	1.19113353624615
TGAAAGAA	1.92532242052319
TGAAAGCA	0.676987643490401
TGAAATAA	2.09330531018004
TGAAATCA	0.329617321881844
TGAACAAA	0.411712173473697
TGAACACA	0.598620012352209
TGAACCAA	0.907730042664342
TGAACGAA	0.550622575168109
TGAACGCA	0.204933685290039
TGAACTAA	1.23803228832288
TGAACTCA	0.082136115442334
TGAAGAAA	1.13563113099087
TGAAGACA	1.81551734944772
TGAAGCAA	0.565402332008455
TGAAGCCA	0.570805931476218
TGAAGGCA	0.187332828467821
TGAAGTAA	0.649492445159625
TGAAGTCA	0.818354226761068
TGAATAAA	0.330693550471943
TGAATACA	1.61944107598136
TGAATCAA	0.949591517211256
TGAATCCA	0.343076916213262
TGAATGAA	0.752033955724563
TGAATGCA	0.504370570788712
TGAATTAA	3.4633041643514
TGAATTCA	0.244976181938195
TGACAAAA	1.18392808197404
TGACAACA	0.754988110571251
TGACACAA	1.29291882359206
TGACAGAA	0.26008745311472
TGACAGCA	0.388689190556968
TGACATAA	1.19483605453081
TGACATCA	0.731656350542079
TGACCAAA	0.446277244853568
TGACCTAA	1.78251525166975
TGACCTCA	0.317904002474528
TGACGAAA	1.21378037249862
TGACGCAA	0.0715122178290125
TGACGGAA	0.460255865440356
TGACGTAA	1.22234248112022
TGACGTCA	0.447535371233543
TGACTAAA	1.03099891866822
TGACTACA	0.550778647963125
TGACTCAA	0.700487265986156
TGACTCCA	0.366212743129265
TGACTGAA	0.862153137335334
TGACTGCA	1.24684759417668
TGACTTAA	1.25576451577112
TGAGAAAA	1.7392185249629
TGAGAACA	0.781625469942365
TGAGACCA	0.226621066842217
TGAGAGAA	0.11079961408401
TGAGAGCA	0.863789936737751
TGAGATAA	1.36506094673046
TGAGATCA	1.46052135598767
TGAGCAAA	0.636119589126158
TGAGCCAA	0.259682674390953
TGAGCGAA	0.0487901522436833
TGAGCTAA	0.890429541760591
TGAGGACA	0.397791378418875
TGAGGCAA	0.378616600442591
TGAGGGAA	0.266318855950298
TGAGGTAA	0.737172232596186
TGAGTAAA	0.775936111292359
TGAGTACA	0.544775459484289
TGAGTCAA	0.223135253949193
TGAGTCCA	0.267962953720827
TGAGTGCA	0.191346930929588
TGAGTTAA	2.58424772576151
TGATAAAA	1.54195261749423
TGATAACA	1.20025144367014
TGATACAA	1.7978811236108
TGATACCA	0.947137861993193
TGATAGAA	0.704373647005958
TGATAGCA	0.839991642562323
TGATATAA	2.64118117257973
TGATATCA	1.97085525493706
TGATCAAA	1.24020551778155
TGATCACA	0.61521706285252
TGATCCAA	0.350852485317524
TGATCCCA	0.330621970323149
TGATCGAA	0.789264054291289
TGATCGCA	0.659633246945206
TGATCTAA	1.41453995264136
TGATGAAA	1.21032543731685
TGATGACA	2.03029877897298
TGATGCAA	0.498877987371271
TGATGGAA	1.22077277056314
TGATGGCA	0.533921101862498
TGATGTAA	0.839064188399129
TGATTAAA	2.47744677528364
TGATTACA	2.8386410482163
TGATTCAA	1.03939681400729
TGATTCCA	1.43073503148256
TGATTGAA	1.6383752885164
TGATTGCA	2.52888904221675
TGATTTAA	2.78983433429113
TGCAAAAA	1.1726293660168
TGCAACAA	1.6410818602602
TGCAAGAA	0.530953473105449
TGCAATAA	1.5998640456395
TGCACAAA	0.222042744384075
TGCACACA	0.318652927325437
TGCACGAA	0.277547956704009
TGCACTAA	1.23444261403749
TGCAGCAA	0.210545007542538
TGCAGTAA	1.75973872903004
TGCATAAA	1.02036800339325
TGCATCAA	1.90945071553066
TGCATCCA	0.324737520679371
TGCATGAA	0.550756191445857
TGCATTAA	2.26136988541844
TGCCAAAA	0.0331407667721085
TGCCAACA	0.721869800316411
TGCCAGAA	0.000687450134886257
TGCCAGCA	0.588930305857262
TGCCATAA	1.58429606504302
TGCCCAAA	0.778200289645968
TGCCGTAA	0.153394013213279
TGCCTAAA	0.974355160922769
TGCCTCAA	0.274664539886718
TGCCTGAA	0.455924003259238
TGCCTTAA	0.248493153248928
TGCGAAAA	0.567865811952824
TGCGAACA	0.243444366754008
TGCGAGAA	0.188987031671122
TGCGATAA	1.34631368470168
TGCGCAAA	0.189687675009902
TGCGCACA	0.197854268221105
TGCGCCAA	0.657955183692308
TGCGCTAA	0.777856704931758
TGCGGAAA	0.436469360936495
TGCGGTAA	0.58011584212286
TGCGTAAA	0.781284411586348
TGCGTGAA	0.00238825061151897
TGCGTTAA	1.9798906346601
TGCTAACA	0.86266907581958
TGCTACAA	0.590710546263733
TGCTAGAA	0.700274490485036
TGCTATAA	2.21090251204126
TGCTCAAA	0.82806330200216
TGCTCACA	0.485370672940657
TGCTCTAA	0.564547861526384
TGCTGAAA	0.383150851985593
TGCTGTAA	0.357317435932696
TGCTTAAA	1.62254681231961
TGCTTACA	1.18953322868429
TGCTTCAA	0.827383430941852
TGCTTGAA	0.337386154030926
TGCTTTAA	0.292069463595767
TGGAAAAA	1.10775641751826
TGGAACAA	0.597023073267944
TGGAAGAA	0.0312881040974471
TGGAATAA	1.63445381918837
TGGACAAA	0.684599841431534
TGGACTAA	2.27565587958535
TGGAGAAA	0.345264461701692
TGGAGTAA	0.991599520533348
TGGATAAA	1.43751296980716
TGGATACA	0.0907872080136072
TGGATCAA	0.487224458441183
TGGATCCA	0.308391421759538
TGGATGAA	0.844540210135083
TGGATTAA	1.49915947818714
TGGCAAAA	0.813965381167382
TGGCACAA	0.342782455130577
TGGCATAA	1.30420659199714
TGGCCAAA	0.319949229784768
TGGCCACA	0.198901303338755
TGGCGAAA	0.783911824106778
TGGCGCAA	0.174208678363103
TGGCGTAA	0.85630770589031
TGGCTAAA	0.449872813974741
TGGCTCAA	0.213584777861313
TGGCTTAA	1.21791349450192
TGGGAAAA	0.595613646102871
TGGGACAA	0.120150788581132
TGGGATAA	0.930577022626978
TGGGCAAA	0.0500252606934579
TGGGCACA	0.5003255906157
TGGGCTAA	0.382530490696047
TGGGGAAA	0.28107391062165
TGGGGACA	0.537988819259244
TGGGGTAA	0.119980961169288
TGGGTAAA	1.24726416257201
TGGGTCAA	1.1038523519911
TGGGTGAA	0.349752958090758
TGGGTTAA	1.00869707066228
TGGTAAAA	1.00540466452424
TGGTAACA	0.759866788947861
TGGTACAA	0.569187097287617
TGGTAGAA	0.318115093736853
TGGTATAA	1.7910571494258
TGGTCACA	0.258053173356648
TGGTCCAA	0.453792037651048
TGGTCTAA	0.45438348617461
TGGTGACA	0.871438065106513
TGGTGCAA	0.0289548719532365
TGGTGTAA	1.45700663032866
TGGTTAAA	1.8339423604537
TGGTTACA	0.487806362944906
TGGTTCAA	0.583928397342141
TGGTTTAA	1.47335076430323
TGTAAAAA	0.794049538121234
TGTAAACA	1.29526328399491
TGTAACAA	2.09104337747815
TGTAAGAA	1.74376035558048
TGTAATAA	2.52342509085883
TGTACAAA	2.34468412589798
TGTACACA	0.210510199940772
TGTACCAA	0.353070347104267
TGTACGAA	1.48457060174357
TGTACTAA	0.935666511559446
TGTAGAAA	0.987236219228054
TGTAGACA	1.42384312633282
TGTAGCAA	1.08009840943728
TGTAGGAA	0.615328222612999
TGTAGTAA	0.497610597677923
TGTATAAA	1.15526654827763
TGTATACA	1.93319146488059
TGTATCAA	1.98380396350062
TGTATGAA	1.04549123208753
TGTATTAA	2.57484293632941
TGTCAAAA	0.456109830939636
TGTCAACA	0.0648796854537231
TGTCACAA	0.271270237301565
TGTCAGAA	0.799782686979914
TGTCATAA	1.93837358694679
TGTCCAAA	0.977014573980306
TGTCCACA	0.133946949965114
TGTCCTAA	0.86181657028277
TGTCGAAA	0.961256274399979
TGTCGGAA	0.25784432774605
TGTCGTAA	1.23413187197978
TGTCTAAA	1.86520435884982
TGTCTCAA	1.6305317884474
TGTCTGAA	0.541291330830062
TGTCTTAA	1.33463489218966
TGTGAAAA	0.64376771749492
TGTGAACA	0.608546915810805
TGTGACAA	0.206848945506587
TGTGAGAA	0.944317884837185
TGTGATAA	1.65372544089537
TGTGCAAA	0.60662407651968
TGTGCACA	0.250683786508483
TGTGCCAA	0.0331407667721085
TGTGCTAA	1.79764617229888
TGTGGAAA	0.686515663061014
TGTGGCAA	0.0993911418986154
TGTGGGAA	0.200242518832623
TGTGGTAA	1.48016856294599
TGTGTAAA	1.55833605037403
TGTGTCAA	0.559391283748575
TGTGTGAA	0.967286972112469
TGTGTTAA	1.30657631598191
TGTTAAAA	1.09618008286628
TGTTAACA	1.1157565517952
TGTTACAA	0.973697184966798
TGTTAGAA	1.51637464432527
TGTTATAA	1.50812215493551
TGTTCAAA	0.551656136375397
TGTTCCAA	0.00435207304666021
TGTTCGAA	1.61310047833056
TGTTCTAA	1.88708458574404
TGTTGAAA	0.178295764505994
TGTTGCAA	1.2322531036038
TGTTGGAA	0.701260331593129
TGTTGTAA	2.08402880360283
TGTTTAAA	1.56620284907969
TGTTTCAA	0.967027037925085
TGTTTGAA	0.626034367220817
TGTTTTAA	2.03454193791089
TTAAAAAA	0.579647623737809
TTAAACAA	1.63352243513465
TTAAAGAA	0.664676138604342
TTAAATAA	2.33639121477714
TTAACAAA	2.42168162877632
TTAACCAA	1.61728721526883
TTAACGAA	2.87531057597071
TTAACTAA	1.47619207515065
TTAAGAAA	0.63544112159818
TTAAGCAA	2.73099545198267
TTAAGGAA	1.25919755584856
TTAAGTAA	2.94803825279688
TTAATAAA	3.55865790515158
TTAATCAA	2.23588342255735
TTAATGAA	4.8395142104928
TTAATTAA	7.80954974478017
TTACAAAA	0.746426001949656
TTACACAA	2.0301769523668
TTACAGAA	1.88557270071893
TTACATAA	1.95841939708663
TTACCAAA	3.00725215894373
TTACCCAA	1.01356199442207
TTACCGAA	0.544284223169038
TTACCTAA	1.86479958012605
TTACGAAA	1.26364366556128
TTACGCAA	1.68208465372806
TTACGGAA	0.545380101211747
TTACGTAA	2.78270270581955
TTACTAAA	2.07492100161161
TTACTCAA	1.25149749678361
TTACTGAA	1.91144653850291
TTAGAAAA	1.46390892161764
TTAGACAA	1.34709180302504
TTAGAGAA	0.00422940432108049
TTAGATAA	1.98833147808844
TTAGCAAA	1.9696981828848
TTAGCCAA	0.84840525746348
TTAGCGAA	1.76345808970266
TTAGCTAA	0.813713587467507
TTAGGAAA	0.0435771524662375
TTAGGCAA	1.86301007640621
TTAGGGAA	0.183055423341079
TTAGTAAA	1.60032833413403
TTAGTCAA	1.58181546200424
TTAGTGAA	2.30925251365801
TTATAAAA	1.51095027257903
TTATACAA	2.32753885566985
TTATAGAA	1.45533642685681
TTATATAA	3.39153313516087
TTATCAAA	1.54435518413551
TTATCCAA	1.91310270665147
TTATCGAA	2.25679437002496
TTATGAAA	2.12053215312945
TTATGCAA	1.79423755368397
TTATGGAA	1.83204731110269
TTATTAAA	3.2228195665734
TTATTCAA	0.723282315252608
TTATTGAA	0.860906239213993
TTCAAAAA	0.968572607726097
TTCAACAA	1.64257185018098
TTCAAGAA	0.300666941232062
TTCACAAA	0.436219251475415
TTCACCAA	0.367132898924347
TTCACGAA	0.705879075782354
TTCAGAAA	0.277755679488744
TTCAGCAA	0.731588980990273
TTCAGGAA	0.547300975557612
TTCATAAA	1.5596073699579
TTCATCAA	1.73232549698729
TTCATGAA	0.0148872674167706
TTCCAAAA	0.591498489313396
TTCCACAA	0.407023252668007
TTCCAGAA	0.955666285838886
TTCCCAAA	0.506242882915984
TTCCGCAA	0.447386316100172
TTCCTAAA	0.191613602072153
TTCGAAAA	0.028645533427861
TTCGACAA	0.510311442432127
TTCGAGAA	0.000812083805727127
TTCGCAAA	0.255299442926583
TTCGCCAA	0.75548496101582
TTCGGCAA	0.276912717971773
TTCGTAAA	0.605352476229343
TTCGTCAA	1.57094117422337
TTCTACAA	1.35039684095405
TTCTAGAA	0.110409151390001
TTCTCAAA	0.598436711030004
TTCTCCAA	0.207675626048539
TTCTGAAA	1.0992277129661
TTCTGCAA	0.766512795233511
TTCTTAAA	0.640939599851403
TTCTTCAA	0.779649577129192
TTGAAAAA	0.388316973783241
TTGAACAA	1.13042262251688
TTGACAAA	1.78204029632951
TTGACCAA	0.581398670671831
TTGAGAAA	1.25251393489649
TTGAGCAA	0.806202724560548
TTGATAAA	0.595036794315533
TTGATCAA	1.237020060807
TTGCAAAA	0.528594977379311
TTGCACAA	0.281171596471768
TTGCCAAA	1.2055169355567
TTGCCCAA	0.709938091278658
TTGCGAAA	0.622353463334024
TTGCGCAA	0.127976884849249
TTGCTAAA	0.810029595809589
TTGGAAAA	1.42299876128352
TTGGACAA	0.724930062207193
TTGGCAAA	0.337150079893139
TTGGGAAA	0.453388101046679
TTGGTAAA	2.11099402812607
TTGTAAAA	0.689145040526704
TTGTACAA	1.69360821556445
TTGTCAAA	0.595286903776613
TTGTGAAA	0.646294075687641
TTGTTAAA	1.85292934580432
TTTAAAAA	0.269895056325327
TTTACAAA	1.32053809418075
TTTAGAAA	1.31950453297346
TTTATAAA	2.13285516698061
TTTCAAAA	0.607639111100222
TTTCCAAA	2.08519373543614
TTTCGAAA	0.102562844256344
TTTGAAAA	0.174843636388874
TTTGCAAA	0.884323334008786
TTTTAAAA	0.459414307455715
