Pos	A	C	G	T
1	0.142857142857141	0.0952380952380955	0.619047619047623	0.142857142857141
2	0.14285714285714	0.0476190476190481	0.523809523809521	0.285714285714291
3	0.285714285714291	0.14285714285714	0.523809523809521	0.0476190476190481
4	0.190476190476191	0.0952380952380955	0.571428571428573	0.142857142857141
5	0.142857142857141	0.0952380952380955	0.428571428571432	0.333333333333332
6	0.190476190476191	0.0952380952380955	0.571428571428573	0.142857142857141
7	0.238095238095238	0.0476190476190476	0.428571428571427	0.285714285714288
8	0.142857142857141	0.0	0.523809523809525	0.333333333333333
9	0.380952380952378	0.0952380952380945	0.285714285714289	0.238095238095239
10	0.19047619047619	0.23809523809524	0.33333333333333	0.23809523809524
11	0.190476190476189	0.0952380952380945	0.285714285714289	0.428571428571428
12	0.23809523809524	0.14285714285714	0.42857142857143	0.19047619047619
13	0.142857142857141	0.142857142857141	0.380952380952384	0.333333333333333
14	0.38095238095238	0.19047619047619	0.28571428571429	0.14285714285714
15	0.23809523809524	0.19047619047619	0.38095238095238	0.19047619047619
16	0.0952380952380945	0.190476190476189	0.238095238095239	0.476190476190478
17	0.428571428571427	0.0476190476190476	0.238095238095238	0.285714285714288
18	0.190476190476191	0.0952380952380955	0.333333333333332	0.380952380952382
19	0.0952380952380955	0.238095238095241	0.333333333333332	0.333333333333332
20	0.0	0.19047619047619	0.52380952380952	0.28571428571429
21	0.19047619047619	0.0476190476190481	0.523809523809521	0.23809523809524
22	0.33333333333333	0.28571428571429	0.14285714285714	0.23809523809524
23	0.476190476190477	0.0476190476190477	0.0476190476190477	0.428571428571427
24	0.571428571428568	0.0952380952380947	0.0476190476190479	0.285714285714289
25	0.285714285714291	0.0476190476190481	0.14285714285714	0.523809523809521
26	0.19047619047619	0.14285714285714	0.0476190476190481	0.619047619047621
27	0.380952380952381	0.0476190476190482	0.0476190476190482	0.523809523809522
28	0.0952380952380952	0.0476190476190481	0.0952380952380952	0.761904761904762
29	0.0	0.0476190476190481	0.0	0.952380952380952
30	0.0476190476190483	0.523809523809524	0.0952380952380957	0.333333333333332
